in_gene	out_gene	branch_support	ev_type	sos
Adig_XM_015907002.1	Xentro_ENSXETT00000022650	100.0	S	0.0
Adig_XM_015907002.1	Ctel_gnl_WGS_AMQN_CAPTEDRAFT_mRNA80939	100.0	S	0.0
Adig_XM_015907002.1	Cgig_XM_034459058.1	100.0	S	0.0
Adig_XM_015907002.1	Xesp_014794-T1	100.0	S	0.0
Adig_XM_015907002.1	Drer_ENSDART00000190008	100.0	S	0.0
Adig_XM_015907002.1	Dgig_XM_028562905.1	100.0	S	0.0
Adig_XM_015907002.1	Gfas_gfas1.m1.11375.m1	100.0	S	0.0
Adig_XM_015907002.1	Mmus_ENSMUST00000032717	100.0	S	0.0
Adig_XM_015907002.1	Spur_XM_030998581.1	100.0	S	0.0
Adig_XM_015907002.1	Drer_ENSDART00000131806	100.0	S	0.0
Adig_XM_015907002.1	Xesp_021545-T1	100.0	S	0.0
Adig_XM_015907002.1	Spur_XM_001198056.3	100.0	S	0.0
Adig_XM_015907002.1	Gfas_gfas1.m1.4174.m1	100.0	S	0.0
Adig_XM_015907002.1	Dmel_FBtr0083571	100.0	S	0.0
Adig_XM_015907002.1	Spis_XP_022803778_1	100.0	S	0.0
Adig_XM_015907002.1	Xesp_010138-T1	100.0	S	0.0
Adig_XM_015907002.1	Gasp_gasp1.m3.22638.m1	100.0	S	0.0
Adig_XM_015907002.1	Mmus_ENSMUST00000048572	100.0	S	0.0
Adig_XM_015907002.1	Exapal_XM_021051229.2	100.0	S	0.0
Adig_XM_015907002.1	Spur_XM_011676188.2	100.0	S	0.0
Adig_XM_015907002.1	Exapal_XM_021051225.2	100.0	S	0.0
Adig_XM_015907002.1	Gasp_gasp1.m3.28194.m1	100.0	S	0.0
Adig_XM_015907002.1	Xesp_009987-T1	100.0	S	0.0
Adig_XM_015907002.1	Hhon_g08608.t1	100.0	S	0.0
Adig_XM_015907002.1	Aaur_scaffold304.g16.t1	100.0	S	0.0
Adig_XM_015907002.1	Ctel_gnl_WGS_AMQN_CAPTEDRAFT_mRNA99816	100.0	S	0.0
Adig_XM_015907002.1	Hvul_g24677_1	100.0	S	0.0
Adig_XM_015907002.1	Gasp_gasp1.m3.30352.m1	100.0	S	0.0
Adig_XM_015907002.1	Cgig_XM_020071785.2	100.0	S	0.0
Adig_XM_015907002.1	Hsap_ENST00000318579	100.0	S	0.0
Adig_XM_015907002.1	Exapal_XM_021046966.2	100.0	S	0.0
Adig_XM_015907002.1	Drer_ENSDART00000057810	100.0	S	0.0
Adig_XM_015907002.1	Drer_ENSDART00000051474	100.0	S	0.0
Adig_XM_015907002.1	Ctel_gnl_WGS_AMQN_CAPTEDRAFT_mRNA110019	100.0	S	0.0
Adig_XM_015907002.1	Fspp_ffun1.m4.29381.m1	100.0	S	0.0
Adig_XM_015907002.1	Xentro_ENSXETT00000102628	100.0	S	0.0
Adig_XM_015907002.1	Nvec_v1g47299	100.0	S	0.0
Adig_XM_015907002.1	Xentro_ENSXETT00000016491	100.0	S	0.0
Adig_XM_015907002.1	Skow_NM_001164898.1	100.0	S	0.0
Adig_XM_015907002.1	Spis_XP_022789944_1	100.0	S	0.0
Adig_XM_015907002.1	Exapal_XM_021049432.2	100.0	S	0.0
Adig_XM_015907002.1	Nvec_v1g100892	100.0	S	0.0
Adig_XM_015907002.1	Dgig_XM_028540476.1	100.0	S	0.0
Adig_XM_015907002.1	Xentro_ENSXETT00000063234	100.0	S	0.0
Adig_XM_015907002.1	Mmus_ENSMUST00000054244	100.0	S	0.0
Adig_XM_015907002.1	Exapal_XM_021051250.2	100.0	S	0.0
Adig_XM_015907002.1	Dmel_FBtr0079227	100.0	S	0.0
Adig_XM_015907002.1	Drer_ENSDART00000009827	100.0	S	0.0
Adig_XM_015907002.1	Fspp_ffun1.m4.31229.m1	100.0	S	0.0
Adig_XM_015907002.1	Bflo_XM_035802104.1	100.0	S	0.0
Adig_XM_015907002.1	Galgal_ENSGALT00000074298	100.0	S	0.0
Adig_XM_015907002.1	Galgal_ENSGALT00000006317	100.0	S	0.0
Adig_XM_015907002.1	Cgig_XM_011427836.3	100.0	S	0.0
Adig_XM_015907002.1	Hsap_ENST00000366903	100.0	S	0.0
Adig_XM_015907002.1	Mmus_ENSMUST00000055562	100.0	S	0.0
Adig_XM_015907002.1	Nvec_v1g68616	100.0	S	0.0
Adig_XM_015907002.1	Mmus_ENSMUST00000037746	100.0	S	0.0
Hhon_g09133.t1	Drer_ENSDART00000082332	98.0	S	0.0
Spur_XM_011676188.2	Spis_XP_022789944_1	100.0	S	0.0
Spur_XM_011676188.2	Exapal_XM_021046966.2	100.0	S	0.0
Spur_XM_011676188.2	Cgig_XM_034459058.1	100.0	S	0.0
Spur_XM_011676188.2	Nvec_v1g100892	100.0	S	0.0
Spur_XM_011676188.2	Ctel_gnl_WGS_AMQN_CAPTEDRAFT_mRNA80939	100.0	S	0.0
Spur_XM_011676188.2	Gasp_gasp1.m3.28194.m1	100.0	S	0.0
Spur_XM_011676188.2	Gfas_gfas1.m1.4174.m1	100.0	S	0.0
Spur_XM_011676188.2	Ctel_gnl_WGS_AMQN_CAPTEDRAFT_mRNA99816	100.0	S	0.0
Spur_XM_011676188.2	Nvec_v1g47299	100.0	S	0.0
Spur_XM_011676188.2	Gasp_gasp1.m3.30352.m1	100.0	S	0.0
Spur_XM_011676188.2	Gasp_gasp1.m3.22638.m1	100.0	S	0.0
Xesp_009987-T1	Spis_XP_022789944_1	100.0	S	0.0
Xesp_009987-T1	Exapal_XM_021046966.2	100.0	S	0.0
Xesp_009987-T1	Cgig_XM_034459058.1	100.0	S	0.0
Xesp_009987-T1	Nvec_v1g100892	100.0	S	0.0
Xesp_009987-T1	Ctel_gnl_WGS_AMQN_CAPTEDRAFT_mRNA80939	100.0	S	0.0
Xesp_009987-T1	Gasp_gasp1.m3.28194.m1	100.0	S	0.0
Xesp_009987-T1	Gfas_gfas1.m1.4174.m1	100.0	S	0.0
Xesp_009987-T1	Ctel_gnl_WGS_AMQN_CAPTEDRAFT_mRNA99816	100.0	S	0.0
Xesp_009987-T1	Nvec_v1g47299	100.0	S	0.0
Xesp_009987-T1	Gasp_gasp1.m3.30352.m1	100.0	S	0.0
Xesp_009987-T1	Gasp_gasp1.m3.22638.m1	100.0	S	0.0
Exapal_XM_021051229.2	Dgig_XM_028540476.1	100.0	S	0.0
Spis_XP_022803778_1	Drer_ENSDART00000051474	99.0	S	0.0
Spis_XP_022803778_1	Gfas_gfas1.m1.11375.m1	99.0	S	0.0
Spis_XP_022803778_1	Exapal_XM_021051225.2	99.0	S	0.0
Spis_XP_022803778_1	Fspp_ffun1.m4.31229.m1	99.0	S	0.0
Spis_XP_022803778_1	Xesp_021545-T1	99.0	S	0.0
Spur_XM_011676188.2	Xesp_009987-T1	100.0	S	0.0
Cgig_XM_020071785.2	Exapal_XM_021051250.2	7.0	S	0.0
Xesp_010138-T1	Dmel_FBtr0079227	100.0	S	0.0
Dmel_FBtr0089320	Gasp_gasp1.m3.13464.m1	23.0	S	0.0
Dmel_FBtr0089320	Exapal_XM_021044596.2	23.0	S	0.0
Bflo_XM_035815783.1	Hsap_ENST00000343035	69.0	S	0.0
Bflo_XM_035815783.1	Gasp_gasp1.m1b.1230.m1	69.0	S	0.0
Bflo_XM_035815783.1	Xentro_ENSXETT00000036924	69.0	S	0.0
Bflo_XM_035815783.1	Hsap_ENST00000382438	69.0	S	0.0
Bflo_XM_035815783.1	Hsap_ENST00000242159	69.0	S	0.0
Bflo_XM_035815783.1	Spur_XM_030978838.1	69.0	S	0.0
Bflo_XM_035815783.1	Gasp_gasp1.m3.14269.m1	69.0	S	0.0
Bflo_XM_035815783.1	Mmus_ENSMUST00000067375	69.0	S	0.0
Bflo_XM_035815783.1	Xentro_ENSXETT00000065382	69.0	S	0.0
Xesp_021545-T1	Fspp_ffun1.m4.31229.m1	99.0	S	0.0
Xesp_021545-T1	Gfas_gfas1.m1.11375.m1	99.0	S	0.0
Xesp_021545-T1	Exapal_XM_021051225.2	99.0	S	0.0
Xesp_021545-T1	Drer_ENSDART00000051474	99.0	S	0.0
Ctel_gnl_WGS_AMQN_CAPTEDRAFT_mRNA80939	Spis_XP_022789944_1	99.0	S	0.0
Ctel_gnl_WGS_AMQN_CAPTEDRAFT_mRNA80939	Gasp_gasp1.m3.30352.m1	99.0	S	0.0
Ctel_gnl_WGS_AMQN_CAPTEDRAFT_mRNA80939	Gasp_gasp1.m3.22638.m1	99.0	S	0.0
Nvec_v1g100892	Spis_XP_022789944_1	99.0	S	0.0
Nvec_v1g100892	Gasp_gasp1.m3.30352.m1	99.0	S	0.0
Nvec_v1g100892	Gasp_gasp1.m3.22638.m1	99.0	S	0.0
Exapal_XM_021046966.2	Cgig_XM_034459058.1	100.0	S	0.0
Exapal_XM_021046966.2	Gfas_gfas1.m1.4174.m1	100.0	S	0.0
Exapal_XM_021046966.2	Ctel_gnl_WGS_AMQN_CAPTEDRAFT_mRNA99816	100.0	S	0.0
Exapal_XM_021046966.2	Gasp_gasp1.m3.28194.m1	100.0	S	0.0
Nvec_v1g47299	Cgig_XM_034459058.1	100.0	S	0.0
Nvec_v1g47299	Gfas_gfas1.m1.4174.m1	100.0	S	0.0
Nvec_v1g47299	Ctel_gnl_WGS_AMQN_CAPTEDRAFT_mRNA99816	100.0	S	0.0
Nvec_v1g47299	Gasp_gasp1.m3.28194.m1	100.0	S	0.0
Drer_ENSDART00000190008	Exapal_XM_021049432.2	100.0	S	0.0
Hvul_g24677_1	Xesp_014794-T1	100.0	S	0.0
Hvul_g24677_1	Dgig_XM_028562905.1	100.0	S	0.0
Hvul_g24677_1	Mmus_ENSMUST00000032717	100.0	S	0.0
Hvul_g24677_1	Spur_XM_001198056.3	100.0	S	0.0
Hvul_g24677_1	Hhon_g08608.t1	100.0	S	0.0
Hvul_g24677_1	Aaur_scaffold304.g16.t1	100.0	S	0.0
Hvul_g24677_1	Hsap_ENST00000318579	100.0	S	0.0
Hvul_g24677_1	Ctel_gnl_WGS_AMQN_CAPTEDRAFT_mRNA110019	100.0	S	0.0
Hvul_g24677_1	Fspp_ffun1.m4.29381.m1	100.0	S	0.0
Hvul_g24677_1	Xentro_ENSXETT00000016491	100.0	S	0.0
Hvul_g24677_1	Skow_NM_001164898.1	100.0	S	0.0
Hvul_g24677_1	Xentro_ENSXETT00000063234	100.0	S	0.0
Hvul_g24677_1	Mmus_ENSMUST00000054244	100.0	S	0.0
Hvul_g24677_1	Bflo_XM_035802104.1	100.0	S	0.0
Hvul_g24677_1	Drer_ENSDART00000009827	100.0	S	0.0
Hvul_g24677_1	Galgal_ENSGALT00000074298	100.0	S	0.0
Hvul_g24677_1	Galgal_ENSGALT00000006317	100.0	S	0.0
Hvul_g24677_1	Cgig_XM_011427836.3	100.0	S	0.0
Hvul_g24677_1	Mmus_ENSMUST00000055562	100.0	S	0.0
Hvul_g24677_1	Nvec_v1g68616	100.0	S	0.0
Hvul_g24677_1	Mmus_ENSMUST00000037746	100.0	S	0.0
Dmel_FBtr0083571	Xesp_014794-T1	100.0	S	0.0
Dmel_FBtr0083571	Dgig_XM_028562905.1	100.0	S	0.0
Dmel_FBtr0083571	Mmus_ENSMUST00000032717	100.0	S	0.0
Dmel_FBtr0083571	Spur_XM_001198056.3	100.0	S	0.0
Dmel_FBtr0083571	Hhon_g08608.t1	100.0	S	0.0
Dmel_FBtr0083571	Aaur_scaffold304.g16.t1	100.0	S	0.0
Dmel_FBtr0083571	Hsap_ENST00000318579	100.0	S	0.0
Dmel_FBtr0083571	Ctel_gnl_WGS_AMQN_CAPTEDRAFT_mRNA110019	100.0	S	0.0
Dmel_FBtr0083571	Fspp_ffun1.m4.29381.m1	100.0	S	0.0
Dmel_FBtr0083571	Xentro_ENSXETT00000016491	100.0	S	0.0
Dmel_FBtr0083571	Skow_NM_001164898.1	100.0	S	0.0
Dmel_FBtr0083571	Xentro_ENSXETT00000063234	100.0	S	0.0
Dmel_FBtr0083571	Mmus_ENSMUST00000054244	100.0	S	0.0
Dmel_FBtr0083571	Bflo_XM_035802104.1	100.0	S	0.0
Dmel_FBtr0083571	Drer_ENSDART00000009827	100.0	S	0.0
Dmel_FBtr0083571	Galgal_ENSGALT00000074298	100.0	S	0.0
Dmel_FBtr0083571	Galgal_ENSGALT00000006317	100.0	S	0.0
Dmel_FBtr0083571	Cgig_XM_011427836.3	100.0	S	0.0
Dmel_FBtr0083571	Mmus_ENSMUST00000055562	100.0	S	0.0
Dmel_FBtr0083571	Nvec_v1g68616	100.0	S	0.0
Dmel_FBtr0083571	Mmus_ENSMUST00000037746	100.0	S	0.0
Exapal_XM_021044596.2	Gasp_gasp1.m3.13464.m1	100.0	S	0.0
Bflo_XM_035844350.1	Spur_XM_030985932.1	99.0	S	0.0
Bflo_XM_035844350.1	Galgal_ENSGALT00000050873	99.0	S	0.0
Bflo_XM_035844350.1	Tcas_TC012743_001	99.0	S	0.0
Dgig_XM_028550603.1	Spur_XM_030985932.1	99.0	S	0.0
Dgig_XM_028550603.1	Galgal_ENSGALT00000050873	99.0	S	0.0
Dgig_XM_028550603.1	Tcas_TC012743_001	99.0	S	0.0
Hsap_ENST00000360046	Spis_XP_022790468_1	100.0	S	0.0
Gfas_gfas1.m1.11375.m1	Fspp_ffun1.m4.31229.m1	98.0	S	0.0
Gfas_gfas1.m1.11375.m1	Exapal_XM_021051225.2	98.0	S	0.0
Gfas_gfas1.m1.11375.m1	Drer_ENSDART00000051474	98.0	S	0.0
Ctel_gnl_WGS_AMQN_CAPTEDRAFT_mRNA80939	Nvec_v1g100892	79.0	S	0.0
Exapal_XM_021046966.2	Nvec_v1g47299	100.0	S	0.0
Gfas_gfas1.m1.4174.m1	Cgig_XM_034459058.1	100.0	S	0.0
Gfas_gfas1.m1.4174.m1	Ctel_gnl_WGS_AMQN_CAPTEDRAFT_mRNA99816	100.0	S	0.0
Gfas_gfas1.m1.4174.m1	Gasp_gasp1.m3.28194.m1	100.0	S	0.0
Drer_ENSDART00000131806	Mmus_ENSMUST00000048572	98.0	S	0.0
Drer_ENSDART00000131806	Xentro_ENSXETT00000022650	98.0	S	0.0
Drer_ENSDART00000131806	Hsap_ENST00000366903	98.0	S	0.0
Spur_XM_030998581.1	Mmus_ENSMUST00000048572	98.0	S	0.0
Spur_XM_030998581.1	Xentro_ENSXETT00000022650	98.0	S	0.0
Spur_XM_030998581.1	Hsap_ENST00000366903	98.0	S	0.0
Hvul_g24677_1	Dmel_FBtr0083571	98.0	S	0.0
Dgig_XM_028550603.1	Bflo_XM_035844350.1	100.0	S	0.0
Spur_XM_030985932.1	Galgal_ENSGALT00000050873	100.0	S	0.0
Spur_XM_030985932.1	Tcas_TC012743_001	100.0	S	0.0
Fspp_ffun1.m4.15421.m1	Drer_ENSDART00000138806	88.0	S	0.0
Fspp_ffun1.m4.15421.m1	Xentro_ENSXETT00000077545	88.0	S	0.0
Fspp_ffun1.m4.15421.m1	Ctel_gnl_WGS_AMQN_CAPTEDRAFT_mRNA109027	88.0	S	0.0
Fspp_ffun1.m4.15421.m1	Mmus_ENSMUST00000021813	88.0	S	0.0
Fspp_ffun1.m4.15421.m1	Skow_NM_001164930.2	88.0	S	0.0
Fspp_ffun1.m4.15421.m1	Skow_NM_001168019.1	88.0	S	0.0
Fspp_ffun1.m4.15421.m1	Xentro_ENSXETT00000086444	88.0	S	0.0
Fspp_ffun1.m4.15421.m1	Hsap_ENST00000281437	88.0	S	0.0
Fspp_ffun1.m4.15421.m1	Galgal_ENSGALT00000045994	88.0	S	0.0
Spis_XP_022798990_1	Xesp_004967-T1	100.0	S	0.0
Bflo_XM_035839431.1	Galgal_ENSGALT00000012707	100.0	S	0.0
Bflo_XM_035839431.1	Drer_ENSDART00000105887	100.0	S	0.0
Bflo_XM_035839431.1	Fspp_ffun1.m4.16263.m1	100.0	S	0.0
Spur_XM_030997211.1	Galgal_ENSGALT00000098315	99.0	S	0.0
Spur_XM_030997211.1	Ctel_gnl_WGS_AMQN_CAPTEDRAFT_mRNA48054	99.0	S	0.0
Spur_XM_030997211.1	Drer_ENSDART00000099983	99.0	S	0.0
Spur_XM_030997211.1	Dgig_XM_028549006.1	99.0	S	0.0
Spur_XM_030997211.1	Mmus_ENSMUST00000116615	99.0	S	0.0
Spur_XM_030997211.1	Morvir_scaffold140.g36.t1	99.0	S	0.0
Spur_XM_030997211.1	Xentro_ENSXETT00000100033	99.0	S	0.0
Drer_ENSDART00000051474	Fspp_ffun1.m4.31229.m1	100.0	S	0.0
Drer_ENSDART00000051474	Exapal_XM_021051225.2	100.0	S	0.0
Gasp_gasp1.m3.22638.m1	Spis_XP_022789944_1	99.0	S	0.0
Gasp_gasp1.m3.28194.m1	Cgig_XM_034459058.1	100.0	S	0.0
Gasp_gasp1.m3.28194.m1	Ctel_gnl_WGS_AMQN_CAPTEDRAFT_mRNA99816	100.0	S	0.0
Spur_XM_030998581.1	Drer_ENSDART00000131806	99.0	S	0.0
Xentro_ENSXETT00000022650	Mmus_ENSMUST00000048572	98.0	S	0.0
Xentro_ENSXETT00000022650	Hsap_ENST00000366903	98.0	S	0.0
Skow_NM_001164898.1	Fspp_ffun1.m4.29381.m1	94.0	S	0.0
Skow_NM_001164898.1	Mmus_ENSMUST00000055562	94.0	S	0.0
Skow_NM_001164898.1	Ctel_gnl_WGS_AMQN_CAPTEDRAFT_mRNA110019	94.0	S	0.0
Spur_XM_001198056.3	Fspp_ffun1.m4.29381.m1	94.0	S	0.0
Spur_XM_001198056.3	Mmus_ENSMUST00000055562	94.0	S	0.0
Spur_XM_001198056.3	Ctel_gnl_WGS_AMQN_CAPTEDRAFT_mRNA110019	94.0	S	0.0
Spur_XM_030978838.1	Xentro_ENSXETT00000065382	69.0	S	0.0
Spur_XM_030978838.1	Hsap_ENST00000382438	69.0	S	0.0
Tcas_TC012743_001	Galgal_ENSGALT00000050873	100.0	S	0.0
Ctel_gnl_WGS_AMQN_CAPTEDRAFT_mRNA151262	Cgig_XM_034444004.1	23.0	S	0.0
Galgal_ENSGALT00000058059	Ctel_gnl_WGS_AMQN_CAPTEDRAFT_mRNA40403	45.0	S	0.0
Galgal_ENSGALT00000058059	Gasp_gasp1.m3.970.m1	45.0	S	0.0
Ctel_gnl_WGS_AMQN_CAPTEDRAFT_mRNA173964	Spis_XP_022779237_1	82.0	S	0.0
Ctel_gnl_WGS_AMQN_CAPTEDRAFT_mRNA173964	Skow_NM_001164891.1	82.0	S	0.0
Ctel_gnl_WGS_AMQN_CAPTEDRAFT_mRNA173964	Drer_ENSDART00000051833	82.0	S	0.0
Ctel_gnl_WGS_AMQN_CAPTEDRAFT_mRNA173964	Exapal_XM_021044594.2	82.0	S	0.0
Ctel_gnl_WGS_AMQN_CAPTEDRAFT_mRNA80758	Spis_XP_022779237_1	82.0	S	0.0
Ctel_gnl_WGS_AMQN_CAPTEDRAFT_mRNA80758	Skow_NM_001164891.1	82.0	S	0.0
Ctel_gnl_WGS_AMQN_CAPTEDRAFT_mRNA80758	Drer_ENSDART00000051833	82.0	S	0.0
Ctel_gnl_WGS_AMQN_CAPTEDRAFT_mRNA80758	Exapal_XM_021044594.2	82.0	S	0.0
Nvec_v1g118347	Galgal_ENSGALT00000051878	99.0	S	0.0
Nvec_v1g118347	Adig_XM_015902493.1	99.0	S	0.0
Nvec_v1g118347	Mmus_ENSMUST00000041265	99.0	S	0.0
Nvec_v1g118347	Hsap_ENST00000377566	99.0	S	0.0
Nvec_v1g118347	Cgig_XM_011426479.3	99.0	S	0.0
Nvec_v1g118347	Chem_TCONS_00061956	99.0	S	0.0
Nvec_v1g118347	Drer_ENSDART00000031508	99.0	S	0.0
Nvec_v1g118347	Drer_ENSDART00000007770	99.0	S	0.0
Nvec_v1g118347	Drer_ENSDART00000170980	99.0	S	0.0
Nvec_v1g118347	Xentro_ENSXETT00000089841	99.0	S	0.0
Chem_TCONS_00050614	Spur_XM_011681997.2	100.0	S	0.0
Morvir_scaffold11.g90.t1	Spis_XP_022791939_1	100.0	S	0.0
Morvir_scaffold11.g90.t1	Spur_XM_030973092.1	100.0	S	0.0
Morvir_scaffold11.g90.t1	Drer_ENSDART00000164006	100.0	S	0.0
Ctel_gnl_WGS_AMQN_CAPTEDRAFT_mRNA88560	Nvec_v1g39891	99.0	S	0.0
Ctel_gnl_WGS_AMQN_CAPTEDRAFT_mRNA88560	Spur_XM_011683941.2	99.0	S	0.0
Ctel_gnl_WGS_AMQN_CAPTEDRAFT_mRNA88560	Cgig_XM_011421518.3	99.0	S	0.0
Ctel_gnl_WGS_AMQN_CAPTEDRAFT_mRNA88560	Hsap_ENST00000249501	99.0	S	0.0
Ctel_gnl_WGS_AMQN_CAPTEDRAFT_mRNA88560	Adig_XM_015925335.1	99.0	S	0.0
Ctel_gnl_WGS_AMQN_CAPTEDRAFT_mRNA88560	Gasp_gasp1.m3.11755.m1	99.0	S	0.0
Ctel_gnl_WGS_AMQN_CAPTEDRAFT_mRNA88560	Fspp_ffun1.m4.15317.m1	99.0	S	0.0
Mmus_ENSMUST00000049241	Nvec_v1g39891	99.0	S	0.0
Mmus_ENSMUST00000049241	Spur_XM_011683941.2	99.0	S	0.0
Mmus_ENSMUST00000049241	Cgig_XM_011421518.3	99.0	S	0.0
Mmus_ENSMUST00000049241	Hsap_ENST00000249501	99.0	S	0.0
Mmus_ENSMUST00000049241	Adig_XM_015925335.1	99.0	S	0.0
Mmus_ENSMUST00000049241	Gasp_gasp1.m3.11755.m1	99.0	S	0.0
Mmus_ENSMUST00000049241	Fspp_ffun1.m4.15317.m1	99.0	S	0.0
Exapal_XM_021039415.2	Apimel_XM_001120954	98.0	S	0.0
Exapal_XM_021039415.2	Drer_ENSDART00000167949	98.0	S	0.0
Exapal_XM_021039415.2	Tadh_TriadT9560	98.0	S	0.0
Exapal_XM_021039415.2	Bflo_XM_035840895.1	98.0	S	0.0
Exapal_XM_021039415.2	Gfas_gfas1.m1.21554.m1	98.0	S	0.0
Exapal_XM_021039415.2	Hhon_g07171.t1	98.0	S	0.0
Exapal_XM_021039415.2	Ctel_gnl_WGS_AMQN_CAPTEDRAFT_mRNA79432	98.0	S	0.0
Exapal_XM_021039415.2	Bflo_XM_035819081.1	98.0	S	0.0
Exapal_XM_021039415.2	Ctel_gnl_WGS_AMQN_CAPTEDRAFT_mRNA129537	98.0	S	0.0
Xentro_ENSXETT00000001623	Apimel_XM_001120954	98.0	S	0.0
Xentro_ENSXETT00000001623	Drer_ENSDART00000167949	98.0	S	0.0
Xentro_ENSXETT00000001623	Tadh_TriadT9560	98.0	S	0.0
Xentro_ENSXETT00000001623	Bflo_XM_035840895.1	98.0	S	0.0
Xentro_ENSXETT00000001623	Gfas_gfas1.m1.21554.m1	98.0	S	0.0
Xentro_ENSXETT00000001623	Hhon_g07171.t1	98.0	S	0.0
Xentro_ENSXETT00000001623	Ctel_gnl_WGS_AMQN_CAPTEDRAFT_mRNA79432	98.0	S	0.0
Xentro_ENSXETT00000001623	Bflo_XM_035819081.1	98.0	S	0.0
Xentro_ENSXETT00000001623	Ctel_gnl_WGS_AMQN_CAPTEDRAFT_mRNA129537	98.0	S	0.0
Nvec_v1g91847	Apimel_XM_001120954	98.0	S	0.0
Nvec_v1g91847	Drer_ENSDART00000167949	98.0	S	0.0
Nvec_v1g91847	Tadh_TriadT9560	98.0	S	0.0
Nvec_v1g91847	Bflo_XM_035840895.1	98.0	S	0.0
Nvec_v1g91847	Gfas_gfas1.m1.21554.m1	98.0	S	0.0
Nvec_v1g91847	Hhon_g07171.t1	98.0	S	0.0
Nvec_v1g91847	Ctel_gnl_WGS_AMQN_CAPTEDRAFT_mRNA79432	98.0	S	0.0
Nvec_v1g91847	Bflo_XM_035819081.1	98.0	S	0.0
Nvec_v1g91847	Ctel_gnl_WGS_AMQN_CAPTEDRAFT_mRNA129537	98.0	S	0.0
Mmus_ENSMUST00000025944	Apimel_XM_001120954	98.0	S	0.0
Mmus_ENSMUST00000025944	Drer_ENSDART00000167949	98.0	S	0.0
Mmus_ENSMUST00000025944	Tadh_TriadT9560	98.0	S	0.0
Mmus_ENSMUST00000025944	Bflo_XM_035840895.1	98.0	S	0.0
Mmus_ENSMUST00000025944	Gfas_gfas1.m1.21554.m1	98.0	S	0.0
Mmus_ENSMUST00000025944	Hhon_g07171.t1	98.0	S	0.0
Mmus_ENSMUST00000025944	Ctel_gnl_WGS_AMQN_CAPTEDRAFT_mRNA79432	98.0	S	0.0
Mmus_ENSMUST00000025944	Bflo_XM_035819081.1	98.0	S	0.0
Mmus_ENSMUST00000025944	Ctel_gnl_WGS_AMQN_CAPTEDRAFT_mRNA129537	98.0	S	0.0
Fspp_ffun1.m4.17753.m1	Apimel_XM_001120954	98.0	S	0.0
Fspp_ffun1.m4.17753.m1	Drer_ENSDART00000167949	98.0	S	0.0
Fspp_ffun1.m4.17753.m1	Tadh_TriadT9560	98.0	S	0.0
Fspp_ffun1.m4.17753.m1	Bflo_XM_035840895.1	98.0	S	0.0
Fspp_ffun1.m4.17753.m1	Gfas_gfas1.m1.21554.m1	98.0	S	0.0
Fspp_ffun1.m4.17753.m1	Hhon_g07171.t1	98.0	S	0.0
Fspp_ffun1.m4.17753.m1	Ctel_gnl_WGS_AMQN_CAPTEDRAFT_mRNA79432	98.0	S	0.0
Fspp_ffun1.m4.17753.m1	Bflo_XM_035819081.1	98.0	S	0.0
Fspp_ffun1.m4.17753.m1	Ctel_gnl_WGS_AMQN_CAPTEDRAFT_mRNA129537	98.0	S	0.0
Galgal_ENSGALT00000012707	Drer_ENSDART00000105887	100.0	S	0.0
Galgal_ENSGALT00000012707	Fspp_ffun1.m4.16263.m1	100.0	S	0.0
Hsap_ENST00000258829	Xentro_ENSXETT00000016949	85.0	S	0.0
Hsap_ENST00000258829	Drer_ENSDART00000081620	85.0	S	0.0
Hsap_ENST00000258829	Dmel_FBtr0342701	85.0	S	0.0
Dgig_XM_028549006.1	Galgal_ENSGALT00000098315	100.0	S	0.0
Dgig_XM_028549006.1	Ctel_gnl_WGS_AMQN_CAPTEDRAFT_mRNA48054	100.0	S	0.0
Dgig_XM_028549006.1	Drer_ENSDART00000099983	100.0	S	0.0
Dgig_XM_028549006.1	Mmus_ENSMUST00000116615	100.0	S	0.0
Dgig_XM_028549006.1	Morvir_scaffold140.g36.t1	100.0	S	0.0
Dgig_XM_028549006.1	Xentro_ENSXETT00000100033	100.0	S	0.0
Hsap_ENST00000332503	Drer_ENSDART00000103139	100.0	S	0.0
Exapal_XM_021048171.2	Mmus_ENSMUST00000047793	100.0	S	0.0
Hsap_ENST00000302945	Nvec_v1g8907	76.0	S	0.0
Hsap_ENST00000302945	Mmus_ENSMUST00000085591	76.0	S	0.0
Hsap_ENST00000302945	Dgig_XM_028535790.1	76.0	S	0.0
Galgal_ENSGALT00000053080	Nvec_v1g8907	76.0	S	0.0
Galgal_ENSGALT00000053080	Mmus_ENSMUST00000085591	76.0	S	0.0
Galgal_ENSGALT00000053080	Dgig_XM_028535790.1	76.0	S	0.0
Xesp_007813-T1	Galgal_ENSGALT00000085500	71.0	S	0.0
Xesp_007813-T1	Adig_XM_015897726.1	71.0	S	0.0
Xesp_007813-T1	Mmus_ENSMUST00000014848	71.0	S	0.0
Xesp_007813-T1	Gfas_gfas1.m1.16381.m1	71.0	S	0.0
Xesp_007813-T1	Galgal_ENSGALT00000062339	71.0	S	0.0
Xesp_007813-T1	Exapal_XM_021053893.2	71.0	S	0.0
Xesp_007813-T1	Galgal_ENSGALT00000029853	71.0	S	0.0
Xesp_007813-T1	Gfas_gfas1.m1.16379.m1	71.0	S	0.0
Xesp_007813-T1	Spis_XP_022790523_1	71.0	S	0.0
Xesp_007813-T1	Mmus_ENSMUST00000173348	71.0	S	0.0
Xesp_007813-T1	Spis_XP_022786436_1	71.0	S	0.0
Xesp_007813-T1	Fspp_ffun1.m4.17748.m1	71.0	S	0.0
Xesp_007813-T1	Gfas_gfas1.m1.16375.m1	71.0	S	0.0
Xesp_007813-T1	Nvec_v1g82763	71.0	S	0.0
Xesp_007813-T1	Gfas_gfas1.m1.17187.m1	71.0	S	0.0
Xesp_007813-T1	Exapal_XM_021055858.2	71.0	S	0.0
Xesp_007813-T1	Gasp_gasp1.m3.12287.m1	71.0	S	0.0
Xesp_007813-T1	Spur_XM_011677053.2	71.0	S	0.0
Xesp_007813-T1	Adig_XM_015897727.1	71.0	S	0.0
Xesp_007813-T1	Apimel_XM_006564275	71.0	S	0.0
Xesp_007813-T1	Nvec_v1g6429	71.0	S	0.0
Xesp_007813-T1	Spis_XP_022779308_1	71.0	S	0.0
Xesp_007813-T1	Fspp_ffun1.m4.31061.m1	71.0	S	0.0
Xesp_007813-T1	Gfas_gfas1.m1.16373.m1	71.0	S	0.0
Xesp_007813-T1	Exapal_XM_021037732.2	71.0	S	0.0
Xesp_007813-T1	Adig_XM_015915184.1	71.0	S	0.0
Xesp_007813-T1	Gasp_gasp1.m3.10379.m1	71.0	S	0.0
Xesp_007813-T1	Adig_XM_015901485.1	71.0	S	0.0
Xesp_007813-T1	Fspp_ffun1.m4.31060.m1	71.0	S	0.0
Xesp_007813-T1	Spur_XM_030978505.1	71.0	S	0.0
Xesp_007813-T1	Exapal_XM_021055853.2	71.0	S	0.0
Xesp_007813-T1	Tcas_TC030553_001	71.0	S	0.0
Drer_ENSDART00000030709	Ctel_gnl_WGS_AMQN_CAPTEDRAFT_mRNA78648	98.0	S	0.0
Drer_ENSDART00000030709	Fspp_ffun1.m4.15184.m1	98.0	S	0.0
Drer_ENSDART00000030709	Mmus_ENSMUST00000012540	98.0	S	0.0
Drer_ENSDART00000030709	Hsap_ENST00000252971	98.0	S	0.0
Drer_ENSDART00000030709	Spis_XP_022794677_1	98.0	S	0.0
Drer_ENSDART00000030709	Galgal_ENSGALT00000053155	98.0	S	0.0
Drer_ENSDART00000030709	Galgal_ENSGALT00000098609	98.0	S	0.0
Drer_ENSDART00000030709	Hsap_ENST00000451024	98.0	S	0.0
Drer_ENSDART00000030709	Apimel_XM_016916887	98.0	S	0.0
Drer_ENSDART00000030709	Galgal_ENSGALT00000000373	98.0	S	0.0
Drer_ENSDART00000030709	Fspp_ffun1.m4.11567.m1	98.0	S	0.0
Drer_ENSDART00000030709	Mmus_ENSMUST00000054562	98.0	S	0.0
Drer_ENSDART00000030709	Skow_NM_001168137.1	98.0	S	0.0
Drer_ENSDART00000030709	Hvul_g2253_1	98.0	S	0.0
Drer_ENSDART00000030709	Galgal_ENSGALT00000011810	98.0	S	0.0
Drer_ENSDART00000030709	Morvir_scaffold21.g122.t1	98.0	S	0.0
Drer_ENSDART00000030709	Xentro_ENSXETT00000008415	98.0	S	0.0
Drer_ENSDART00000030709	Skow_XM_002733661.2	98.0	S	0.0
Drer_ENSDART00000030709	Mmus_ENSMUST00000001872	98.0	S	0.0
Drer_ENSDART00000030709	Exapal_XM_021044584.2	98.0	S	0.0
Drer_ENSDART00000030709	Cgig_XM_034466211.1	98.0	S	0.0
Drer_ENSDART00000030709	Mmus_ENSMUST00000001709	98.0	S	0.0
Drer_ENSDART00000030709	Xentro_ENSXETT00000009980	98.0	S	0.0
Drer_ENSDART00000030709	Xentro_ENSXETT00000096279	98.0	S	0.0
Drer_ENSDART00000030709	Apimel_XM_006561860	98.0	S	0.0
Drer_ENSDART00000030709	Apimel_NM_001011571	98.0	S	0.0
Drer_ENSDART00000030709	Dgig_XM_028535474.1	98.0	S	0.0
Drer_ENSDART00000030709	Nvec_v1g5943	98.0	S	0.0
Drer_ENSDART00000030709	Galgal_ENSGALT00000038692	98.0	S	0.0
Drer_ENSDART00000030709	Skow_NM_001164912.1	98.0	S	0.0
Drer_ENSDART00000030709	Hsap_ENST00000303406	98.0	S	0.0
Drer_ENSDART00000030709	Tcas_TC012332_001	98.0	S	0.0
Drer_ENSDART00000030709	Bflo_XM_035819270.1	98.0	S	0.0
Chem_TCONS_00070484	Ctel_gnl_WGS_AMQN_CAPTEDRAFT_mRNA127720	100.0	S	0.0
Chem_TCONS_00070484	Mmus_ENSMUST00000033689	100.0	S	0.0
Chem_TCONS_00070484	Gasp_gasp1.m3.10374.m1	100.0	S	0.0
Chem_TCONS_00070484	Adig_XM_015899343.1	100.0	S	0.0
Chem_TCONS_00070484	Nvec_v1g208034	100.0	S	0.0
Skow_XM_006819480.1	Mmus_ENSMUST00000049352	99.0	S	0.0
Skow_XM_006819480.1	Dmel_FBtr0072224	99.0	S	0.0
Skow_XM_006819480.1	Mmus_ENSMUST00000048715	99.0	S	0.0
Skow_XM_006819480.1	Dgig_XM_028537505.1	99.0	S	0.0
Skow_XM_006819480.1	Apimel_XM_006557259	99.0	S	0.0
Skow_XM_006819480.1	Drer_ENSDART00000057094	99.0	S	0.0
Gasp_gasp1.m3.16169.m1	Mmus_ENSMUST00000049352	99.0	S	0.0
Gasp_gasp1.m3.16169.m1	Dmel_FBtr0072224	99.0	S	0.0
Gasp_gasp1.m3.16169.m1	Mmus_ENSMUST00000048715	99.0	S	0.0
Gasp_gasp1.m3.16169.m1	Dgig_XM_028537505.1	99.0	S	0.0
Gasp_gasp1.m3.16169.m1	Apimel_XM_006557259	99.0	S	0.0
Gasp_gasp1.m3.16169.m1	Drer_ENSDART00000057094	99.0	S	0.0
Ctel_gnl_WGS_AMQN_CAPTEDRAFT_mRNA154864	Mmus_ENSMUST00000049352	99.0	S	0.0
Ctel_gnl_WGS_AMQN_CAPTEDRAFT_mRNA154864	Dmel_FBtr0072224	99.0	S	0.0
Ctel_gnl_WGS_AMQN_CAPTEDRAFT_mRNA154864	Mmus_ENSMUST00000048715	99.0	S	0.0
Ctel_gnl_WGS_AMQN_CAPTEDRAFT_mRNA154864	Dgig_XM_028537505.1	99.0	S	0.0
Ctel_gnl_WGS_AMQN_CAPTEDRAFT_mRNA154864	Apimel_XM_006557259	99.0	S	0.0
Ctel_gnl_WGS_AMQN_CAPTEDRAFT_mRNA154864	Drer_ENSDART00000057094	99.0	S	0.0
Nvec_v1g101611	Mmus_ENSMUST00000049352	99.0	S	0.0
Nvec_v1g101611	Dmel_FBtr0072224	99.0	S	0.0
Nvec_v1g101611	Mmus_ENSMUST00000048715	99.0	S	0.0
Nvec_v1g101611	Dgig_XM_028537505.1	99.0	S	0.0
Nvec_v1g101611	Apimel_XM_006557259	99.0	S	0.0
Nvec_v1g101611	Drer_ENSDART00000057094	99.0	S	0.0
Fspp_ffun1.m4.31229.m1	Exapal_XM_021051225.2	100.0	S	0.0
Ctel_gnl_WGS_AMQN_CAPTEDRAFT_mRNA99816	Cgig_XM_034459058.1	100.0	S	0.0
Hsap_ENST00000366903	Mmus_ENSMUST00000048572	100.0	S	0.0
Skow_NM_001164898.1	Spur_XM_001198056.3	96.0	S	0.0
Ctel_gnl_WGS_AMQN_CAPTEDRAFT_mRNA110019	Fspp_ffun1.m4.29381.m1	100.0	S	0.0
Ctel_gnl_WGS_AMQN_CAPTEDRAFT_mRNA110019	Mmus_ENSMUST00000055562	100.0	S	0.0
Dgig_XM_028562905.1	Drer_ENSDART00000009827	98.0	S	0.0
Dgig_XM_028562905.1	Nvec_v1g68616	98.0	S	0.0
Dgig_XM_028562905.1	Cgig_XM_011427836.3	98.0	S	0.0
Mmus_ENSMUST00000037746	Drer_ENSDART00000009827	98.0	S	0.0
Mmus_ENSMUST00000037746	Nvec_v1g68616	98.0	S	0.0
Mmus_ENSMUST00000037746	Cgig_XM_011427836.3	98.0	S	0.0
Hsap_ENST00000382438	Xentro_ENSXETT00000065382	100.0	S	0.0
Xentro_ENSXETT00000036924	Hsap_ENST00000343035	100.0	S	0.0
Xentro_ENSXETT00000036924	Gasp_gasp1.m1b.1230.m1	100.0	S	0.0
Xentro_ENSXETT00000036924	Mmus_ENSMUST00000067375	100.0	S	0.0
Ctel_gnl_WGS_AMQN_CAPTEDRAFT_mRNA40403	Gasp_gasp1.m3.970.m1	100.0	S	0.0
Ctel_gnl_WGS_AMQN_CAPTEDRAFT_mRNA109027	Skow_NM_001164930.2	97.0	S	0.0
Ctel_gnl_WGS_AMQN_CAPTEDRAFT_mRNA109027	Xentro_ENSXETT00000086444	97.0	S	0.0
Mmus_ENSMUST00000021813	Skow_NM_001164930.2	97.0	S	0.0
Mmus_ENSMUST00000021813	Xentro_ENSXETT00000086444	97.0	S	0.0
Skow_NM_001168019.1	Drer_ENSDART00000138806	100.0	S	0.0
Skow_NM_001168019.1	Xentro_ENSXETT00000077545	100.0	S	0.0
Skow_NM_001168019.1	Galgal_ENSGALT00000045994	100.0	S	0.0
Hsap_ENST00000281437	Drer_ENSDART00000138806	100.0	S	0.0
Hsap_ENST00000281437	Xentro_ENSXETT00000077545	100.0	S	0.0
Hsap_ENST00000281437	Galgal_ENSGALT00000045994	100.0	S	0.0
Ctel_gnl_WGS_AMQN_CAPTEDRAFT_mRNA173964	Ctel_gnl_WGS_AMQN_CAPTEDRAFT_mRNA80758	98.0	D	1.0
Spis_XP_022779237_1	Skow_NM_001164891.1	80.0	S	0.0
Spis_XP_022779237_1	Drer_ENSDART00000051833	80.0	S	0.0
Spis_XP_022779237_1	Exapal_XM_021044594.2	80.0	S	0.0
Spur_XM_777138.5	Tadh_TriadT50911	42.0	S	0.0
Cgig_XM_011447529.3	Tcas_TC000894_001	50.0	S	0.0
Cgig_XM_011447529.3	Hsap_ENST00000381033	50.0	S	0.0
Cgig_XM_011447529.3	Hsap_ENST00000329198	50.0	S	0.0
Cgig_XM_011447529.3	Drer_ENSDART00000027463	50.0	S	0.0
Cgig_XM_011447529.3	Nvec_v1g200278	50.0	S	0.0
Gfas_gfas1.m1.773.m1	Tcas_TC000894_001	50.0	S	0.0
Gfas_gfas1.m1.773.m1	Hsap_ENST00000381033	50.0	S	0.0
Gfas_gfas1.m1.773.m1	Hsap_ENST00000329198	50.0	S	0.0
Gfas_gfas1.m1.773.m1	Drer_ENSDART00000027463	50.0	S	0.0
Gfas_gfas1.m1.773.m1	Nvec_v1g200278	50.0	S	0.0
Drer_ENSDART00000164006	Spis_XP_022791939_1	99.0	S	0.0
Drer_ENSDART00000164006	Spur_XM_030973092.1	99.0	S	0.0
Mmus_ENSMUST00000049241	Ctel_gnl_WGS_AMQN_CAPTEDRAFT_mRNA88560	100.0	S	0.0
Adig_XM_015925335.1	Spur_XM_011683941.2	98.0	S	0.0
Adig_XM_015925335.1	Cgig_XM_011421518.3	98.0	S	0.0
Adig_XM_015925335.1	Hsap_ENST00000249501	98.0	S	0.0
Adig_XM_015925335.1	Gasp_gasp1.m3.11755.m1	98.0	S	0.0
Adig_XM_015925335.1	Fspp_ffun1.m4.15317.m1	98.0	S	0.0
Nvec_v1g39891	Spur_XM_011683941.2	98.0	S	0.0
Nvec_v1g39891	Cgig_XM_011421518.3	98.0	S	0.0
Nvec_v1g39891	Hsap_ENST00000249501	98.0	S	0.0
Nvec_v1g39891	Gasp_gasp1.m3.11755.m1	98.0	S	0.0
Nvec_v1g39891	Fspp_ffun1.m4.15317.m1	98.0	S	0.0
Fspp_ffun1.m4.17753.m1	Mmus_ENSMUST00000025944	98.0	S	0.0
Fspp_ffun1.m4.17753.m1	Nvec_v1g91847	98.0	S	0.0
Fspp_ffun1.m4.17753.m1	Exapal_XM_021039415.2	98.0	S	0.0
Fspp_ffun1.m4.17753.m1	Xentro_ENSXETT00000001623	98.0	S	0.0
Drer_ENSDART00000105887	Fspp_ffun1.m4.16263.m1	100.0	S	0.0
Xentro_ENSXETT00000016949	Drer_ENSDART00000081620	100.0	S	0.0
Xentro_ENSXETT00000016949	Dmel_FBtr0342701	100.0	S	0.0
Morvir_scaffold45.g78.t1	Drer_ENSDART00000078466	95.0	S	0.0
Morvir_scaffold45.g78.t1	Fspp_ffun1.m4.4461.m1	95.0	S	0.0
Morvir_scaffold45.g78.t1	Skow_XM_006819482.1	95.0	S	0.0
Morvir_scaffold45.g78.t1	Gasp_gasp1.m3.4133.m1	95.0	S	0.0
Morvir_scaffold45.g78.t1	Dmel_FBtr0084087	95.0	S	0.0
Morvir_scaffold45.g78.t1	Bflo_XM_035818757.1	95.0	S	0.0
Morvir_scaffold45.g78.t1	Apimel_XM_003251590	95.0	S	0.0
Morvir_scaffold45.g78.t1	Tadh_TriadT51739	95.0	S	0.0
Morvir_scaffold45.g78.t1	Hsap_ENST00000282728	95.0	S	0.0
Morvir_scaffold45.g78.t1	Xentro_ENSXETT00000078593	95.0	S	0.0
Morvir_scaffold45.g78.t1	Gasp_gasp1.m3.680.m1	95.0	S	0.0
Morvir_scaffold45.g78.t1	Spis_XP_022782914_1	95.0	S	0.0
Morvir_scaffold45.g78.t1	Cgig_XM_011416274.3	95.0	S	0.0
Morvir_scaffold45.g78.t1	Dgig_XM_028562906.1	95.0	S	0.0
Morvir_scaffold45.g78.t1	Spis_XP_022786405_1	95.0	S	0.0
Morvir_scaffold45.g78.t1	Exapal_XM_021044213.2	95.0	S	0.0
Morvir_scaffold45.g78.t1	Drer_ENSDART00000054822	95.0	S	0.0
Morvir_scaffold45.g78.t1	Xentro_ENSXETT00000005952	95.0	S	0.0
Morvir_scaffold45.g78.t1	Galgal_ENSGALT00000095563	95.0	S	0.0
Morvir_scaffold45.g78.t1	Adig_XM_015905827.1	95.0	S	0.0
Morvir_scaffold45.g78.t1	Dmel_FBtr0330389	95.0	S	0.0
Xesp_013038-T1	Drer_ENSDART00000078466	95.0	S	0.0
Xesp_013038-T1	Fspp_ffun1.m4.4461.m1	95.0	S	0.0
Xesp_013038-T1	Skow_XM_006819482.1	95.0	S	0.0
Xesp_013038-T1	Gasp_gasp1.m3.4133.m1	95.0	S	0.0
Xesp_013038-T1	Dmel_FBtr0084087	95.0	S	0.0
Xesp_013038-T1	Bflo_XM_035818757.1	95.0	S	0.0
Xesp_013038-T1	Apimel_XM_003251590	95.0	S	0.0
Xesp_013038-T1	Tadh_TriadT51739	95.0	S	0.0
Xesp_013038-T1	Hsap_ENST00000282728	95.0	S	0.0
Xesp_013038-T1	Xentro_ENSXETT00000078593	95.0	S	0.0
Xesp_013038-T1	Gasp_gasp1.m3.680.m1	95.0	S	0.0
Xesp_013038-T1	Spis_XP_022782914_1	95.0	S	0.0
Xesp_013038-T1	Cgig_XM_011416274.3	95.0	S	0.0
Xesp_013038-T1	Dgig_XM_028562906.1	95.0	S	0.0
Xesp_013038-T1	Spis_XP_022786405_1	95.0	S	0.0
Xesp_013038-T1	Exapal_XM_021044213.2	95.0	S	0.0
Xesp_013038-T1	Drer_ENSDART00000054822	95.0	S	0.0
Xesp_013038-T1	Xentro_ENSXETT00000005952	95.0	S	0.0
Xesp_013038-T1	Galgal_ENSGALT00000095563	95.0	S	0.0
Xesp_013038-T1	Adig_XM_015905827.1	95.0	S	0.0
Xesp_013038-T1	Dmel_FBtr0330389	95.0	S	0.0
Morvir_scaffold11.g115.t1	Hvul_g31954_1	100.0	S	0.0
Morvir_scaffold11.g115.t1	Chem_TCONS_00016211	100.0	S	0.0
Mmus_ENSMUST00000087674	Spis_XP_022786402_1	100.0	S	0.0
Mmus_ENSMUST00000087674	Spis_XP_022782912_1	100.0	S	0.0
Mmus_ENSMUST00000087674	Fspp_ffun1.m4.29467.m1	100.0	S	0.0
Mmus_ENSMUST00000087674	Gfas_gfas1.m1.19176.m1	100.0	S	0.0
Mmus_ENSMUST00000087674	Nvec_v1g208035	100.0	S	0.0
Mmus_ENSMUST00000087674	Spis_XP_022803981_1	100.0	S	0.0
Mmus_ENSMUST00000087674	Spur_XM_031000060.1	100.0	S	0.0
Dgig_XM_028547544.1	Spis_XP_022786402_1	100.0	S	0.0
Dgig_XM_028547544.1	Spis_XP_022782912_1	100.0	S	0.0
Dgig_XM_028547544.1	Fspp_ffun1.m4.29467.m1	100.0	S	0.0
Dgig_XM_028547544.1	Gfas_gfas1.m1.19176.m1	100.0	S	0.0
Dgig_XM_028547544.1	Nvec_v1g208035	100.0	S	0.0
Dgig_XM_028547544.1	Spis_XP_022803981_1	100.0	S	0.0
Dgig_XM_028547544.1	Spur_XM_031000060.1	100.0	S	0.0
Galgal_ENSGALT00000098315	Xentro_ENSXETT00000100033	100.0	S	0.0
Galgal_ENSGALT00000098315	Mmus_ENSMUST00000116615	100.0	S	0.0
Galgal_ENSGALT00000098315	Drer_ENSDART00000099983	100.0	S	0.0
Galgal_ENSGALT00000098315	Morvir_scaffold140.g36.t1	100.0	S	0.0
Ctel_gnl_WGS_AMQN_CAPTEDRAFT_mRNA48054	Xentro_ENSXETT00000100033	100.0	S	0.0
Ctel_gnl_WGS_AMQN_CAPTEDRAFT_mRNA48054	Mmus_ENSMUST00000116615	100.0	S	0.0
Ctel_gnl_WGS_AMQN_CAPTEDRAFT_mRNA48054	Drer_ENSDART00000099983	100.0	S	0.0
Ctel_gnl_WGS_AMQN_CAPTEDRAFT_mRNA48054	Morvir_scaffold140.g36.t1	100.0	S	0.0
Xentro_ENSXETT00000001618	Dgig_XM_028535414.1	100.0	S	0.0
Xentro_ENSXETT00000001618	Dmel_FBtr0074429	100.0	S	0.0
Exapal_XM_021044212.2	Dgig_XM_028535414.1	100.0	S	0.0
Exapal_XM_021044212.2	Dmel_FBtr0074429	100.0	S	0.0
Hsap_ENST00000302945	Galgal_ENSGALT00000053080	100.0	S	0.0
Dgig_XM_028535790.1	Nvec_v1g8907	72.0	S	0.0
Dgig_XM_028535790.1	Mmus_ENSMUST00000085591	72.0	S	0.0
Adig_XM_015899343.1	Nvec_v1g208034	100.0	S	0.0
Adig_XM_015899343.1	Mmus_ENSMUST00000033689	100.0	S	0.0
Adig_XM_015899343.1	Gasp_gasp1.m3.10374.m1	100.0	S	0.0
Ctel_gnl_WGS_AMQN_CAPTEDRAFT_mRNA127720	Nvec_v1g208034	100.0	S	0.0
Ctel_gnl_WGS_AMQN_CAPTEDRAFT_mRNA127720	Mmus_ENSMUST00000033689	100.0	S	0.0
Ctel_gnl_WGS_AMQN_CAPTEDRAFT_mRNA127720	Gasp_gasp1.m3.10374.m1	100.0	S	0.0
Ctel_gnl_WGS_AMQN_CAPTEDRAFT_mRNA154864	Gasp_gasp1.m3.16169.m1	99.0	S	0.0
Ctel_gnl_WGS_AMQN_CAPTEDRAFT_mRNA154864	Skow_XM_006819480.1	99.0	S	0.0
Ctel_gnl_WGS_AMQN_CAPTEDRAFT_mRNA154864	Nvec_v1g101611	99.0	S	0.0
Dmel_FBtr0072224	Mmus_ENSMUST00000049352	95.0	S	0.0
Dmel_FBtr0072224	Apimel_XM_006557259	95.0	S	0.0
Dmel_FBtr0072224	Drer_ENSDART00000057094	95.0	S	0.0
Dmel_FBtr0072224	Mmus_ENSMUST00000048715	95.0	S	0.0
Dgig_XM_028537505.1	Mmus_ENSMUST00000049352	95.0	S	0.0
Dgig_XM_028537505.1	Apimel_XM_006557259	95.0	S	0.0
Dgig_XM_028537505.1	Drer_ENSDART00000057094	95.0	S	0.0
Dgig_XM_028537505.1	Mmus_ENSMUST00000048715	95.0	S	0.0
Morvir_scaffold46.g33.t1	Drer_ENSDART00000105661	100.0	S	0.0
Morvir_scaffold46.g33.t1	Chem_TCONS_00000458	100.0	S	0.0
Tadh_TriadT49530	Ctel_gnl_WGS_AMQN_CAPTEDRAFT_mRNA172338	99.0	S	0.0
Tadh_TriadT49530	Bflo_XM_035802805.1	99.0	S	0.0
Tadh_TriadT49530	Mmus_ENSMUST00000001700	99.0	S	0.0
Tadh_TriadT49530	Ctel_gnl_WGS_AMQN_CAPTEDRAFT_mRNA147353	99.0	S	0.0
Tadh_TriadT49530	Mmus_ENSMUST00000024159	99.0	S	0.0
Tadh_TriadT49530	Drer_ENSDART00000158576	99.0	S	0.0
Tadh_TriadT49530	Xentro_ENSXETT00000090592	99.0	S	0.0
Tadh_TriadT49530	Nvec_v1g197493	99.0	S	0.0
Tadh_TriadT49530	Galgal_ENSGALT00000014862	99.0	S	0.0
Tadh_TriadT49530	Gasp_gasp1.m3.4695.m1	99.0	S	0.0
Tadh_TriadT49530	Cgig_XM_011453230.3	99.0	S	0.0
Tadh_TriadT49530	Fspp_ffun1.m4.14104.m1	99.0	S	0.0
Tadh_TriadT49530	Galgal_ENSGALT00000102858	99.0	S	0.0
Tadh_TriadT49530	Hsap_ENST00000434704	99.0	S	0.0
Tadh_TriadT49530	Xentro_ENSXETT00000103078	99.0	S	0.0
Tadh_TriadT49530	Fspp_ffun1.m4.15423.m1	99.0	S	0.0
Tadh_TriadT49530	Tcas_TC009351_001	99.0	S	0.0
Tadh_TriadT49530	Xesp_013044-T1	99.0	S	0.0
Tadh_TriadT49530	Hsap_ENST00000361725	99.0	S	0.0
Tadh_TriadT49530	Mmus_ENSMUST00000052609	99.0	S	0.0
Tadh_TriadT49530	Fspp_ffun1.m4.14100.m1	99.0	S	0.0
Tadh_TriadT49530	Xentro_ENSXETT00000047434	99.0	S	0.0
Tadh_TriadT49530	Apimel_XM_016915684	99.0	S	0.0
Tadh_TriadT49530	Skow_XM_006815396.1	99.0	S	0.0
Tadh_TriadT49530	Drer_ENSDART00000103149	99.0	S	0.0
Tadh_TriadT49530	Galgal_ENSGALT00000018031	99.0	S	0.0
Tadh_TriadT49530	Dmel_FBtr0081696	99.0	S	0.0
Tadh_TriadT49530	Exapal_XM_021057757.2	99.0	S	0.0
Tadh_TriadT49530	Hsap_ENST00000249440	99.0	S	0.0
Tadh_TriadT49530	Tcas_TC031113_001	99.0	S	0.0
Tadh_TriadT49530	Bflo_XM_035801619.1	99.0	S	0.0
Tadh_TriadT49530	Bflo_XM_035816462.1	99.0	S	0.0
Tadh_TriadT49530	Spis_XP_022803993_1	99.0	S	0.0
Tadh_TriadT49530	Drer_ENSDART00000008469	99.0	S	0.0
Tadh_TriadT49530	Cgig_XM_011443268.3	99.0	S	0.0
Tadh_TriadT49530	Exapal_XM_021056281.2	99.0	S	0.0
Tadh_TriadT49530	Mmus_ENSMUST00000031787	99.0	S	0.0
Tadh_TriadT49530	Galgal_ENSGALT00000083976	99.0	S	0.0
Tadh_TriadT49530	Mmus_ENSMUST00000092768	99.0	S	0.0
Tadh_TriadT49530	Dmel_FBtr0083388	99.0	S	0.0
Tadh_TriadT49530	Drer_ENSDART00000111386	99.0	S	0.0
Tadh_TriadT49530	Chem_TCONS_00025396	99.0	S	0.0
Tadh_TriadT49530	Skow_XM_006824221.1	99.0	S	0.0
Tadh_TriadT49530	Fspp_ffun1.m4.24397.m1	99.0	S	0.0
Tadh_TriadT49530	Drer_ENSDART00000103131	99.0	S	0.0
Tadh_TriadT49530	Dmel_FBtr0300076	99.0	S	0.0
Tadh_TriadT49530	Xesp_015541-T1	99.0	S	0.0
Tadh_TriadT49530	Bflo_XM_035844348.1	99.0	S	0.0
Tadh_TriadT49530	Spur_XM_780421.4	99.0	S	0.0
Tadh_TriadT49530	Skow_XM_006815239.1	99.0	S	0.0
Tadh_TriadT49530	Xentro_ENSXETT00000045469	99.0	S	0.0
Tadh_TriadT49530	Galgal_ENSGALT00000105639	99.0	S	0.0
Tadh_TriadT49530	Spur_NM_001129810.1	99.0	S	0.0
Hhon_g08887.t1	Ctel_gnl_WGS_AMQN_CAPTEDRAFT_mRNA172338	99.0	S	0.0
Hhon_g08887.t1	Bflo_XM_035802805.1	99.0	S	0.0
Hhon_g08887.t1	Mmus_ENSMUST00000001700	99.0	S	0.0
Hhon_g08887.t1	Ctel_gnl_WGS_AMQN_CAPTEDRAFT_mRNA147353	99.0	S	0.0
Hhon_g08887.t1	Mmus_ENSMUST00000024159	99.0	S	0.0
Hhon_g08887.t1	Drer_ENSDART00000158576	99.0	S	0.0
Hhon_g08887.t1	Xentro_ENSXETT00000090592	99.0	S	0.0
Hhon_g08887.t1	Nvec_v1g197493	99.0	S	0.0
Hhon_g08887.t1	Galgal_ENSGALT00000014862	99.0	S	0.0
Hhon_g08887.t1	Gasp_gasp1.m3.4695.m1	99.0	S	0.0
Hhon_g08887.t1	Cgig_XM_011453230.3	99.0	S	0.0
Hhon_g08887.t1	Fspp_ffun1.m4.14104.m1	99.0	S	0.0
Hhon_g08887.t1	Galgal_ENSGALT00000102858	99.0	S	0.0
Hhon_g08887.t1	Hsap_ENST00000434704	99.0	S	0.0
Hhon_g08887.t1	Xentro_ENSXETT00000103078	99.0	S	0.0
Hhon_g08887.t1	Fspp_ffun1.m4.15423.m1	99.0	S	0.0
Hhon_g08887.t1	Tcas_TC009351_001	99.0	S	0.0
Hhon_g08887.t1	Xesp_013044-T1	99.0	S	0.0
Hhon_g08887.t1	Hsap_ENST00000361725	99.0	S	0.0
Hhon_g08887.t1	Mmus_ENSMUST00000052609	99.0	S	0.0
Hhon_g08887.t1	Fspp_ffun1.m4.14100.m1	99.0	S	0.0
Hhon_g08887.t1	Xentro_ENSXETT00000047434	99.0	S	0.0
Hhon_g08887.t1	Apimel_XM_016915684	99.0	S	0.0
Hhon_g08887.t1	Skow_XM_006815396.1	99.0	S	0.0
Hhon_g08887.t1	Drer_ENSDART00000103149	99.0	S	0.0
Hhon_g08887.t1	Galgal_ENSGALT00000018031	99.0	S	0.0
Hhon_g08887.t1	Dmel_FBtr0081696	99.0	S	0.0
Hhon_g08887.t1	Exapal_XM_021057757.2	99.0	S	0.0
Hhon_g08887.t1	Hsap_ENST00000249440	99.0	S	0.0
Hhon_g08887.t1	Tcas_TC031113_001	99.0	S	0.0
Hhon_g08887.t1	Bflo_XM_035801619.1	99.0	S	0.0
Hhon_g08887.t1	Bflo_XM_035816462.1	99.0	S	0.0
Hhon_g08887.t1	Spis_XP_022803993_1	99.0	S	0.0
Hhon_g08887.t1	Drer_ENSDART00000008469	99.0	S	0.0
Hhon_g08887.t1	Cgig_XM_011443268.3	99.0	S	0.0
Hhon_g08887.t1	Exapal_XM_021056281.2	99.0	S	0.0
Hhon_g08887.t1	Mmus_ENSMUST00000031787	99.0	S	0.0
Hhon_g08887.t1	Galgal_ENSGALT00000083976	99.0	S	0.0
Hhon_g08887.t1	Mmus_ENSMUST00000092768	99.0	S	0.0
Hhon_g08887.t1	Dmel_FBtr0083388	99.0	S	0.0
Hhon_g08887.t1	Drer_ENSDART00000111386	99.0	S	0.0
Hhon_g08887.t1	Chem_TCONS_00025396	99.0	S	0.0
Hhon_g08887.t1	Skow_XM_006824221.1	99.0	S	0.0
Hhon_g08887.t1	Fspp_ffun1.m4.24397.m1	99.0	S	0.0
Hhon_g08887.t1	Drer_ENSDART00000103131	99.0	S	0.0
Hhon_g08887.t1	Dmel_FBtr0300076	99.0	S	0.0
Hhon_g08887.t1	Xesp_015541-T1	99.0	S	0.0
Hhon_g08887.t1	Bflo_XM_035844348.1	99.0	S	0.0
Hhon_g08887.t1	Spur_XM_780421.4	99.0	S	0.0
Hhon_g08887.t1	Skow_XM_006815239.1	99.0	S	0.0
Hhon_g08887.t1	Xentro_ENSXETT00000045469	99.0	S	0.0
Hhon_g08887.t1	Galgal_ENSGALT00000105639	99.0	S	0.0
Hhon_g08887.t1	Spur_NM_001129810.1	99.0	S	0.0
Morvir_scaffold175.g50.t1	Gfas_gfas1.m1.13208.m1	92.0	S	0.0
Morvir_scaffold175.g50.t1	Ctel_gnl_WGS_AMQN_CAPTEDRAFT_mRNA159948	92.0	S	0.0
Morvir_scaffold175.g50.t1	Apimel_XM_001121332	92.0	S	0.0
Morvir_scaffold175.g50.t1	Xentro_ENSXETT00000084212	92.0	S	0.0
Morvir_scaffold175.g50.t1	Xentro_ENSXETT00000030999	92.0	S	0.0
Morvir_scaffold175.g50.t1	Gfas_gfas1.m1.4539.m1	92.0	S	0.0
Morvir_scaffold175.g50.t1	Drer_ENSDART00000082355	92.0	S	0.0
Morvir_scaffold175.g50.t1	Xentro_ENSXETT00000011040	92.0	S	0.0
Morvir_scaffold175.g50.t1	Spis_XP_022791842_1	92.0	S	0.0
Morvir_scaffold175.g50.t1	Ctel_gnl_WGS_AMQN_CAPTEDRAFT_mRNA25827	92.0	S	0.0
Morvir_scaffold175.g50.t1	Xesp_007810-T1	92.0	S	0.0
Morvir_scaffold175.g50.t1	Gasp_gasp1.m3.14501.m1	92.0	S	0.0
Morvir_scaffold175.g50.t1	Skow_XM_006811339.1	92.0	S	0.0
Morvir_scaffold175.g50.t1	Hsap_ENST00000297537	92.0	S	0.0
Morvir_scaffold175.g50.t1	Xentro_ENSXETT00000007145	92.0	S	0.0
Morvir_scaffold175.g50.t1	Mmus_ENSMUST00000031650	92.0	S	0.0
Morvir_scaffold175.g50.t1	Nvec_v1g27862	92.0	S	0.0
Morvir_scaffold175.g50.t1	Nvec_v1g69041	92.0	S	0.0
Morvir_scaffold175.g50.t1	Bflo_XM_035801587.1	92.0	S	0.0
Morvir_scaffold175.g50.t1	Galgal_ENSGALT00000050386	92.0	S	0.0
Morvir_scaffold175.g50.t1	Adig_XM_015895990.1	92.0	S	0.0
Morvir_scaffold175.g50.t1	Mmus_ENSMUST00000088311	92.0	S	0.0
Morvir_scaffold175.g50.t1	Galgal_ENSGALT00000099908	92.0	S	0.0
Morvir_scaffold175.g50.t1	Bflo_XM_035808158.1	92.0	S	0.0
Morvir_scaffold175.g50.t1	Spur_XM_030972991.1	92.0	S	0.0
Morvir_scaffold175.g50.t1	Bflo_XM_035817632.1	92.0	S	0.0
Mmus_ENSMUST00000055562	Fspp_ffun1.m4.29381.m1	100.0	S	0.0
Dgig_XM_028562905.1	Mmus_ENSMUST00000037746	98.0	S	0.0
Drer_ENSDART00000009827	Nvec_v1g68616	97.0	S	0.0
Drer_ENSDART00000009827	Cgig_XM_011427836.3	97.0	S	0.0
Aaur_scaffold304.g16.t1	Bflo_XM_035802104.1	98.0	S	0.0
Aaur_scaffold304.g16.t1	Mmus_ENSMUST00000054244	98.0	S	0.0
Aaur_scaffold304.g16.t1	Xentro_ENSXETT00000016491	98.0	S	0.0
Aaur_scaffold304.g16.t1	Xentro_ENSXETT00000063234	98.0	S	0.0
Gasp_gasp1.m1b.1230.m1	Hsap_ENST00000343035	100.0	S	0.0
Gasp_gasp1.m1b.1230.m1	Mmus_ENSMUST00000067375	100.0	S	0.0
Ctel_gnl_WGS_AMQN_CAPTEDRAFT_mRNA109027	Mmus_ENSMUST00000021813	100.0	S	0.0
Skow_NM_001164930.2	Xentro_ENSXETT00000086444	97.0	S	0.0
Hsap_ENST00000281437	Skow_NM_001168019.1	100.0	S	0.0
Galgal_ENSGALT00000045994	Drer_ENSDART00000138806	100.0	S	0.0
Galgal_ENSGALT00000045994	Xentro_ENSXETT00000077545	100.0	S	0.0
Drer_ENSDART00000051833	Skow_NM_001164891.1	100.0	S	0.0
Drer_ENSDART00000051833	Exapal_XM_021044594.2	100.0	S	0.0
Dgig_XM_028559275.1	Bflo_XM_035802195.1	100.0	S	0.0
Dgig_XM_028559275.1	Hsap_ENST00000231656	100.0	S	0.0
Dgig_XM_028559275.1	Fspp_ffun1.m4.10292.m1	100.0	S	0.0
Dgig_XM_028559275.1	Adig_XM_015909001.1	100.0	S	0.0
Tadh_TriadT31334	Dmel_FBtr0085441	46.0	S	0.0
Tadh_TriadT31334	Ctel_gnl_WGS_AMQN_CAPTEDRAFT_mRNA80782	46.0	S	0.0
Tadh_TriadT31334	Fspp_ffun1.m4.20261.m1	46.0	S	0.0
Tadh_TriadT31334	Gfas_gfas1.m1.2337.m1	46.0	S	0.0
Tadh_TriadT31334	Spur_XM_030972836.1	46.0	S	0.0
Spis_XP_022798368_1	Dmel_FBtr0085441	46.0	S	0.0
Spis_XP_022798368_1	Ctel_gnl_WGS_AMQN_CAPTEDRAFT_mRNA80782	46.0	S	0.0
Spis_XP_022798368_1	Fspp_ffun1.m4.20261.m1	46.0	S	0.0
Spis_XP_022798368_1	Gfas_gfas1.m1.2337.m1	46.0	S	0.0
Spis_XP_022798368_1	Spur_XM_030972836.1	46.0	S	0.0
Cgig_XM_011447529.3	Gfas_gfas1.m1.773.m1	100.0	S	0.0
Tcas_TC000894_001	Hsap_ENST00000329198	80.0	S	0.0
Tcas_TC000894_001	Hsap_ENST00000381033	80.0	S	0.0
Tcas_TC000894_001	Nvec_v1g200278	80.0	S	0.0
Tcas_TC000894_001	Drer_ENSDART00000027463	80.0	S	0.0
Dmel_FBtr0081670	Drer_ENSDART00000012470	100.0	S	0.0
Spis_XP_022791939_1	Spur_XM_030973092.1	100.0	S	0.0
Adig_XM_015925335.1	Nvec_v1g39891	83.0	S	0.0
Hsap_ENST00000249501	Gasp_gasp1.m3.11755.m1	80.0	S	0.0
Hsap_ENST00000249501	Spur_XM_011683941.2	80.0	S	0.0
Hsap_ENST00000249501	Fspp_ffun1.m4.15317.m1	80.0	S	0.0
Cgig_XM_011421518.3	Gasp_gasp1.m3.11755.m1	80.0	S	0.0
Cgig_XM_011421518.3	Spur_XM_011683941.2	80.0	S	0.0
Cgig_XM_011421518.3	Fspp_ffun1.m4.15317.m1	80.0	S	0.0
Mmus_ENSMUST00000025944	Xentro_ENSXETT00000001623	94.0	S	0.0
Mmus_ENSMUST00000025944	Nvec_v1g91847	94.0	S	0.0
Mmus_ENSMUST00000025944	Exapal_XM_021039415.2	94.0	S	0.0
Drer_ENSDART00000167949	Bflo_XM_035840895.1	100.0	S	0.0
Ctel_gnl_WGS_AMQN_CAPTEDRAFT_mRNA171492	Adig_XM_015897305.1	73.0	S	0.0
Ctel_gnl_WGS_AMQN_CAPTEDRAFT_mRNA171492	Hsap_ENST00000518156	73.0	S	0.0
Ctel_gnl_WGS_AMQN_CAPTEDRAFT_mRNA171492	Gasp_gasp1.m3.29873.m1	73.0	S	0.0
Ctel_gnl_WGS_AMQN_CAPTEDRAFT_mRNA171492	Exapal_XM_021042471.2	73.0	S	0.0
Ctel_gnl_WGS_AMQN_CAPTEDRAFT_mRNA171492	Spis_XP_022793160_1	73.0	S	0.0
Ctel_gnl_WGS_AMQN_CAPTEDRAFT_mRNA171492	Cgig_XM_011421521.3	73.0	S	0.0
Ctel_gnl_WGS_AMQN_CAPTEDRAFT_mRNA171492	Fspp_ffun1.m4.15426.m1	73.0	S	0.0
Ctel_gnl_WGS_AMQN_CAPTEDRAFT_mRNA171492	Skow_XM_002741136.2	73.0	S	0.0
Ctel_gnl_WGS_AMQN_CAPTEDRAFT_mRNA171492	Galgal_ENSGALT00000062322	73.0	S	0.0
Ctel_gnl_WGS_AMQN_CAPTEDRAFT_mRNA171492	Xentro_ENSXETT00000050714	73.0	S	0.0
Ctel_gnl_WGS_AMQN_CAPTEDRAFT_mRNA171492	Drer_ENSDART00000167757	73.0	S	0.0
Tcas_TC015394_001	Adig_XM_015897305.1	73.0	S	0.0
Tcas_TC015394_001	Hsap_ENST00000518156	73.0	S	0.0
Tcas_TC015394_001	Gasp_gasp1.m3.29873.m1	73.0	S	0.0
Tcas_TC015394_001	Exapal_XM_021042471.2	73.0	S	0.0
Tcas_TC015394_001	Spis_XP_022793160_1	73.0	S	0.0
Tcas_TC015394_001	Cgig_XM_011421521.3	73.0	S	0.0
Tcas_TC015394_001	Fspp_ffun1.m4.15426.m1	73.0	S	0.0
Tcas_TC015394_001	Skow_XM_002741136.2	73.0	S	0.0
Tcas_TC015394_001	Galgal_ENSGALT00000062322	73.0	S	0.0
Tcas_TC015394_001	Xentro_ENSXETT00000050714	73.0	S	0.0
Tcas_TC015394_001	Drer_ENSDART00000167757	73.0	S	0.0
Gfas_gfas1.m1.13632.m1	Drer_ENSDART00000114762	89.0	S	0.0
Gfas_gfas1.m1.13632.m1	Spis_XP_022799105_1	89.0	S	0.0
Gfas_gfas1.m1.13632.m1	Fspp_ffun1.m4.33384.m1	89.0	S	0.0
Gfas_gfas1.m1.13632.m1	Exapal_XM_021056278.2	89.0	S	0.0
Gfas_gfas1.m1.13632.m1	Galgal_ENSGALT00000044516	89.0	S	0.0
Gfas_gfas1.m1.13632.m1	Skow_XM_006821511.1	89.0	S	0.0
Bflo_XM_035819300.1	Drer_ENSDART00000114762	89.0	S	0.0
Bflo_XM_035819300.1	Spis_XP_022799105_1	89.0	S	0.0
Bflo_XM_035819300.1	Fspp_ffun1.m4.33384.m1	89.0	S	0.0
Bflo_XM_035819300.1	Exapal_XM_021056278.2	89.0	S	0.0
Bflo_XM_035819300.1	Galgal_ENSGALT00000044516	89.0	S	0.0
Bflo_XM_035819300.1	Skow_XM_006821511.1	89.0	S	0.0
Dmel_FBtr0342701	Drer_ENSDART00000081620	100.0	S	0.0
Morvir_scaffold45.g78.t1	Xesp_013038-T1	100.0	S	0.0
Tadh_TriadT51739	Drer_ENSDART00000078466	95.0	S	0.0
Tadh_TriadT51739	Fspp_ffun1.m4.4461.m1	95.0	S	0.0
Tadh_TriadT51739	Skow_XM_006819482.1	95.0	S	0.0
Tadh_TriadT51739	Gasp_gasp1.m3.4133.m1	95.0	S	0.0
Tadh_TriadT51739	Dmel_FBtr0084087	95.0	S	0.0
Tadh_TriadT51739	Bflo_XM_035818757.1	95.0	S	0.0
Tadh_TriadT51739	Apimel_XM_003251590	95.0	S	0.0
Tadh_TriadT51739	Hsap_ENST00000282728	95.0	S	0.0
Tadh_TriadT51739	Xentro_ENSXETT00000078593	95.0	S	0.0
Tadh_TriadT51739	Gasp_gasp1.m3.680.m1	95.0	S	0.0
Tadh_TriadT51739	Spis_XP_022782914_1	95.0	S	0.0
Tadh_TriadT51739	Cgig_XM_011416274.3	95.0	S	0.0
Tadh_TriadT51739	Dgig_XM_028562906.1	95.0	S	0.0
Tadh_TriadT51739	Spis_XP_022786405_1	95.0	S	0.0
Tadh_TriadT51739	Exapal_XM_021044213.2	95.0	S	0.0
Tadh_TriadT51739	Drer_ENSDART00000054822	95.0	S	0.0
Tadh_TriadT51739	Xentro_ENSXETT00000005952	95.0	S	0.0
Tadh_TriadT51739	Galgal_ENSGALT00000095563	95.0	S	0.0
Tadh_TriadT51739	Adig_XM_015905827.1	95.0	S	0.0
Tadh_TriadT51739	Dmel_FBtr0330389	95.0	S	0.0
Chem_TCONS_00016211	Hvul_g31954_1	100.0	S	0.0
Tcas_TC033532_001	Mmus_ENSMUST00000052650	4.0	S	0.0
Tcas_TC033532_001	Xentro_ENSXETT00000066357	4.0	S	0.0
Xesp_022051-T1	Aaur_scaffold2956.g1.t1	35.0	S	0.0
Xesp_022051-T1	Gasp_gasp1.m3.4129.m1	35.0	S	0.0
Xesp_022051-T1	Morvir_scaffold140.g33.t1	35.0	S	0.0
Xesp_022051-T1	Spis_XP_022794616_1	35.0	S	0.0
Xesp_022051-T1	Xentro_ENSXETT00000082174	35.0	S	0.0
Xesp_022051-T1	Fspp_ffun1.m4.14105.m1	35.0	S	0.0
Xesp_022051-T1	Mmus_ENSMUST00000050776	35.0	S	0.0
Xesp_022051-T1	Spis_XP_022799626_1	35.0	S	0.0
Xesp_022051-T1	Galgal_ENSGALT00000089091	35.0	S	0.0
Xesp_022051-T1	Spis_XP_022792175_1	35.0	S	0.0
Dgig_XM_028547544.1	Mmus_ENSMUST00000087674	100.0	S	0.0
Ctel_gnl_WGS_AMQN_CAPTEDRAFT_mRNA48054	Galgal_ENSGALT00000098315	100.0	S	0.0
Morvir_scaffold140.g36.t1	Xentro_ENSXETT00000100033	100.0	S	0.0
Morvir_scaffold140.g36.t1	Mmus_ENSMUST00000116615	100.0	S	0.0
Morvir_scaffold140.g36.t1	Drer_ENSDART00000099983	100.0	S	0.0
Xentro_ENSXETT00000001618	Exapal_XM_021044212.2	95.0	S	0.0
Dmel_FBtr0074429	Dgig_XM_028535414.1	100.0	S	0.0
Drer_ENSDART00000165609	Xentro_ENSXETT00000051744	100.0	S	0.0
Drer_ENSDART00000165609	Hsap_ENST00000370445	100.0	S	0.0
Drer_ENSDART00000165609	Spur_XM_777710.4	100.0	S	0.0
Drer_ENSDART00000165609	Gfas_gfas1.m1.579.m1	100.0	S	0.0
Mmus_ENSMUST00000085591	Nvec_v1g8907	100.0	S	0.0
Galgal_ENSGALT00000085500	Spis_XP_022779308_1	95.0	S	0.0
Galgal_ENSGALT00000085500	Adig_XM_015915184.1	95.0	S	0.0
Galgal_ENSGALT00000085500	Exapal_XM_021037732.2	95.0	S	0.0
Galgal_ENSGALT00000085500	Gasp_gasp1.m3.10379.m1	95.0	S	0.0
Galgal_ENSGALT00000085500	Gfas_gfas1.m1.16381.m1	95.0	S	0.0
Galgal_ENSGALT00000085500	Fspp_ffun1.m4.31060.m1	95.0	S	0.0
Galgal_ENSGALT00000085500	Exapal_XM_021053893.2	95.0	S	0.0
Galgal_ENSGALT00000062339	Spis_XP_022779308_1	95.0	S	0.0
Galgal_ENSGALT00000062339	Adig_XM_015915184.1	95.0	S	0.0
Galgal_ENSGALT00000062339	Exapal_XM_021037732.2	95.0	S	0.0
Galgal_ENSGALT00000062339	Gasp_gasp1.m3.10379.m1	95.0	S	0.0
Galgal_ENSGALT00000062339	Gfas_gfas1.m1.16381.m1	95.0	S	0.0
Galgal_ENSGALT00000062339	Fspp_ffun1.m4.31060.m1	95.0	S	0.0
Galgal_ENSGALT00000062339	Exapal_XM_021053893.2	95.0	S	0.0
Galgal_ENSGALT00000011810	Hvul_g2253_1	99.0	S	0.0
Morvir_scaffold21.g122.t1	Ctel_gnl_WGS_AMQN_CAPTEDRAFT_mRNA78648	60.0	S	0.0
Morvir_scaffold21.g122.t1	Fspp_ffun1.m4.15184.m1	60.0	S	0.0
Morvir_scaffold21.g122.t1	Mmus_ENSMUST00000012540	60.0	S	0.0
Morvir_scaffold21.g122.t1	Hsap_ENST00000252971	60.0	S	0.0
Morvir_scaffold21.g122.t1	Spis_XP_022794677_1	60.0	S	0.0
Morvir_scaffold21.g122.t1	Galgal_ENSGALT00000053155	60.0	S	0.0
Morvir_scaffold21.g122.t1	Galgal_ENSGALT00000098609	60.0	S	0.0
Morvir_scaffold21.g122.t1	Hsap_ENST00000451024	60.0	S	0.0
Morvir_scaffold21.g122.t1	Apimel_XM_016916887	60.0	S	0.0
Morvir_scaffold21.g122.t1	Galgal_ENSGALT00000000373	60.0	S	0.0
Morvir_scaffold21.g122.t1	Fspp_ffun1.m4.11567.m1	60.0	S	0.0
Morvir_scaffold21.g122.t1	Mmus_ENSMUST00000054562	60.0	S	0.0
Morvir_scaffold21.g122.t1	Skow_NM_001168137.1	60.0	S	0.0
Morvir_scaffold21.g122.t1	Xentro_ENSXETT00000008415	60.0	S	0.0
Morvir_scaffold21.g122.t1	Skow_XM_002733661.2	60.0	S	0.0
Morvir_scaffold21.g122.t1	Mmus_ENSMUST00000001872	60.0	S	0.0
Morvir_scaffold21.g122.t1	Exapal_XM_021044584.2	60.0	S	0.0
Morvir_scaffold21.g122.t1	Cgig_XM_034466211.1	60.0	S	0.0
Morvir_scaffold21.g122.t1	Mmus_ENSMUST00000001709	60.0	S	0.0
Morvir_scaffold21.g122.t1	Xentro_ENSXETT00000009980	60.0	S	0.0
Morvir_scaffold21.g122.t1	Xentro_ENSXETT00000096279	60.0	S	0.0
Morvir_scaffold21.g122.t1	Apimel_XM_006561860	60.0	S	0.0
Morvir_scaffold21.g122.t1	Apimel_NM_001011571	60.0	S	0.0
Morvir_scaffold21.g122.t1	Dgig_XM_028535474.1	60.0	S	0.0
Morvir_scaffold21.g122.t1	Nvec_v1g5943	60.0	S	0.0
Morvir_scaffold21.g122.t1	Galgal_ENSGALT00000038692	60.0	S	0.0
Morvir_scaffold21.g122.t1	Skow_NM_001164912.1	60.0	S	0.0
Morvir_scaffold21.g122.t1	Hsap_ENST00000303406	60.0	S	0.0
Morvir_scaffold21.g122.t1	Tcas_TC012332_001	60.0	S	0.0
Morvir_scaffold21.g122.t1	Bflo_XM_035819270.1	60.0	S	0.0
Ctel_gnl_WGS_AMQN_CAPTEDRAFT_mRNA127720	Adig_XM_015899343.1	100.0	S	0.0
Gasp_gasp1.m3.10374.m1	Nvec_v1g208034	84.0	S	0.0
Gasp_gasp1.m3.10374.m1	Mmus_ENSMUST00000033689	84.0	S	0.0
Nvec_v1g101611	Gasp_gasp1.m3.16169.m1	100.0	S	0.0
Nvec_v1g101611	Skow_XM_006819480.1	100.0	S	0.0
Dmel_FBtr0072224	Dgig_XM_028537505.1	95.0	S	0.0
Drer_ENSDART00000057094	Mmus_ENSMUST00000049352	79.0	S	0.0
Drer_ENSDART00000057094	Apimel_XM_006557259	79.0	S	0.0
Drer_ENSDART00000057094	Mmus_ENSMUST00000048715	79.0	S	0.0
Dgig_XM_028535422.1	Xesp_013885-T1	100.0	S	0.0
Spis_XP_022808078_1	Drer_ENSDART00000085846	99.0	S	0.0
Spis_XP_022808078_1	Exapal_XM_021058269.2	99.0	S	0.0
Spis_XP_022808078_1	Gfas_gfas1.m1.565.m1	99.0	S	0.0
Spis_XP_022808078_1	Nvec_v1g117718	99.0	S	0.0
Spis_XP_022808078_1	Nvec_v1g127891	99.0	S	0.0
Spis_XP_022808078_1	Dgig_XM_028540837.1	99.0	S	0.0
Skow_NM_001164931.1	Ctel_gnl_WGS_AMQN_CAPTEDRAFT_mRNA220261	100.0	S	0.0
Skow_NM_001164931.1	Fspp_ffun1.m4.30998.m1	100.0	S	0.0
Skow_NM_001164931.1	Cgig_XM_011422319.3	100.0	S	0.0
Skow_NM_001164931.1	Dmel_FBtr0084278	100.0	S	0.0
Skow_NM_001164931.1	Ctel_gnl_WGS_AMQN_CAPTEDRAFT_mRNA94911	100.0	S	0.0
Skow_NM_001164931.1	Dmel_FBtr0082863	100.0	S	0.0
Skow_NM_001164931.1	Exapal_XM_021042516.2	100.0	S	0.0
Skow_NM_001164931.1	Hsap_ENST00000222718	100.0	S	0.0
Dgig_XM_028535694.1	Ctel_gnl_WGS_AMQN_CAPTEDRAFT_mRNA220261	100.0	S	0.0
Dgig_XM_028535694.1	Fspp_ffun1.m4.30998.m1	100.0	S	0.0
Dgig_XM_028535694.1	Cgig_XM_011422319.3	100.0	S	0.0
Dgig_XM_028535694.1	Dmel_FBtr0084278	100.0	S	0.0
Dgig_XM_028535694.1	Ctel_gnl_WGS_AMQN_CAPTEDRAFT_mRNA94911	100.0	S	0.0
Dgig_XM_028535694.1	Dmel_FBtr0082863	100.0	S	0.0
Dgig_XM_028535694.1	Exapal_XM_021042516.2	100.0	S	0.0
Dgig_XM_028535694.1	Hsap_ENST00000222718	100.0	S	0.0
Gasp_gasp1.m3.12182.m1	Drer_ENSDART00000023674	94.0	S	0.0
Gasp_gasp1.m3.12182.m1	Tcas_TC009309_001	94.0	S	0.0
Gasp_gasp1.m3.12182.m1	Fspp_ffun1.m4.13287.m1	94.0	S	0.0
Gasp_gasp1.m3.12182.m1	Tcas_TC011763_001	94.0	S	0.0
Gasp_gasp1.m3.12182.m1	Xesp_012798-T1	94.0	S	0.0
Gasp_gasp1.m3.12182.m1	Nvec_v1g123764	94.0	S	0.0
Gasp_gasp1.m3.12182.m1	Morvir_scaffold59.g41.t1	94.0	S	0.0
Gasp_gasp1.m3.12182.m1	Hsap_ENST00000553456	94.0	S	0.0
Gasp_gasp1.m3.12182.m1	Drer_ENSDART00000130260	94.0	S	0.0
Gasp_gasp1.m3.12182.m1	Galgal_ENSGALT00000069688	94.0	S	0.0
Gasp_gasp1.m3.12182.m1	Spur_NM_214561.2	94.0	S	0.0
Gasp_gasp1.m3.12182.m1	Cgig_XM_011457272.3	94.0	S	0.0
Gasp_gasp1.m3.12182.m1	Dgig_XM_028539193.1	94.0	S	0.0
Gasp_gasp1.m3.12182.m1	Galgal_ENSGALT00000056540	94.0	S	0.0
Gasp_gasp1.m3.12182.m1	Drer_ENSDART00000159275	94.0	S	0.0
Gasp_gasp1.m3.12182.m1	Adig_XM_015917750.1	94.0	S	0.0
Gasp_gasp1.m3.12182.m1	Drer_ENSDART00000058036	94.0	S	0.0
Gasp_gasp1.m3.12182.m1	Spur_XM_788048.4	94.0	S	0.0
Gasp_gasp1.m3.12182.m1	Xentro_ENSXETT00000084717	94.0	S	0.0
Gasp_gasp1.m3.12182.m1	Bflo_XM_035841223.1	94.0	S	0.0
Gasp_gasp1.m3.12182.m1	Mmus_ENSMUST00000065382	94.0	S	0.0
Gasp_gasp1.m3.12182.m1	Skow_NM_001164889.1	94.0	S	0.0
Gasp_gasp1.m3.12182.m1	Chem_TCONS_00054222	94.0	S	0.0
Gasp_gasp1.m3.12182.m1	Xentro_ENSXETT00000016414	94.0	S	0.0
Gasp_gasp1.m3.12182.m1	Adig_XM_015912978.1	94.0	S	0.0
Dgig_XM_028535548.1	Hvul_g30386_1	99.0	S	0.0
Dgig_XM_028535548.1	Nvec_v1g196876	99.0	S	0.0
Dgig_XM_028535548.1	Hsap_ENST00000303450	99.0	S	0.0
Chem_TCONS_00000458	Drer_ENSDART00000105661	99.0	S	0.0
Hhon_g08887.t1	Tadh_TriadT49530	100.0	S	0.0
Cgig_XM_011427836.3	Nvec_v1g68616	100.0	S	0.0
Mmus_ENSMUST00000054244	Bflo_XM_035802104.1	95.0	S	0.0
Mmus_ENSMUST00000054244	Xentro_ENSXETT00000016491	95.0	S	0.0
Mmus_ENSMUST00000054244	Xentro_ENSXETT00000063234	95.0	S	0.0
Galgal_ENSGALT00000074298	Xesp_014794-T1	44.0	S	0.0
Hsap_ENST00000318579	Hhon_g08608.t1	97.0	S	0.0
Hsap_ENST00000318579	Mmus_ENSMUST00000032717	97.0	S	0.0
Hsap_ENST00000318579	Galgal_ENSGALT00000006317	97.0	S	0.0
Hsap_ENST00000343035	Mmus_ENSMUST00000067375	100.0	S	0.0
Drer_ENSDART00000138806	Xentro_ENSXETT00000077545	100.0	S	0.0
Exapal_XM_021044594.2	Skow_NM_001164891.1	100.0	S	0.0
Hsap_ENST00000231656	Bflo_XM_035802195.1	78.0	S	0.0
Hsap_ENST00000231656	Fspp_ffun1.m4.10292.m1	78.0	S	0.0
Adig_XM_015909001.1	Bflo_XM_035802195.1	78.0	S	0.0
Adig_XM_015909001.1	Fspp_ffun1.m4.10292.m1	78.0	S	0.0
Tadh_TriadT31334	Spis_XP_022798368_1	100.0	S	0.0
Dmel_FBtr0085441	Ctel_gnl_WGS_AMQN_CAPTEDRAFT_mRNA80782	100.0	S	0.0
Dmel_FBtr0085441	Gfas_gfas1.m1.2337.m1	100.0	S	0.0
Dmel_FBtr0085441	Spur_XM_030972836.1	100.0	S	0.0
Fspp_ffun1.m4.20261.m1	Ctel_gnl_WGS_AMQN_CAPTEDRAFT_mRNA80782	100.0	S	0.0
Fspp_ffun1.m4.20261.m1	Gfas_gfas1.m1.2337.m1	100.0	S	0.0
Fspp_ffun1.m4.20261.m1	Spur_XM_030972836.1	100.0	S	0.0
Drer_ENSDART00000007770	Mmus_ENSMUST00000041265	59.0	S	0.0
Drer_ENSDART00000007770	Galgal_ENSGALT00000051878	59.0	S	0.0
Drer_ENSDART00000007770	Hsap_ENST00000377566	59.0	S	0.0
Drer_ENSDART00000170980	Xentro_ENSXETT00000089841	60.0	S	0.0
Drer_ENSDART00000170980	Chem_TCONS_00061956	60.0	S	0.0
Drer_ENSDART00000170980	Cgig_XM_011426479.3	60.0	S	0.0
Drer_ENSDART00000170980	Adig_XM_015902493.1	60.0	S	0.0
Hsap_ENST00000329198	Nvec_v1g200278	100.0	S	0.0
Hsap_ENST00000329198	Drer_ENSDART00000027463	100.0	S	0.0
Hsap_ENST00000381033	Nvec_v1g200278	100.0	S	0.0
Hsap_ENST00000381033	Drer_ENSDART00000027463	100.0	S	0.0
Exapal_XM_021044239.2	Nvec_v1g164989	100.0	S	0.0
Gfas_gfas1.m1.9044.m1	Gasp_gasp1.m3.2233.m1	89.0	S	0.0
Gfas_gfas1.m1.9044.m1	Dmel_FBtr0088390	89.0	S	0.0
Gfas_gfas1.m1.9044.m1	Exapal_XM_021040495.2	89.0	S	0.0
Adig_XM_015915192.1	Gasp_gasp1.m3.2233.m1	89.0	S	0.0
Adig_XM_015915192.1	Dmel_FBtr0088390	89.0	S	0.0
Adig_XM_015915192.1	Exapal_XM_021040495.2	89.0	S	0.0
Galgal_ENSGALT00000046794	Gasp_gasp1.m3.2233.m1	89.0	S	0.0
Galgal_ENSGALT00000046794	Dmel_FBtr0088390	89.0	S	0.0
Galgal_ENSGALT00000046794	Exapal_XM_021040495.2	89.0	S	0.0
Cgig_XM_011421518.3	Hsap_ENST00000249501	69.0	S	0.0
Fspp_ffun1.m4.15317.m1	Gasp_gasp1.m3.11755.m1	96.0	S	0.0
Fspp_ffun1.m4.15317.m1	Spur_XM_011683941.2	96.0	S	0.0
Nvec_v1g91847	Xentro_ENSXETT00000001623	37.0	S	0.0
Nvec_v1g91847	Exapal_XM_021039415.2	37.0	S	0.0
Ctel_gnl_WGS_AMQN_CAPTEDRAFT_mRNA79432	Hhon_g07171.t1	95.0	S	0.0
Ctel_gnl_WGS_AMQN_CAPTEDRAFT_mRNA79432	Tadh_TriadT9560	95.0	S	0.0
Bflo_XM_035819081.1	Apimel_XM_001120954	87.0	S	0.0
Bflo_XM_035819081.1	Ctel_gnl_WGS_AMQN_CAPTEDRAFT_mRNA129537	87.0	S	0.0
Bflo_XM_035819081.1	Gfas_gfas1.m1.21554.m1	87.0	S	0.0
Tcas_TC015394_001	Ctel_gnl_WGS_AMQN_CAPTEDRAFT_mRNA171492	98.0	S	0.0
Skow_XM_002741136.2	Adig_XM_015897305.1	100.0	S	0.0
Skow_XM_002741136.2	Hsap_ENST00000518156	100.0	S	0.0
Skow_XM_002741136.2	Gasp_gasp1.m3.29873.m1	100.0	S	0.0
Skow_XM_002741136.2	Exapal_XM_021042471.2	100.0	S	0.0
Skow_XM_002741136.2	Spis_XP_022793160_1	100.0	S	0.0
Skow_XM_002741136.2	Fspp_ffun1.m4.15426.m1	100.0	S	0.0
Skow_XM_002741136.2	Galgal_ENSGALT00000062322	100.0	S	0.0
Skow_XM_002741136.2	Xentro_ENSXETT00000050714	100.0	S	0.0
Skow_XM_002741136.2	Drer_ENSDART00000167757	100.0	S	0.0
Cgig_XM_011421521.3	Adig_XM_015897305.1	100.0	S	0.0
Cgig_XM_011421521.3	Hsap_ENST00000518156	100.0	S	0.0
Cgig_XM_011421521.3	Gasp_gasp1.m3.29873.m1	100.0	S	0.0
Cgig_XM_011421521.3	Exapal_XM_021042471.2	100.0	S	0.0
Cgig_XM_011421521.3	Spis_XP_022793160_1	100.0	S	0.0
Cgig_XM_011421521.3	Fspp_ffun1.m4.15426.m1	100.0	S	0.0
Cgig_XM_011421521.3	Galgal_ENSGALT00000062322	100.0	S	0.0
Cgig_XM_011421521.3	Xentro_ENSXETT00000050714	100.0	S	0.0
Cgig_XM_011421521.3	Drer_ENSDART00000167757	100.0	S	0.0
Bflo_XM_035819300.1	Gfas_gfas1.m1.13632.m1	100.0	S	0.0
Drer_ENSDART00000114762	Spis_XP_022799105_1	98.0	S	0.0
Drer_ENSDART00000114762	Fspp_ffun1.m4.33384.m1	98.0	S	0.0
Drer_ENSDART00000114762	Exapal_XM_021056278.2	98.0	S	0.0
Drer_ENSDART00000114762	Galgal_ENSGALT00000044516	98.0	S	0.0
Drer_ENSDART00000114762	Skow_XM_006821511.1	98.0	S	0.0
Chem_TCONS_00071866	Hsap_ENST00000313173	100.0	S	0.0
Nvec_v1g82785	Galgal_ENSGALT00000048513	99.0	S	0.0
Nvec_v1g82785	Xentro_ENSXETT00000080894	99.0	S	0.0
Nvec_v1g82785	Xentro_ENSXETT00000056265	99.0	S	0.0
Nvec_v1g82785	Hsap_ENST00000343483	99.0	S	0.0
Nvec_v1g82785	Hsap_ENST00000325980	99.0	S	0.0
Nvec_v1g82785	Xentro_ENSXETT00000056262	99.0	S	0.0
Nvec_v1g82785	Spis_XP_022794618_1	99.0	S	0.0
Nvec_v1g82785	Xentro_ENSXETT00000019491	99.0	S	0.0
Nvec_v1g82785	Xentro_ENSXETT00000062960	99.0	S	0.0
Nvec_v1g82785	Apimel_XM_026445717	99.0	S	0.0
Ctel_gnl_WGS_AMQN_CAPTEDRAFT_mRNA208832	Galgal_ENSGALT00000048513	99.0	S	0.0
Ctel_gnl_WGS_AMQN_CAPTEDRAFT_mRNA208832	Xentro_ENSXETT00000080894	99.0	S	0.0
Ctel_gnl_WGS_AMQN_CAPTEDRAFT_mRNA208832	Xentro_ENSXETT00000056265	99.0	S	0.0
Ctel_gnl_WGS_AMQN_CAPTEDRAFT_mRNA208832	Hsap_ENST00000343483	99.0	S	0.0
Ctel_gnl_WGS_AMQN_CAPTEDRAFT_mRNA208832	Hsap_ENST00000325980	99.0	S	0.0
Ctel_gnl_WGS_AMQN_CAPTEDRAFT_mRNA208832	Xentro_ENSXETT00000056262	99.0	S	0.0
Ctel_gnl_WGS_AMQN_CAPTEDRAFT_mRNA208832	Spis_XP_022794618_1	99.0	S	0.0
Ctel_gnl_WGS_AMQN_CAPTEDRAFT_mRNA208832	Xentro_ENSXETT00000019491	99.0	S	0.0
Ctel_gnl_WGS_AMQN_CAPTEDRAFT_mRNA208832	Xentro_ENSXETT00000062960	99.0	S	0.0
Ctel_gnl_WGS_AMQN_CAPTEDRAFT_mRNA208832	Apimel_XM_026445717	99.0	S	0.0
Mmus_ENSMUST00000052650	Xentro_ENSXETT00000066357	100.0	S	0.0
Aaur_scaffold2956.g1.t1	Gasp_gasp1.m3.4129.m1	26.0	S	0.0
Aaur_scaffold2956.g1.t1	Spis_XP_022794616_1	26.0	S	0.0
Aaur_scaffold2956.g1.t1	Fspp_ffun1.m4.14105.m1	26.0	S	0.0
Aaur_scaffold2956.g1.t1	Mmus_ENSMUST00000050776	26.0	S	0.0
Aaur_scaffold2956.g1.t1	Spis_XP_022799626_1	26.0	S	0.0
Aaur_scaffold2956.g1.t1	Galgal_ENSGALT00000089091	26.0	S	0.0
Aaur_scaffold2956.g1.t1	Spis_XP_022792175_1	26.0	S	0.0
Xentro_ENSXETT00000082174	Gasp_gasp1.m3.4129.m1	26.0	S	0.0
Xentro_ENSXETT00000082174	Spis_XP_022794616_1	26.0	S	0.0
Xentro_ENSXETT00000082174	Fspp_ffun1.m4.14105.m1	26.0	S	0.0
Xentro_ENSXETT00000082174	Mmus_ENSMUST00000050776	26.0	S	0.0
Xentro_ENSXETT00000082174	Spis_XP_022799626_1	26.0	S	0.0
Xentro_ENSXETT00000082174	Galgal_ENSGALT00000089091	26.0	S	0.0
Xentro_ENSXETT00000082174	Spis_XP_022792175_1	26.0	S	0.0
Morvir_scaffold140.g33.t1	Gasp_gasp1.m3.4129.m1	26.0	S	0.0
Morvir_scaffold140.g33.t1	Spis_XP_022794616_1	26.0	S	0.0
Morvir_scaffold140.g33.t1	Fspp_ffun1.m4.14105.m1	26.0	S	0.0
Morvir_scaffold140.g33.t1	Mmus_ENSMUST00000050776	26.0	S	0.0
Morvir_scaffold140.g33.t1	Spis_XP_022799626_1	26.0	S	0.0
Morvir_scaffold140.g33.t1	Galgal_ENSGALT00000089091	26.0	S	0.0
Morvir_scaffold140.g33.t1	Spis_XP_022792175_1	26.0	S	0.0
Nvec_v1g208035	Spis_XP_022786402_1	100.0	S	0.0
Nvec_v1g208035	Spis_XP_022782912_1	100.0	S	0.0
Nvec_v1g208035	Fspp_ffun1.m4.29467.m1	100.0	S	0.0
Nvec_v1g208035	Gfas_gfas1.m1.19176.m1	100.0	S	0.0
Nvec_v1g208035	Spur_XM_031000060.1	100.0	S	0.0
Mmus_ENSMUST00000116615	Xentro_ENSXETT00000100033	100.0	S	0.0
Mmus_ENSMUST00000116615	Drer_ENSDART00000099983	100.0	S	0.0
Spur_XM_777710.4	Xentro_ENSXETT00000051744	100.0	S	0.0
Spur_XM_777710.4	Hsap_ENST00000370445	100.0	S	0.0
Spur_XM_777710.4	Gfas_gfas1.m1.579.m1	100.0	S	0.0
Hsap_ENST00000263610	Nvec_v1g39913	99.0	S	0.0
Hsap_ENST00000263610	Fspp_ffun1.m4.29526.m1	99.0	S	0.0
Hsap_ENST00000263610	Xesp_013947-T1	99.0	S	0.0
Hsap_ENST00000263610	Drer_ENSDART00000004548	99.0	S	0.0
Hsap_ENST00000263610	Gasp_gasp1.m3.23770.m1	99.0	S	0.0
Dgig_XM_028535702.1	Ctel_gnl_WGS_AMQN_CAPTEDRAFT_mRNA30874	100.0	S	0.0
Dgig_XM_028535702.1	Xesp_020407-T1	100.0	S	0.0
Dgig_XM_028535702.1	Xentro_ENSXETT00000088471	100.0	S	0.0
Dgig_XM_028535702.1	Galgal_ENSGALT00000072069	100.0	S	0.0
Dgig_XM_028535702.1	Gfas_gfas1.m1.7119.m1	100.0	S	0.0
Dgig_XM_028535702.1	Adig_XM_015897724.1	100.0	S	0.0
Dgig_XM_028535702.1	Spur_XM_030998177.1	100.0	S	0.0
Dgig_XM_028535702.1	Mmus_ENSMUST00000173623	100.0	S	0.0
Galgal_ENSGALT00000085500	Galgal_ENSGALT00000062339	25.0	D	1.0
Spis_XP_022790523_1	Gfas_gfas1.m1.17187.m1	100.0	S	0.0
Mmus_ENSMUST00000033689	Nvec_v1g208034	89.0	S	0.0
Gasp_gasp1.m3.16169.m1	Skow_XM_006819480.1	100.0	S	0.0
Gfas_gfas1.m1.565.m1	Drer_ENSDART00000085846	22.0	S	0.0
Gfas_gfas1.m1.565.m1	Exapal_XM_021058269.2	22.0	S	0.0
Gfas_gfas1.m1.565.m1	Nvec_v1g117718	22.0	S	0.0
Gfas_gfas1.m1.565.m1	Nvec_v1g127891	22.0	S	0.0
Gfas_gfas1.m1.565.m1	Dgig_XM_028540837.1	22.0	S	0.0
Dgig_XM_028535694.1	Skow_NM_001164931.1	100.0	S	0.0
Spis_XP_022808246_1	Ctel_gnl_WGS_AMQN_CAPTEDRAFT_mRNA80769	99.0	S	0.0
Spis_XP_022808246_1	Cgig_XM_011448954.3	99.0	S	0.0
Bflo_XM_035841995.1	Gasp_gasp1.m3.12183.m1	56.0	S	0.0
Bflo_XM_035841995.1	Ctel_gnl_WGS_AMQN_CAPTEDRAFT_mRNA81827	56.0	S	0.0
Bflo_XM_035841995.1	Drer_ENSDART00000182896	56.0	S	0.0
Bflo_XM_035841995.1	Hsap_ENST00000234392	56.0	S	0.0
Bflo_XM_035841995.1	Morvir_scaffold348.g20.t1	56.0	S	0.0
Bflo_XM_035841995.1	Mmus_ENSMUST00000172821	56.0	S	0.0
Bflo_XM_035841995.1	Dmel_FBtr0073656	56.0	S	0.0
Bflo_XM_035841995.1	Gfas_gfas1.m1.5764.m1	56.0	S	0.0
Bflo_XM_035841995.1	Mmus_ENSMUST00000037807	56.0	S	0.0
Morvir_scaffold5.g160.t1	Aaur_scaffold706.g5.t1	98.0	S	0.0
Morvir_scaffold5.g160.t1	Fspp_ffun1.m4.18980.m1	98.0	S	0.0
Mmus_ENSMUST00000065382	Drer_ENSDART00000023674	93.0	S	0.0
Mmus_ENSMUST00000065382	Tcas_TC009309_001	93.0	S	0.0
Mmus_ENSMUST00000065382	Fspp_ffun1.m4.13287.m1	93.0	S	0.0
Mmus_ENSMUST00000065382	Tcas_TC011763_001	93.0	S	0.0
Mmus_ENSMUST00000065382	Xesp_012798-T1	93.0	S	0.0
Mmus_ENSMUST00000065382	Nvec_v1g123764	93.0	S	0.0
Mmus_ENSMUST00000065382	Morvir_scaffold59.g41.t1	93.0	S	0.0
Mmus_ENSMUST00000065382	Hsap_ENST00000553456	93.0	S	0.0
Mmus_ENSMUST00000065382	Drer_ENSDART00000130260	93.0	S	0.0
Mmus_ENSMUST00000065382	Galgal_ENSGALT00000069688	93.0	S	0.0
Mmus_ENSMUST00000065382	Spur_NM_214561.2	93.0	S	0.0
Mmus_ENSMUST00000065382	Cgig_XM_011457272.3	93.0	S	0.0
Mmus_ENSMUST00000065382	Dgig_XM_028539193.1	93.0	S	0.0
Mmus_ENSMUST00000065382	Galgal_ENSGALT00000056540	93.0	S	0.0
Mmus_ENSMUST00000065382	Drer_ENSDART00000159275	93.0	S	0.0
Mmus_ENSMUST00000065382	Adig_XM_015917750.1	93.0	S	0.0
Mmus_ENSMUST00000065382	Drer_ENSDART00000058036	93.0	S	0.0
Mmus_ENSMUST00000065382	Spur_XM_788048.4	93.0	S	0.0
Mmus_ENSMUST00000065382	Xentro_ENSXETT00000084717	93.0	S	0.0
Mmus_ENSMUST00000065382	Bflo_XM_035841223.1	93.0	S	0.0
Mmus_ENSMUST00000065382	Skow_NM_001164889.1	93.0	S	0.0
Mmus_ENSMUST00000065382	Chem_TCONS_00054222	93.0	S	0.0
Mmus_ENSMUST00000065382	Xentro_ENSXETT00000016414	93.0	S	0.0
Mmus_ENSMUST00000065382	Adig_XM_015912978.1	93.0	S	0.0
Hsap_ENST00000303450	Hvul_g30386_1	100.0	S	0.0
Hsap_ENST00000303450	Nvec_v1g196876	100.0	S	0.0
Skow_XM_006824221.1	Drer_ENSDART00000103131	100.0	S	0.0
Skow_XM_006824221.1	Mmus_ENSMUST00000031787	100.0	S	0.0
Skow_XM_006824221.1	Gasp_gasp1.m3.4695.m1	100.0	S	0.0
Skow_XM_006824221.1	Exapal_XM_021057757.2	100.0	S	0.0
Skow_XM_006824221.1	Fspp_ffun1.m4.15423.m1	100.0	S	0.0
Bflo_XM_035801619.1	Drer_ENSDART00000103131	100.0	S	0.0
Bflo_XM_035801619.1	Mmus_ENSMUST00000031787	100.0	S	0.0
Bflo_XM_035801619.1	Gasp_gasp1.m3.4695.m1	100.0	S	0.0
Bflo_XM_035801619.1	Exapal_XM_021057757.2	100.0	S	0.0
Bflo_XM_035801619.1	Fspp_ffun1.m4.15423.m1	100.0	S	0.0
Fspp_ffun1.m4.15422.m1	Apimel_XM_006560321	99.0	S	0.0
Fspp_ffun1.m4.15422.m1	Chem_TCONS_00013206	99.0	S	0.0
Fspp_ffun1.m4.15422.m1	Xentro_ENSXETT00000094839	99.0	S	0.0
Fspp_ffun1.m4.15422.m1	Adig_XM_015918185.1	99.0	S	0.0
Fspp_ffun1.m4.15422.m1	Xentro_ENSXETT00000062441	99.0	S	0.0
Dmel_FBtr0308948	Galgal_ENSGALT00000049477	100.0	S	0.0
Dmel_FBtr0308948	Gfas_gfas1.m1.2443.m1	100.0	S	0.0
Dmel_FBtr0308948	Apimel_XM_016916875	100.0	S	0.0
Dmel_FBtr0308948	Spis_XP_022798377_1	100.0	S	0.0
Dmel_FBtr0308948	Chem_TCONS_00029478	100.0	S	0.0
Dmel_FBtr0308948	Bflo_XM_035844322.1	100.0	S	0.0
Dmel_FBtr0308948	Gfas_gfas1.m1.578.m1	100.0	S	0.0
Galgal_ENSGALT00000070404	Chem_TCONS_00070249	100.0	S	0.0
Galgal_ENSGALT00000070404	Gasp_gasp1.m3.12289.m1	100.0	S	0.0
Galgal_ENSGALT00000070404	Adig_XM_015902979.1	100.0	S	0.0
Galgal_ENSGALT00000070404	Drer_ENSDART00000169017	100.0	S	0.0
Galgal_ENSGALT00000070404	Gasp_gasp1.m3.26141.m1	100.0	S	0.0
Galgal_ENSGALT00000070404	Adig_XM_015905819.1	100.0	S	0.0
Galgal_ENSGALT00000070404	Gasp_gasp1.m3.679.m1	100.0	S	0.0
Galgal_ENSGALT00000070404	Xentro_ENSXETT00000104161	100.0	S	0.0
Galgal_ENSGALT00000070404	Drer_ENSDART00000023889	100.0	S	0.0
Galgal_ENSGALT00000070404	Gasp_gasp1.m3.12286.m1	100.0	S	0.0
Galgal_ENSGALT00000070404	Spur_XM_030985857.1	100.0	S	0.0
Galgal_ENSGALT00000070404	Morvir_scaffold216.g16.t1	100.0	S	0.0
Galgal_ENSGALT00000070404	Nvec_v1g101680	100.0	S	0.0
Galgal_ENSGALT00000070404	Gasp_gasp1.m3.15756.m1	100.0	S	0.0
Galgal_ENSGALT00000070404	Skow_XM_006819478.1	100.0	S	0.0
Galgal_ENSGALT00000070404	Tcas_TC000916_001	100.0	S	0.0
Galgal_ENSGALT00000070404	Fspp_ffun1.m4.26302.m1	100.0	S	0.0
Galgal_ENSGALT00000070404	Fspp_ffun1.m4.1445.m1	100.0	S	0.0
Galgal_ENSGALT00000070404	Adig_XM_015895991.1	100.0	S	0.0
Galgal_ENSGALT00000070404	Exapal_XM_021061705.2	100.0	S	0.0
Galgal_ENSGALT00000070404	Dgig_XM_028545689.1	100.0	S	0.0
Galgal_ENSGALT00000070404	Fspp_ffun1.m4.29244.m1	100.0	S	0.0
Galgal_ENSGALT00000070404	Hvul_g32708_1	100.0	S	0.0
Galgal_ENSGALT00000070404	Fspp_ffun1.m4.15427.m1	100.0	S	0.0
Galgal_ENSGALT00000070404	Dgig_XM_028540495.1	100.0	S	0.0
Hsap_ENST00000311626	Chem_TCONS_00070249	100.0	S	0.0
Hsap_ENST00000311626	Gasp_gasp1.m3.12289.m1	100.0	S	0.0
Hsap_ENST00000311626	Adig_XM_015902979.1	100.0	S	0.0
Hsap_ENST00000311626	Drer_ENSDART00000169017	100.0	S	0.0
Hsap_ENST00000311626	Gasp_gasp1.m3.26141.m1	100.0	S	0.0
Hsap_ENST00000311626	Adig_XM_015905819.1	100.0	S	0.0
Hsap_ENST00000311626	Gasp_gasp1.m3.679.m1	100.0	S	0.0
Hsap_ENST00000311626	Xentro_ENSXETT00000104161	100.0	S	0.0
Hsap_ENST00000311626	Drer_ENSDART00000023889	100.0	S	0.0
Hsap_ENST00000311626	Gasp_gasp1.m3.12286.m1	100.0	S	0.0
Hsap_ENST00000311626	Spur_XM_030985857.1	100.0	S	0.0
Hsap_ENST00000311626	Morvir_scaffold216.g16.t1	100.0	S	0.0
Hsap_ENST00000311626	Nvec_v1g101680	100.0	S	0.0
Hsap_ENST00000311626	Gasp_gasp1.m3.15756.m1	100.0	S	0.0
Hsap_ENST00000311626	Skow_XM_006819478.1	100.0	S	0.0
Hsap_ENST00000311626	Tcas_TC000916_001	100.0	S	0.0
Hsap_ENST00000311626	Fspp_ffun1.m4.26302.m1	100.0	S	0.0
Hsap_ENST00000311626	Fspp_ffun1.m4.1445.m1	100.0	S	0.0
Hsap_ENST00000311626	Adig_XM_015895991.1	100.0	S	0.0
Hsap_ENST00000311626	Exapal_XM_021061705.2	100.0	S	0.0
Hsap_ENST00000311626	Dgig_XM_028545689.1	100.0	S	0.0
Hsap_ENST00000311626	Fspp_ffun1.m4.29244.m1	100.0	S	0.0
Hsap_ENST00000311626	Hvul_g32708_1	100.0	S	0.0
Hsap_ENST00000311626	Fspp_ffun1.m4.15427.m1	100.0	S	0.0
Hsap_ENST00000311626	Dgig_XM_028540495.1	100.0	S	0.0
Ctel_gnl_WGS_AMQN_CAPTEDRAFT_mRNA127728	Chem_TCONS_00070249	100.0	S	0.0
Ctel_gnl_WGS_AMQN_CAPTEDRAFT_mRNA127728	Gasp_gasp1.m3.12289.m1	100.0	S	0.0
Ctel_gnl_WGS_AMQN_CAPTEDRAFT_mRNA127728	Adig_XM_015902979.1	100.0	S	0.0
Ctel_gnl_WGS_AMQN_CAPTEDRAFT_mRNA127728	Drer_ENSDART00000169017	100.0	S	0.0
Ctel_gnl_WGS_AMQN_CAPTEDRAFT_mRNA127728	Gasp_gasp1.m3.26141.m1	100.0	S	0.0
Ctel_gnl_WGS_AMQN_CAPTEDRAFT_mRNA127728	Adig_XM_015905819.1	100.0	S	0.0
Ctel_gnl_WGS_AMQN_CAPTEDRAFT_mRNA127728	Gasp_gasp1.m3.679.m1	100.0	S	0.0
Ctel_gnl_WGS_AMQN_CAPTEDRAFT_mRNA127728	Xentro_ENSXETT00000104161	100.0	S	0.0
Ctel_gnl_WGS_AMQN_CAPTEDRAFT_mRNA127728	Drer_ENSDART00000023889	100.0	S	0.0
Ctel_gnl_WGS_AMQN_CAPTEDRAFT_mRNA127728	Gasp_gasp1.m3.12286.m1	100.0	S	0.0
Ctel_gnl_WGS_AMQN_CAPTEDRAFT_mRNA127728	Spur_XM_030985857.1	100.0	S	0.0
Ctel_gnl_WGS_AMQN_CAPTEDRAFT_mRNA127728	Morvir_scaffold216.g16.t1	100.0	S	0.0
Ctel_gnl_WGS_AMQN_CAPTEDRAFT_mRNA127728	Nvec_v1g101680	100.0	S	0.0
Ctel_gnl_WGS_AMQN_CAPTEDRAFT_mRNA127728	Gasp_gasp1.m3.15756.m1	100.0	S	0.0
Ctel_gnl_WGS_AMQN_CAPTEDRAFT_mRNA127728	Skow_XM_006819478.1	100.0	S	0.0
Ctel_gnl_WGS_AMQN_CAPTEDRAFT_mRNA127728	Tcas_TC000916_001	100.0	S	0.0
Ctel_gnl_WGS_AMQN_CAPTEDRAFT_mRNA127728	Fspp_ffun1.m4.26302.m1	100.0	S	0.0
Ctel_gnl_WGS_AMQN_CAPTEDRAFT_mRNA127728	Fspp_ffun1.m4.1445.m1	100.0	S	0.0
Ctel_gnl_WGS_AMQN_CAPTEDRAFT_mRNA127728	Adig_XM_015895991.1	100.0	S	0.0
Ctel_gnl_WGS_AMQN_CAPTEDRAFT_mRNA127728	Exapal_XM_021061705.2	100.0	S	0.0
Ctel_gnl_WGS_AMQN_CAPTEDRAFT_mRNA127728	Dgig_XM_028545689.1	100.0	S	0.0
Ctel_gnl_WGS_AMQN_CAPTEDRAFT_mRNA127728	Fspp_ffun1.m4.29244.m1	100.0	S	0.0
Ctel_gnl_WGS_AMQN_CAPTEDRAFT_mRNA127728	Hvul_g32708_1	100.0	S	0.0
Ctel_gnl_WGS_AMQN_CAPTEDRAFT_mRNA127728	Fspp_ffun1.m4.15427.m1	100.0	S	0.0
Ctel_gnl_WGS_AMQN_CAPTEDRAFT_mRNA127728	Dgig_XM_028540495.1	100.0	S	0.0
Exapal_XM_021061853.2	Bflo_XM_035816607.1	100.0	S	0.0
Exapal_XM_021061853.2	Adig_XM_015905832.1	100.0	S	0.0
Exapal_XM_021061853.2	Gasp_gasp1.m3.4130.m1	100.0	S	0.0
Exapal_XM_021061853.2	Fspp_ffun1.m4.11764.m1	100.0	S	0.0
Exapal_XM_021061853.2	Mmus_ENSMUST00000060820	100.0	S	0.0
Exapal_XM_021061853.2	Xentro_ENSXETT00000053914	100.0	S	0.0
Exapal_XM_021061853.2	Xesp_022099-T1	100.0	S	0.0
Exapal_XM_021061853.2	Xesp_022116-T1	100.0	S	0.0
Exapal_XM_021061853.2	Drer_ENSDART00000019910	100.0	S	0.0
Exapal_XM_021061853.2	Xentro_ENSXETT00000001604	100.0	S	0.0
Exapal_XM_021061853.2	Dgig_XM_028563327.1	100.0	S	0.0
Exapal_XM_021061853.2	Apimel_XM_006560986	100.0	S	0.0
Exapal_XM_021061853.2	Cgig_XM_011422313.3	100.0	S	0.0
Exapal_XM_021061853.2	Hsap_ENST00000258106	100.0	S	0.0
Exapal_XM_021061853.2	Gasp_gasp1.m3.4135.m1	100.0	S	0.0
Exapal_XM_021061853.2	Morvir_scaffold188.g35.t1	100.0	S	0.0
Exapal_XM_021061853.2	Xentro_ENSXETT00000025782	100.0	S	0.0
Exapal_XM_021061853.2	Tcas_TC009896_001	100.0	S	0.0
Exapal_XM_021061853.2	Ctel_gnl_WGS_AMQN_CAPTEDRAFT_mRNA6193	100.0	S	0.0
Exapal_XM_021061853.2	Spur_XM_031000064.1	100.0	S	0.0
Exapal_XM_021061853.2	Mmus_ENSMUST00000079721	100.0	S	0.0
Exapal_XM_021061853.2	Spis_XP_022798373_1	100.0	S	0.0
Exapal_XM_021061853.2	Xesp_022100-T1	100.0	S	0.0
Exapal_XM_021061853.2	Gfas_gfas1.m1.785.m1	100.0	S	0.0
Exapal_XM_021061853.2	Dmel_FBtr0083968	100.0	S	0.0
Exapal_XM_021061853.2	Hvul_g24998_1	100.0	S	0.0
Exapal_XM_021061853.2	Drer_ENSDART00000110682	100.0	S	0.0
Exapal_XM_021061853.2	Spur_XM_003726002.3	100.0	S	0.0
Exapal_XM_021061853.2	Fspp_ffun1.m4.22959.m1	100.0	S	0.0
Exapal_XM_021061853.2	Ctel_gnl_WGS_AMQN_CAPTEDRAFT_mRNA70959	100.0	S	0.0
Exapal_XM_021061853.2	Apimel_XM_624478	100.0	S	0.0
Exapal_XM_021061853.2	Hsap_ENST00000357878	100.0	S	0.0
Xesp_007810-T1	Gfas_gfas1.m1.13208.m1	90.0	S	0.0
Xesp_007810-T1	Gasp_gasp1.m3.14501.m1	90.0	S	0.0
Xesp_007810-T1	Mmus_ENSMUST00000088311	90.0	S	0.0
Xesp_007810-T1	Ctel_gnl_WGS_AMQN_CAPTEDRAFT_mRNA159948	90.0	S	0.0
Xesp_007810-T1	Hsap_ENST00000297537	90.0	S	0.0
Xesp_007810-T1	Bflo_XM_035808158.1	90.0	S	0.0
Xesp_007810-T1	Drer_ENSDART00000082355	90.0	S	0.0
Xesp_007810-T1	Xentro_ENSXETT00000007145	90.0	S	0.0
Xesp_007810-T1	Mmus_ENSMUST00000031650	90.0	S	0.0
Xesp_007810-T1	Xentro_ENSXETT00000011040	90.0	S	0.0
Xesp_007810-T1	Spur_XM_030972991.1	90.0	S	0.0
Xesp_007810-T1	Ctel_gnl_WGS_AMQN_CAPTEDRAFT_mRNA25827	90.0	S	0.0
Xesp_007810-T1	Galgal_ENSGALT00000050386	90.0	S	0.0
Xesp_007810-T1	Bflo_XM_035801587.1	90.0	S	0.0
Galgal_ENSGALT00000006317	Hhon_g08608.t1	96.0	S	0.0
Galgal_ENSGALT00000006317	Mmus_ENSMUST00000032717	96.0	S	0.0
Adig_XM_015909001.1	Hsap_ENST00000231656	78.0	S	0.0
Fspp_ffun1.m4.10292.m1	Bflo_XM_035802195.1	100.0	S	0.0
Dmel_FBtr0085441	Fspp_ffun1.m4.20261.m1	49.0	S	0.0
Gfas_gfas1.m1.2337.m1	Ctel_gnl_WGS_AMQN_CAPTEDRAFT_mRNA80782	97.0	S	0.0
Gfas_gfas1.m1.2337.m1	Spur_XM_030972836.1	97.0	S	0.0
Galgal_ENSGALT00000051878	Mmus_ENSMUST00000041265	100.0	S	0.0
Galgal_ENSGALT00000051878	Hsap_ENST00000377566	100.0	S	0.0
Xentro_ENSXETT00000089841	Chem_TCONS_00061956	68.0	S	0.0
Xentro_ENSXETT00000089841	Cgig_XM_011426479.3	68.0	S	0.0
Xentro_ENSXETT00000089841	Adig_XM_015902493.1	68.0	S	0.0
Hsap_ENST00000381033	Hsap_ENST00000329198	100.0	D	1.0
Nvec_v1g200278	Drer_ENSDART00000027463	100.0	S	0.0
Gfas_gfas1.m1.9044.m1	Adig_XM_015915192.1	89.0	S	0.0
Gfas_gfas1.m1.9044.m1	Galgal_ENSGALT00000046794	89.0	S	0.0
Dmel_FBtr0088390	Gasp_gasp1.m3.2233.m1	88.0	S	0.0
Dmel_FBtr0088390	Exapal_XM_021040495.2	88.0	S	0.0
Gasp_gasp1.m3.11755.m1	Spur_XM_011683941.2	92.0	S	0.0
Exapal_XM_021039415.2	Xentro_ENSXETT00000001623	98.0	S	0.0
Hhon_g07171.t1	Tadh_TriadT9560	100.0	S	0.0
Gfas_gfas1.m1.21554.m1	Apimel_XM_001120954	99.0	S	0.0
Gfas_gfas1.m1.21554.m1	Ctel_gnl_WGS_AMQN_CAPTEDRAFT_mRNA129537	99.0	S	0.0
Skow_XM_002741136.2	Cgig_XM_011421521.3	100.0	S	0.0
Exapal_XM_021042471.2	Adig_XM_015897305.1	88.0	S	0.0
Exapal_XM_021042471.2	Hsap_ENST00000518156	88.0	S	0.0
Exapal_XM_021042471.2	Gasp_gasp1.m3.29873.m1	88.0	S	0.0
Exapal_XM_021042471.2	Spis_XP_022793160_1	88.0	S	0.0
Exapal_XM_021042471.2	Fspp_ffun1.m4.15426.m1	88.0	S	0.0
Exapal_XM_021042471.2	Galgal_ENSGALT00000062322	88.0	S	0.0
Exapal_XM_021042471.2	Xentro_ENSXETT00000050714	88.0	S	0.0
Exapal_XM_021042471.2	Drer_ENSDART00000167757	88.0	S	0.0
Skow_XM_006821511.1	Exapal_XM_021056278.2	100.0	S	0.0
Skow_XM_006821511.1	Spis_XP_022799105_1	100.0	S	0.0
Skow_XM_006821511.1	Fspp_ffun1.m4.33384.m1	100.0	S	0.0
Galgal_ENSGALT00000044516	Exapal_XM_021056278.2	100.0	S	0.0
Galgal_ENSGALT00000044516	Spis_XP_022799105_1	100.0	S	0.0
Galgal_ENSGALT00000044516	Fspp_ffun1.m4.33384.m1	100.0	S	0.0
Nvec_v1g82785	Ctel_gnl_WGS_AMQN_CAPTEDRAFT_mRNA208832	99.0	S	0.0
Xentro_ENSXETT00000078593	Hsap_ENST00000282728	100.0	S	0.0
Aaur_scaffold2956.g1.t1	Xentro_ENSXETT00000082174	100.0	S	0.0
Aaur_scaffold2956.g1.t1	Morvir_scaffold140.g33.t1	100.0	S	0.0
Gfas_gfas1.m1.19176.m1	Spis_XP_022782912_1	100.0	S	0.0
Gfas_gfas1.m1.19176.m1	Fspp_ffun1.m4.29467.m1	100.0	S	0.0
Gfas_gfas1.m1.19176.m1	Spis_XP_022786402_1	100.0	S	0.0
Gfas_gfas1.m1.19176.m1	Spur_XM_031000060.1	100.0	S	0.0
Nvec_v1g81436	Spur_XM_778030.4	27.0	S	0.0
Nvec_v1g81436	Tcas_TC011745_001	27.0	S	0.0
Dgig_XM_028536225.1	Ctel_gnl_WGS_AMQN_CAPTEDRAFT_mRNA220898	95.0	S	0.0
Dgig_XM_028536225.1	Drer_ENSDART00000023639	95.0	S	0.0
Dgig_XM_028536225.1	Galgal_ENSGALT00000057448	95.0	S	0.0
Dgig_XM_028536225.1	Apimel_NM_001252428	95.0	S	0.0
Dgig_XM_028536225.1	Galgal_ENSGALT00000038688	95.0	S	0.0
Dgig_XM_028536225.1	Apimel_XM_006558625	95.0	S	0.0
Dgig_XM_028536225.1	Skow_NM_001165028.1	95.0	S	0.0
Dgig_XM_028536225.1	Cgig_XM_011456691.3	95.0	S	0.0
Dgig_XM_028536225.1	Fspp_ffun1.m4.9245.m1	95.0	S	0.0
Dgig_XM_028536225.1	Drer_ENSDART00000022377	95.0	S	0.0
Dgig_XM_028536225.1	Hsap_ENST00000325017	95.0	S	0.0
Dgig_XM_028536225.1	Galgal_ENSGALT00000001806	95.0	S	0.0
Dgig_XM_028536225.1	Cgig_XM_011448831.3	95.0	S	0.0
Dgig_XM_028536225.1	Ctel_gnl_WGS_AMQN_CAPTEDRAFT_mRNA170007	95.0	S	0.0
Dgig_XM_028536225.1	Hsap_ENST00000524983	95.0	S	0.0
Dgig_XM_028536225.1	Hsap_ENST00000344586	95.0	S	0.0
Dgig_XM_028536225.1	Galgal_ENSGALT00000043274	95.0	S	0.0
Dgig_XM_028536225.1	Nvec_v1g205636	95.0	S	0.0
Dgig_XM_028536225.1	Cgig_XM_011458680.3	95.0	S	0.0
Drer_ENSDART00000099983	Xentro_ENSXETT00000100033	100.0	S	0.0
Hsap_ENST00000370445	Gfas_gfas1.m1.579.m1	100.0	S	0.0
Hsap_ENST00000370445	Xentro_ENSXETT00000051744	100.0	S	0.0
Fspp_ffun1.m4.29526.m1	Nvec_v1g39913	6.0	S	0.0
Fspp_ffun1.m4.29526.m1	Drer_ENSDART00000004548	6.0	S	0.0
Fspp_ffun1.m4.29526.m1	Gasp_gasp1.m3.23770.m1	6.0	S	0.0
Fspp_ffun1.m4.29526.m1	Xesp_013947-T1	6.0	S	0.0
Mmus_ENSMUST00000173623	Ctel_gnl_WGS_AMQN_CAPTEDRAFT_mRNA30874	99.0	S	0.0
Mmus_ENSMUST00000173623	Xentro_ENSXETT00000088471	99.0	S	0.0
Mmus_ENSMUST00000173623	Galgal_ENSGALT00000072069	99.0	S	0.0
Mmus_ENSMUST00000173623	Gfas_gfas1.m1.7119.m1	99.0	S	0.0
Mmus_ENSMUST00000173623	Adig_XM_015897724.1	99.0	S	0.0
Mmus_ENSMUST00000173623	Spur_XM_030998177.1	99.0	S	0.0
Xesp_020407-T1	Ctel_gnl_WGS_AMQN_CAPTEDRAFT_mRNA30874	99.0	S	0.0
Xesp_020407-T1	Xentro_ENSXETT00000088471	99.0	S	0.0
Xesp_020407-T1	Galgal_ENSGALT00000072069	99.0	S	0.0
Xesp_020407-T1	Gfas_gfas1.m1.7119.m1	99.0	S	0.0
Xesp_020407-T1	Adig_XM_015897724.1	99.0	S	0.0
Xesp_020407-T1	Spur_XM_030998177.1	99.0	S	0.0
Exapal_XM_021053893.2	Spis_XP_022779308_1	100.0	S	0.0
Gasp_gasp1.m3.10379.m1	Adig_XM_015915184.1	98.0	S	0.0
Gasp_gasp1.m3.10379.m1	Fspp_ffun1.m4.31060.m1	98.0	S	0.0
Gasp_gasp1.m3.10379.m1	Gfas_gfas1.m1.16381.m1	98.0	S	0.0
Gasp_gasp1.m3.10379.m1	Exapal_XM_021037732.2	98.0	S	0.0
Gfas_gfas1.m1.16375.m1	Fspp_ffun1.m4.17748.m1	100.0	S	0.0
Gfas_gfas1.m1.16375.m1	Adig_XM_015901485.1	100.0	S	0.0
Apimel_XM_006557259	Mmus_ENSMUST00000048715	100.0	S	0.0
Dgig_XM_028540837.1	Drer_ENSDART00000085846	22.0	S	0.0
Dgig_XM_028540837.1	Nvec_v1g127891	22.0	S	0.0
Dgig_XM_028540837.1	Exapal_XM_021058269.2	22.0	S	0.0
Dgig_XM_028540837.1	Nvec_v1g117718	22.0	S	0.0
Fspp_ffun1.m4.30998.m1	Ctel_gnl_WGS_AMQN_CAPTEDRAFT_mRNA220261	88.0	S	0.0
Fspp_ffun1.m4.30998.m1	Cgig_XM_011422319.3	88.0	S	0.0
Fspp_ffun1.m4.30998.m1	Ctel_gnl_WGS_AMQN_CAPTEDRAFT_mRNA94911	88.0	S	0.0
Fspp_ffun1.m4.30998.m1	Dmel_FBtr0082863	88.0	S	0.0
Fspp_ffun1.m4.30998.m1	Exapal_XM_021042516.2	88.0	S	0.0
Fspp_ffun1.m4.30998.m1	Hsap_ENST00000222718	88.0	S	0.0
Cgig_XM_011448954.3	Ctel_gnl_WGS_AMQN_CAPTEDRAFT_mRNA80769	100.0	S	0.0
Fspp_ffun1.m4.18980.m1	Aaur_scaffold706.g5.t1	72.0	S	0.0
Bflo_XM_035828927.1	Skow_XM_006816183.1	97.0	S	0.0
Bflo_XM_035828927.1	Adig_XM_015914462.1	97.0	S	0.0
Bflo_XM_035828927.1	Nvec_v1g123192	97.0	S	0.0
Bflo_XM_035828927.1	Xesp_001248-T1	97.0	S	0.0
Bflo_XM_035828927.1	Gfas_gfas1.m1.20899.m1	97.0	S	0.0
Bflo_XM_035828927.1	Adig_XM_015897722.1	97.0	S	0.0
Bflo_XM_035828927.1	Xesp_007977-T1	97.0	S	0.0
Bflo_XM_035828927.1	Gasp_gasp1.m1b.17996.m1	97.0	S	0.0
Nvec_v1g196876	Hvul_g30386_1	100.0	S	0.0
Xentro_ENSXETT00000020130	Spis_XP_022791916_1	100.0	S	0.0
Hsap_ENST00000398468	Tcas_TC008996_001	78.0	S	0.0
Hsap_ENST00000398468	Skow_NM_001171216.1	78.0	S	0.0
Hsap_ENST00000398468	Xesp_016908-T1	78.0	S	0.0
Hsap_ENST00000398468	Nvec_v1g81309	78.0	S	0.0
Hsap_ENST00000398468	Spis_XP_022804634_1	78.0	S	0.0
Hsap_ENST00000398468	Tcas_TC000921_001	78.0	S	0.0
Hsap_ENST00000398468	Spis_XP_022791938_1	78.0	S	0.0
Mmus_ENSMUST00000089578	Tcas_TC008996_001	78.0	S	0.0
Mmus_ENSMUST00000089578	Skow_NM_001171216.1	78.0	S	0.0
Mmus_ENSMUST00000089578	Xesp_016908-T1	78.0	S	0.0
Mmus_ENSMUST00000089578	Nvec_v1g81309	78.0	S	0.0
Mmus_ENSMUST00000089578	Spis_XP_022804634_1	78.0	S	0.0
Mmus_ENSMUST00000089578	Tcas_TC000921_001	78.0	S	0.0
Mmus_ENSMUST00000089578	Spis_XP_022791938_1	78.0	S	0.0
Bflo_XM_035801619.1	Skow_XM_006824221.1	100.0	S	0.0
Drer_ENSDART00000103131	Gasp_gasp1.m3.4695.m1	93.0	S	0.0
Drer_ENSDART00000103131	Fspp_ffun1.m4.15423.m1	93.0	S	0.0
Drer_ENSDART00000103131	Mmus_ENSMUST00000031787	93.0	S	0.0
Exapal_XM_021057757.2	Gasp_gasp1.m3.4695.m1	93.0	S	0.0
Exapal_XM_021057757.2	Fspp_ffun1.m4.15423.m1	93.0	S	0.0
Exapal_XM_021057757.2	Mmus_ENSMUST00000031787	93.0	S	0.0
Fspp_ffun1.m4.24397.m1	Dmel_FBtr0081696	100.0	S	0.0
Fspp_ffun1.m4.24397.m1	Xesp_013044-T1	100.0	S	0.0
Adig_XM_015918185.1	Xentro_ENSXETT00000062441	82.0	S	0.0
Adig_XM_015918185.1	Apimel_XM_006560321	82.0	S	0.0
Adig_XM_015918185.1	Chem_TCONS_00013206	82.0	S	0.0
Adig_XM_015918185.1	Xentro_ENSXETT00000094839	82.0	S	0.0
Spis_XP_022791943_1	Xesp_010136-T1	100.0	S	0.0
Bflo_XM_035844322.1	Galgal_ENSGALT00000049477	94.0	S	0.0
Bflo_XM_035844322.1	Gfas_gfas1.m1.2443.m1	94.0	S	0.0
Bflo_XM_035844322.1	Apimel_XM_016916875	94.0	S	0.0
Bflo_XM_035844322.1	Spis_XP_022798377_1	94.0	S	0.0
Bflo_XM_035844322.1	Chem_TCONS_00029478	94.0	S	0.0
Bflo_XM_035844322.1	Gfas_gfas1.m1.578.m1	94.0	S	0.0
Ctel_gnl_WGS_AMQN_CAPTEDRAFT_mRNA127728	Hsap_ENST00000311626	100.0	S	0.0
Ctel_gnl_WGS_AMQN_CAPTEDRAFT_mRNA127728	Galgal_ENSGALT00000070404	100.0	S	0.0
Chem_TCONS_00056354	Hvul_g16557_1	100.0	S	0.0
Gfas_gfas1.m1.6139.m1	Xentro_ENSXETT00000065721	100.0	S	0.0
Gfas_gfas1.m1.6139.m1	Xesp_013923-T1	100.0	S	0.0
Gfas_gfas1.m1.6139.m1	Skow_XM_006824407.1	100.0	S	0.0
Gfas_gfas1.m1.6139.m1	Dmel_FBtr0076751	100.0	S	0.0
Gfas_gfas1.m1.6139.m1	Dgig_XM_028535767.1	100.0	S	0.0
Gfas_gfas1.m1.6139.m1	Fspp_ffun1.m4.11751.m1	100.0	S	0.0
Gfas_gfas1.m1.6139.m1	Dgig_XM_028554263.1	100.0	S	0.0
Gfas_gfas1.m1.6139.m1	Exapal_XM_021043058.2	100.0	S	0.0
Gfas_gfas1.m1.6139.m1	Gasp_gasp1.m3.24581.m1	100.0	S	0.0
Gfas_gfas1.m1.6139.m1	Bflo_XM_035841216.1	100.0	S	0.0
Gfas_gfas1.m1.6139.m1	Spur_XM_780913.5	100.0	S	0.0
Gfas_gfas1.m1.6139.m1	Gasp_gasp1.m3.2245.m1	100.0	S	0.0
Gfas_gfas1.m1.6139.m1	Xentro_ENSXETT00000062188	100.0	S	0.0
Gfas_gfas1.m1.6139.m1	Ctel_gnl_WGS_AMQN_CAPTEDRAFT_mRNA79123	100.0	S	0.0
Gfas_gfas1.m1.6139.m1	Spis_XP_022802187_1	100.0	S	0.0
Gfas_gfas1.m1.6139.m1	Tcas_TC013614_001	100.0	S	0.0
Cgig_XM_011416272.3	Xentro_ENSXETT00000065721	100.0	S	0.0
Cgig_XM_011416272.3	Xesp_013923-T1	100.0	S	0.0
Cgig_XM_011416272.3	Skow_XM_006824407.1	100.0	S	0.0
Cgig_XM_011416272.3	Dmel_FBtr0076751	100.0	S	0.0
Cgig_XM_011416272.3	Dgig_XM_028535767.1	100.0	S	0.0
Cgig_XM_011416272.3	Fspp_ffun1.m4.11751.m1	100.0	S	0.0
Cgig_XM_011416272.3	Dgig_XM_028554263.1	100.0	S	0.0
Cgig_XM_011416272.3	Exapal_XM_021043058.2	100.0	S	0.0
Cgig_XM_011416272.3	Gasp_gasp1.m3.24581.m1	100.0	S	0.0
Cgig_XM_011416272.3	Bflo_XM_035841216.1	100.0	S	0.0
Cgig_XM_011416272.3	Spur_XM_780913.5	100.0	S	0.0
Cgig_XM_011416272.3	Gasp_gasp1.m3.2245.m1	100.0	S	0.0
Cgig_XM_011416272.3	Xentro_ENSXETT00000062188	100.0	S	0.0
Cgig_XM_011416272.3	Ctel_gnl_WGS_AMQN_CAPTEDRAFT_mRNA79123	100.0	S	0.0
Cgig_XM_011416272.3	Spis_XP_022802187_1	100.0	S	0.0
Cgig_XM_011416272.3	Tcas_TC013614_001	100.0	S	0.0
Xesp_013949-T1	Hsap_ENST00000326902	100.0	S	0.0
Xesp_013949-T1	Skow_NM_001165004.1	100.0	S	0.0
Xesp_013949-T1	Exapal_XM_021044583.2	100.0	S	0.0
Xesp_013949-T1	Spur_NM_214650.2	100.0	S	0.0
Xesp_013949-T1	Spis_XP_022800116_1	100.0	S	0.0
Xesp_013949-T1	Morvir_scaffold42.g46.t1	100.0	S	0.0
Xesp_013949-T1	Adig_XM_015903087.1	100.0	S	0.0
Xesp_013949-T1	Xentro_ENSXETT00000060579	100.0	S	0.0
Xesp_013949-T1	Gfas_gfas1.m1.18035.m1	100.0	S	0.0
Xesp_013949-T1	Galgal_ENSGALT00000018301	100.0	S	0.0
Xesp_013949-T1	Tcas_TC011749_001	100.0	S	0.0
Xesp_013949-T1	Drer_ENSDART00000163847	100.0	S	0.0
Xesp_013949-T1	Bflo_XM_035802305.1	100.0	S	0.0
Xesp_013949-T1	Gfas_gfas1.m1.19699.m1	100.0	S	0.0
Xesp_013949-T1	Galgal_ENSGALT00000051056	100.0	S	0.0
Xesp_013949-T1	Mmus_ENSMUST00000097974	100.0	S	0.0
Xesp_013949-T1	Spur_XM_777915.5	100.0	S	0.0
Xesp_013949-T1	Dgig_XM_028537572.1	100.0	S	0.0
Xesp_013949-T1	Drer_ENSDART00000006393	100.0	S	0.0
Xesp_013949-T1	Drer_ENSDART00000008468	100.0	S	0.0
Xesp_013949-T1	Mmus_ENSMUST00000044125	100.0	S	0.0
Xesp_013949-T1	Dmel_FBtr0075720	100.0	S	0.0
Xesp_013949-T1	Bflo_XM_035844295.1	100.0	S	0.0
Xesp_013949-T1	Xentro_ENSXETT00000016948	100.0	S	0.0
Xesp_013949-T1	Adig_XM_015905829.1	100.0	S	0.0
Xesp_013949-T1	Drer_ENSDART00000029874	100.0	S	0.0
Xesp_013949-T1	Nvec_v1g197288	100.0	S	0.0
Xesp_013949-T1	Fspp_ffun1.m4.1443.m1	100.0	S	0.0
Xesp_013949-T1	Hsap_ENST00000368592	100.0	S	0.0
Xesp_013949-T1	Hhon_g07174.t1	100.0	S	0.0
Xesp_013949-T1	Spur_XM_776557.4	100.0	S	0.0
Xesp_013949-T1	Galgal_ENSGALT00000017098	100.0	S	0.0
Xesp_013949-T1	Drer_ENSDART00000085395	100.0	S	0.0
Xesp_007966-T1	Hsap_ENST00000326902	100.0	S	0.0
Xesp_007966-T1	Skow_NM_001165004.1	100.0	S	0.0
Xesp_007966-T1	Exapal_XM_021044583.2	100.0	S	0.0
Xesp_007966-T1	Spur_NM_214650.2	100.0	S	0.0
Xesp_007966-T1	Spis_XP_022800116_1	100.0	S	0.0
Xesp_007966-T1	Morvir_scaffold42.g46.t1	100.0	S	0.0
Xesp_007966-T1	Adig_XM_015903087.1	100.0	S	0.0
Xesp_007966-T1	Xentro_ENSXETT00000060579	100.0	S	0.0
Xesp_007966-T1	Gfas_gfas1.m1.18035.m1	100.0	S	0.0
Xesp_007966-T1	Galgal_ENSGALT00000018301	100.0	S	0.0
Xesp_007966-T1	Tcas_TC011749_001	100.0	S	0.0
Xesp_007966-T1	Drer_ENSDART00000163847	100.0	S	0.0
Xesp_007966-T1	Bflo_XM_035802305.1	100.0	S	0.0
Xesp_007966-T1	Gfas_gfas1.m1.19699.m1	100.0	S	0.0
Xesp_007966-T1	Galgal_ENSGALT00000051056	100.0	S	0.0
Xesp_007966-T1	Mmus_ENSMUST00000097974	100.0	S	0.0
Xesp_007966-T1	Spur_XM_777915.5	100.0	S	0.0
Xesp_007966-T1	Dgig_XM_028537572.1	100.0	S	0.0
Xesp_007966-T1	Drer_ENSDART00000006393	100.0	S	0.0
Xesp_007966-T1	Drer_ENSDART00000008468	100.0	S	0.0
Xesp_007966-T1	Mmus_ENSMUST00000044125	100.0	S	0.0
Xesp_007966-T1	Dmel_FBtr0075720	100.0	S	0.0
Xesp_007966-T1	Bflo_XM_035844295.1	100.0	S	0.0
Xesp_007966-T1	Xentro_ENSXETT00000016948	100.0	S	0.0
Xesp_007966-T1	Adig_XM_015905829.1	100.0	S	0.0
Xesp_007966-T1	Drer_ENSDART00000029874	100.0	S	0.0
Xesp_007966-T1	Nvec_v1g197288	100.0	S	0.0
Xesp_007966-T1	Fspp_ffun1.m4.1443.m1	100.0	S	0.0
Xesp_007966-T1	Hsap_ENST00000368592	100.0	S	0.0
Xesp_007966-T1	Hhon_g07174.t1	100.0	S	0.0
Xesp_007966-T1	Spur_XM_776557.4	100.0	S	0.0
Xesp_007966-T1	Galgal_ENSGALT00000017098	100.0	S	0.0
Xesp_007966-T1	Drer_ENSDART00000085395	100.0	S	0.0
Bflo_XM_035817632.1	Apimel_XM_001121332	98.0	S	0.0
Bflo_XM_035817632.1	Xentro_ENSXETT00000084212	98.0	S	0.0
Spur_XM_030972991.1	Gfas_gfas1.m1.13208.m1	90.0	S	0.0
Spur_XM_030972991.1	Gasp_gasp1.m3.14501.m1	90.0	S	0.0
Spur_XM_030972991.1	Mmus_ENSMUST00000088311	90.0	S	0.0
Spur_XM_030972991.1	Ctel_gnl_WGS_AMQN_CAPTEDRAFT_mRNA159948	90.0	S	0.0
Spur_XM_030972991.1	Hsap_ENST00000297537	90.0	S	0.0
Spur_XM_030972991.1	Bflo_XM_035808158.1	90.0	S	0.0
Spur_XM_030972991.1	Drer_ENSDART00000082355	90.0	S	0.0
Spur_XM_030972991.1	Xentro_ENSXETT00000007145	90.0	S	0.0
Spur_XM_030972991.1	Mmus_ENSMUST00000031650	90.0	S	0.0
Spur_XM_030972991.1	Xentro_ENSXETT00000011040	90.0	S	0.0
Spur_XM_030972991.1	Ctel_gnl_WGS_AMQN_CAPTEDRAFT_mRNA25827	90.0	S	0.0
Spur_XM_030972991.1	Galgal_ENSGALT00000050386	90.0	S	0.0
Spur_XM_030972991.1	Bflo_XM_035801587.1	90.0	S	0.0
Hsap_ENST00000380871	Fspp_ffun1.m4.18978.m1	99.0	S	0.0
Hsap_ENST00000380871	Cgig_XM_011426484.3	99.0	S	0.0
Hsap_ENST00000380871	Exapal_XM_021046468.2	99.0	S	0.0
Gfas_gfas1.m1.13645.m1	Fspp_ffun1.m4.18978.m1	99.0	S	0.0
Gfas_gfas1.m1.13645.m1	Cgig_XM_011426484.3	99.0	S	0.0
Gfas_gfas1.m1.13645.m1	Exapal_XM_021046468.2	99.0	S	0.0
Aaur_scaffold460.g17.t1	Cgig_XM_011419062.3	29.0	S	0.0
Aaur_scaffold460.g17.t1	Drer_ENSDART00000078425	29.0	S	0.0
Aaur_scaffold460.g17.t1	Mmus_ENSMUST00000045942	29.0	S	0.0
Aaur_scaffold460.g17.t1	Morvir_scaffold98.g48.t1	29.0	S	0.0
Aaur_scaffold460.g17.t1	Drer_ENSDART00000046638	29.0	S	0.0
Aaur_scaffold460.g17.t1	Gasp_gasp1.m3.16233.m1	29.0	S	0.0
Aaur_scaffold460.g17.t1	Xentro_ENSXETT00000072471	29.0	S	0.0
Aaur_scaffold460.g17.t1	Mmus_ENSMUST00000021241	29.0	S	0.0
Aaur_scaffold460.g17.t1	Galgal_ENSGALT00000010527	29.0	S	0.0
Aaur_scaffold460.g17.t1	Drer_ENSDART00000076161	29.0	S	0.0
Aaur_scaffold460.g17.t1	Drer_ENSDART00000082329	29.0	S	0.0
Aaur_scaffold460.g17.t1	Drer_ENSDART00000045351	29.0	S	0.0
Aaur_scaffold460.g17.t1	Bflo_XM_035819308.1	29.0	S	0.0
Aaur_scaffold460.g17.t1	Ctel_gnl_WGS_AMQN_CAPTEDRAFT_mRNA70992	29.0	S	0.0
Aaur_scaffold460.g17.t1	Skow_NM_001164914.1	29.0	S	0.0
Aaur_scaffold460.g17.t1	Mmus_ENSMUST00000048680	29.0	S	0.0
Aaur_scaffold460.g17.t1	Fspp_ffun1.m4.1442.m1	29.0	S	0.0
Aaur_scaffold460.g17.t1	Drer_ENSDART00000110871	29.0	S	0.0
Aaur_scaffold460.g17.t1	Dgig_XM_028535251.1	29.0	S	0.0
Aaur_scaffold460.g17.t1	Hvul_g26228_1	29.0	S	0.0
Aaur_scaffold460.g17.t1	Drer_ENSDART00000164839	29.0	S	0.0
Aaur_scaffold460.g17.t1	Cgig_XM_011428337.3	29.0	S	0.0
Aaur_scaffold460.g17.t1	Xentro_ENSXETT00000094587	29.0	S	0.0
Exapal_XM_021037512.2	Cgig_XM_011419062.3	29.0	S	0.0
Exapal_XM_021037512.2	Drer_ENSDART00000078425	29.0	S	0.0
Exapal_XM_021037512.2	Mmus_ENSMUST00000045942	29.0	S	0.0
Exapal_XM_021037512.2	Morvir_scaffold98.g48.t1	29.0	S	0.0
Exapal_XM_021037512.2	Drer_ENSDART00000046638	29.0	S	0.0
Exapal_XM_021037512.2	Gasp_gasp1.m3.16233.m1	29.0	S	0.0
Exapal_XM_021037512.2	Xentro_ENSXETT00000072471	29.0	S	0.0
Exapal_XM_021037512.2	Mmus_ENSMUST00000021241	29.0	S	0.0
Exapal_XM_021037512.2	Galgal_ENSGALT00000010527	29.0	S	0.0
Exapal_XM_021037512.2	Drer_ENSDART00000076161	29.0	S	0.0
Exapal_XM_021037512.2	Drer_ENSDART00000082329	29.0	S	0.0
Exapal_XM_021037512.2	Drer_ENSDART00000045351	29.0	S	0.0
Exapal_XM_021037512.2	Bflo_XM_035819308.1	29.0	S	0.0
Exapal_XM_021037512.2	Ctel_gnl_WGS_AMQN_CAPTEDRAFT_mRNA70992	29.0	S	0.0
Exapal_XM_021037512.2	Skow_NM_001164914.1	29.0	S	0.0
Exapal_XM_021037512.2	Mmus_ENSMUST00000048680	29.0	S	0.0
Exapal_XM_021037512.2	Fspp_ffun1.m4.1442.m1	29.0	S	0.0
Exapal_XM_021037512.2	Drer_ENSDART00000110871	29.0	S	0.0
Exapal_XM_021037512.2	Dgig_XM_028535251.1	29.0	S	0.0
Exapal_XM_021037512.2	Hvul_g26228_1	29.0	S	0.0
Exapal_XM_021037512.2	Drer_ENSDART00000164839	29.0	S	0.0
Exapal_XM_021037512.2	Cgig_XM_011428337.3	29.0	S	0.0
Exapal_XM_021037512.2	Xentro_ENSXETT00000094587	29.0	S	0.0
Exapal_XM_021043065.2	Drer_ENSDART00000146636	100.0	S	0.0
Exapal_XM_021043065.2	Ctel_gnl_WGS_AMQN_CAPTEDRAFT_mRNA221803	100.0	S	0.0
Exapal_XM_021043065.2	Adig_XM_015918189.1	100.0	S	0.0
Nvec_v1g101731	Drer_ENSDART00000146636	100.0	S	0.0
Nvec_v1g101731	Ctel_gnl_WGS_AMQN_CAPTEDRAFT_mRNA221803	100.0	S	0.0
Nvec_v1g101731	Adig_XM_015918189.1	100.0	S	0.0
Spis_XP_022779304_1	Mmus_ENSMUST00000086795	88.0	S	0.0
Spis_XP_022779304_1	Galgal_ENSGALT00000018518	88.0	S	0.0
Spis_XP_022779304_1	Galgal_ENSGALT00000062843	88.0	S	0.0
Spis_XP_022779304_1	Mmus_ENSMUST00000100164	88.0	S	0.0
Spis_XP_022779304_1	Xentro_ENSXETT00000089346	88.0	S	0.0
Spis_XP_022779304_1	Nvec_v1g39924	88.0	S	0.0
Spis_XP_022779304_1	Galgal_ENSGALT00000089956	88.0	S	0.0
Spis_XP_022779304_1	Gasp_gasp1.m3.3947.m1	88.0	S	0.0
Spis_XP_022779304_1	Tcas_TC009461_001	88.0	S	0.0
Spis_XP_022779304_1	Xentro_ENSXETT00000021090	88.0	S	0.0
Spis_XP_022779304_1	Cgig_XM_011457020.3	88.0	S	0.0
Spis_XP_022779304_1	Skow_NM_001164925.1	88.0	S	0.0
Spis_XP_022779304_1	Skow_NM_001164908.1	88.0	S	0.0
Spis_XP_022779304_1	Drer_ENSDART00000114035	88.0	S	0.0
Spis_XP_022779304_1	Xentro_ENSXETT00000047578	88.0	S	0.0
Spis_XP_022779304_1	Drer_ENSDART00000103132	88.0	S	0.0
Spis_XP_022779304_1	Mmus_ENSMUST00000125581	88.0	S	0.0
Spis_XP_022779304_1	Exapal_XM_021051231.2	88.0	S	0.0
Bflo_XM_035828549.1	Mmus_ENSMUST00000086795	88.0	S	0.0
Bflo_XM_035828549.1	Galgal_ENSGALT00000018518	88.0	S	0.0
Bflo_XM_035828549.1	Galgal_ENSGALT00000062843	88.0	S	0.0
Bflo_XM_035828549.1	Mmus_ENSMUST00000100164	88.0	S	0.0
Bflo_XM_035828549.1	Xentro_ENSXETT00000089346	88.0	S	0.0
Bflo_XM_035828549.1	Nvec_v1g39924	88.0	S	0.0
Bflo_XM_035828549.1	Galgal_ENSGALT00000089956	88.0	S	0.0
Bflo_XM_035828549.1	Gasp_gasp1.m3.3947.m1	88.0	S	0.0
Bflo_XM_035828549.1	Tcas_TC009461_001	88.0	S	0.0
Bflo_XM_035828549.1	Xentro_ENSXETT00000021090	88.0	S	0.0
Bflo_XM_035828549.1	Cgig_XM_011457020.3	88.0	S	0.0
Bflo_XM_035828549.1	Skow_NM_001164925.1	88.0	S	0.0
Bflo_XM_035828549.1	Skow_NM_001164908.1	88.0	S	0.0
Bflo_XM_035828549.1	Drer_ENSDART00000114035	88.0	S	0.0
Bflo_XM_035828549.1	Xentro_ENSXETT00000047578	88.0	S	0.0
Bflo_XM_035828549.1	Drer_ENSDART00000103132	88.0	S	0.0
Bflo_XM_035828549.1	Mmus_ENSMUST00000125581	88.0	S	0.0
Bflo_XM_035828549.1	Exapal_XM_021051231.2	88.0	S	0.0
Hhon_g07172.t1	Hsap_ENST00000040584	89.0	S	0.0
Hhon_g07172.t1	Fspp_ffun1.m4.18981.m1	89.0	S	0.0
Hhon_g07172.t1	Drer_ENSDART00000163611	89.0	S	0.0
Hhon_g07172.t1	Exapal_XM_021043064.2	89.0	S	0.0
Hhon_g07172.t1	Adig_XM_015912983.1	89.0	S	0.0
Hhon_g07172.t1	Xesp_009291-T1	89.0	S	0.0
Hhon_g07172.t1	Hsap_ENST00000351817	89.0	S	0.0
Hhon_g07172.t1	Drer_ENSDART00000128951	89.0	S	0.0
Hhon_g07172.t1	Adig_XM_015901484.1	89.0	S	0.0
Hhon_g07172.t1	Spis_XP_022792033_1	89.0	S	0.0
Hhon_g07172.t1	Skow_XM_006817477.1	89.0	S	0.0
Hhon_g07172.t1	Ctel_gnl_WGS_AMQN_CAPTEDRAFT_mRNA137362	89.0	S	0.0
Hhon_g07172.t1	Hsap_ENST00000243108	89.0	S	0.0
Hhon_g07172.t1	Fspp_ffun1.m4.20503.m1	89.0	S	0.0
Hhon_g07172.t1	Spur_XM_011679176.2	89.0	S	0.0
Hhon_g07172.t1	Exapal_XM_021039430.2	89.0	S	0.0
Hhon_g07172.t1	Gfas_gfas1.m1.776.m1	89.0	S	0.0
Hsap_ENST00000253968	Fspp_ffun1.m4.29242.m1	99.0	S	0.0
Bflo_XM_035802104.1	Xentro_ENSXETT00000063234	95.0	S	0.0
Hhon_g08608.t1	Mmus_ENSMUST00000032717	99.0	S	0.0
Ctel_gnl_WGS_AMQN_CAPTEDRAFT_mRNA80782	Spur_XM_030972836.1	99.0	S	0.0
Hsap_ENST00000377566	Mmus_ENSMUST00000041265	100.0	S	0.0
Adig_XM_015902493.1	Chem_TCONS_00061956	99.0	S	0.0
Adig_XM_015902493.1	Cgig_XM_011426479.3	99.0	S	0.0
Adig_XM_015915192.1	Galgal_ENSGALT00000046794	70.0	S	0.0
Exapal_XM_021040495.2	Gasp_gasp1.m3.2233.m1	100.0	S	0.0
Apimel_XM_001120954	Ctel_gnl_WGS_AMQN_CAPTEDRAFT_mRNA129537	100.0	S	0.0
Adig_XM_015897305.1	Hsap_ENST00000518156	100.0	S	0.0
Adig_XM_015897305.1	Xentro_ENSXETT00000050714	100.0	S	0.0
Adig_XM_015897305.1	Galgal_ENSGALT00000062322	100.0	S	0.0
Adig_XM_015897305.1	Drer_ENSDART00000167757	100.0	S	0.0
Gasp_gasp1.m3.29873.m1	Hsap_ENST00000518156	100.0	S	0.0
Gasp_gasp1.m3.29873.m1	Xentro_ENSXETT00000050714	100.0	S	0.0
Gasp_gasp1.m3.29873.m1	Galgal_ENSGALT00000062322	100.0	S	0.0
Gasp_gasp1.m3.29873.m1	Drer_ENSDART00000167757	100.0	S	0.0
Fspp_ffun1.m4.15426.m1	Hsap_ENST00000518156	100.0	S	0.0
Fspp_ffun1.m4.15426.m1	Xentro_ENSXETT00000050714	100.0	S	0.0
Fspp_ffun1.m4.15426.m1	Galgal_ENSGALT00000062322	100.0	S	0.0
Fspp_ffun1.m4.15426.m1	Drer_ENSDART00000167757	100.0	S	0.0
Spis_XP_022793160_1	Hsap_ENST00000518156	100.0	S	0.0
Spis_XP_022793160_1	Xentro_ENSXETT00000050714	100.0	S	0.0
Spis_XP_022793160_1	Galgal_ENSGALT00000062322	100.0	S	0.0
Spis_XP_022793160_1	Drer_ENSDART00000167757	100.0	S	0.0
Galgal_ENSGALT00000044516	Skow_XM_006821511.1	100.0	S	0.0
Fspp_ffun1.m4.33384.m1	Exapal_XM_021056278.2	100.0	S	0.0
Fspp_ffun1.m4.33384.m1	Spis_XP_022799105_1	100.0	S	0.0
Drer_ENSDART00000054822	Xentro_ENSXETT00000005952	100.0	S	0.0
Drer_ENSDART00000054822	Dmel_FBtr0330389	100.0	S	0.0
Drer_ENSDART00000054822	Gasp_gasp1.m3.4133.m1	100.0	S	0.0
Drer_ENSDART00000054822	Galgal_ENSGALT00000095563	100.0	S	0.0
Dmel_FBtr0084087	Gasp_gasp1.m3.680.m1	98.0	S	0.0
Dmel_FBtr0084087	Bflo_XM_035818757.1	98.0	S	0.0
Dmel_FBtr0084087	Spis_XP_022782914_1	98.0	S	0.0
Dmel_FBtr0084087	Spis_XP_022786405_1	98.0	S	0.0
Dmel_FBtr0084087	Exapal_XM_021044213.2	98.0	S	0.0
Dmel_FBtr0084087	Fspp_ffun1.m4.4461.m1	98.0	S	0.0
Dmel_FBtr0084087	Skow_XM_006819482.1	98.0	S	0.0
Adig_XM_015905827.1	Gasp_gasp1.m3.680.m1	98.0	S	0.0
Adig_XM_015905827.1	Bflo_XM_035818757.1	98.0	S	0.0
Adig_XM_015905827.1	Spis_XP_022782914_1	98.0	S	0.0
Adig_XM_015905827.1	Spis_XP_022786405_1	98.0	S	0.0
Adig_XM_015905827.1	Exapal_XM_021044213.2	98.0	S	0.0
Adig_XM_015905827.1	Fspp_ffun1.m4.4461.m1	98.0	S	0.0
Adig_XM_015905827.1	Skow_XM_006819482.1	98.0	S	0.0
Drer_ENSDART00000078466	Gasp_gasp1.m3.680.m1	98.0	S	0.0
Drer_ENSDART00000078466	Bflo_XM_035818757.1	98.0	S	0.0
Drer_ENSDART00000078466	Spis_XP_022782914_1	98.0	S	0.0
Drer_ENSDART00000078466	Spis_XP_022786405_1	98.0	S	0.0
Drer_ENSDART00000078466	Exapal_XM_021044213.2	98.0	S	0.0
Drer_ENSDART00000078466	Fspp_ffun1.m4.4461.m1	98.0	S	0.0
Drer_ENSDART00000078466	Skow_XM_006819482.1	98.0	S	0.0
Cgig_XM_011416274.3	Gasp_gasp1.m3.680.m1	98.0	S	0.0
Cgig_XM_011416274.3	Bflo_XM_035818757.1	98.0	S	0.0
Cgig_XM_011416274.3	Spis_XP_022782914_1	98.0	S	0.0
Cgig_XM_011416274.3	Spis_XP_022786405_1	98.0	S	0.0
Cgig_XM_011416274.3	Exapal_XM_021044213.2	98.0	S	0.0
Cgig_XM_011416274.3	Fspp_ffun1.m4.4461.m1	98.0	S	0.0
Cgig_XM_011416274.3	Skow_XM_006819482.1	98.0	S	0.0
Dgig_XM_028562906.1	Gasp_gasp1.m3.680.m1	98.0	S	0.0
Dgig_XM_028562906.1	Bflo_XM_035818757.1	98.0	S	0.0
Dgig_XM_028562906.1	Spis_XP_022782914_1	98.0	S	0.0
Dgig_XM_028562906.1	Spis_XP_022786405_1	98.0	S	0.0
Dgig_XM_028562906.1	Exapal_XM_021044213.2	98.0	S	0.0
Dgig_XM_028562906.1	Fspp_ffun1.m4.4461.m1	98.0	S	0.0
Dgig_XM_028562906.1	Skow_XM_006819482.1	98.0	S	0.0
Apimel_XM_003251590	Gasp_gasp1.m3.680.m1	98.0	S	0.0
Apimel_XM_003251590	Bflo_XM_035818757.1	98.0	S	0.0
Apimel_XM_003251590	Spis_XP_022782914_1	98.0	S	0.0
Apimel_XM_003251590	Spis_XP_022786405_1	98.0	S	0.0
Apimel_XM_003251590	Exapal_XM_021044213.2	98.0	S	0.0
Apimel_XM_003251590	Fspp_ffun1.m4.4461.m1	98.0	S	0.0
Apimel_XM_003251590	Skow_XM_006819482.1	98.0	S	0.0
Xentro_ENSXETT00000082174	Morvir_scaffold140.g33.t1	30.0	S	0.0
Spis_XP_022794616_1	Galgal_ENSGALT00000089091	100.0	S	0.0
Spis_XP_022782912_1	Fspp_ffun1.m4.29467.m1	100.0	S	0.0
Spis_XP_022782912_1	Spur_XM_031000060.1	100.0	S	0.0
Spis_XP_022786402_1	Fspp_ffun1.m4.29467.m1	100.0	S	0.0
Spis_XP_022786402_1	Spur_XM_031000060.1	100.0	S	0.0
Tcas_TC011745_001	Spur_XM_778030.4	90.0	S	0.0
Mmus_ENSMUST00000000964	Apimel_XM_016916047	90.0	S	0.0
Nvec_v1g127828	Galgal_ENSGALT00000059800	84.0	S	0.0
Nvec_v1g127828	Xentro_ENSXETT00000066949	84.0	S	0.0
Nvec_v1g127828	Tadh_TriadT50928	84.0	S	0.0
Nvec_v1g127828	Apimel_XM_394578	84.0	S	0.0
Nvec_v1g127828	Skow_NM_001164910.1	84.0	S	0.0
Nvec_v1g127828	Drer_ENSDART00000061716	84.0	S	0.0
Nvec_v1g127828	Hhon_g07292.t1	84.0	S	0.0
Nvec_v1g127828	Drer_ENSDART00000017493	84.0	S	0.0
Nvec_v1g127828	Hsap_ENST00000422806	84.0	S	0.0
Nvec_v1g127828	Xentro_ENSXETT00000001601	84.0	S	0.0
Nvec_v1g127828	Fspp_ffun1.m4.12110.m1	84.0	S	0.0
Nvec_v1g127828	Mmus_ENSMUST00000067020	84.0	S	0.0
Nvec_v1g127828	Cgig_XM_011426485.3	84.0	S	0.0
Nvec_v1g127828	Mmus_ENSMUST00000001536	84.0	S	0.0
Nvec_v1g127828	Tadh_TriadT9507	84.0	S	0.0
Nvec_v1g127828	Fspp_ffun1.m4.23128.m1	84.0	S	0.0
Nvec_v1g127828	Tcas_TC011744_001	84.0	S	0.0
Nvec_v1g127828	Exapal_XM_021044589.2	84.0	S	0.0
Nvec_v1g127828	Spis_XP_022804770_1	84.0	S	0.0
Nvec_v1g127828	Ctel_gnl_WGS_AMQN_CAPTEDRAFT_mRNA149569	84.0	S	0.0
Gfas_gfas1.m1.579.m1	Xentro_ENSXETT00000051744	100.0	S	0.0
Nvec_v1g39913	Gasp_gasp1.m3.23770.m1	18.0	S	0.0
Nvec_v1g39913	Xesp_013947-T1	18.0	S	0.0
Drer_ENSDART00000004548	Gasp_gasp1.m3.23770.m1	18.0	S	0.0
Drer_ENSDART00000004548	Xesp_013947-T1	18.0	S	0.0
Xesp_020407-T1	Mmus_ENSMUST00000173623	100.0	S	0.0
Xentro_ENSXETT00000088471	Ctel_gnl_WGS_AMQN_CAPTEDRAFT_mRNA30874	100.0	S	0.0
Xentro_ENSXETT00000088471	Adig_XM_015897724.1	100.0	S	0.0
Xentro_ENSXETT00000088471	Galgal_ENSGALT00000072069	100.0	S	0.0
Xentro_ENSXETT00000088471	Gfas_gfas1.m1.7119.m1	100.0	S	0.0
Spur_XM_030998177.1	Ctel_gnl_WGS_AMQN_CAPTEDRAFT_mRNA30874	100.0	S	0.0
Spur_XM_030998177.1	Adig_XM_015897724.1	100.0	S	0.0
Spur_XM_030998177.1	Galgal_ENSGALT00000072069	100.0	S	0.0
Spur_XM_030998177.1	Gfas_gfas1.m1.7119.m1	100.0	S	0.0
Adig_XM_015915184.1	Fspp_ffun1.m4.31060.m1	100.0	S	0.0
Adig_XM_015915184.1	Exapal_XM_021037732.2	100.0	S	0.0
Adig_XM_015915184.1	Gfas_gfas1.m1.16381.m1	100.0	S	0.0
Fspp_ffun1.m4.17748.m1	Adig_XM_015901485.1	100.0	S	0.0
Fspp_ffun1.m4.31061.m1	Nvec_v1g82763	95.0	S	0.0
Fspp_ffun1.m4.31061.m1	Gfas_gfas1.m1.16373.m1	95.0	S	0.0
Fspp_ffun1.m4.31061.m1	Adig_XM_015897727.1	95.0	S	0.0
Fspp_ffun1.m4.31061.m1	Adig_XM_015897726.1	95.0	S	0.0
Fspp_ffun1.m4.31061.m1	Gasp_gasp1.m3.12287.m1	95.0	S	0.0
Fspp_ffun1.m4.31061.m1	Mmus_ENSMUST00000173348	95.0	S	0.0
Fspp_ffun1.m4.31061.m1	Spur_XM_011677053.2	95.0	S	0.0
Fspp_ffun1.m4.31061.m1	Spur_XM_030978505.1	95.0	S	0.0
Fspp_ffun1.m4.31061.m1	Galgal_ENSGALT00000029853	95.0	S	0.0
Fspp_ffun1.m4.31061.m1	Spis_XP_022786436_1	95.0	S	0.0
Fspp_ffun1.m4.31061.m1	Apimel_XM_006564275	95.0	S	0.0
Fspp_ffun1.m4.31061.m1	Tcas_TC030553_001	95.0	S	0.0
Fspp_ffun1.m4.31061.m1	Gfas_gfas1.m1.16379.m1	95.0	S	0.0
Fspp_ffun1.m4.15184.m1	Galgal_ENSGALT00000098609	100.0	S	0.0
Fspp_ffun1.m4.15184.m1	Hsap_ENST00000303406	100.0	S	0.0
Fspp_ffun1.m4.15184.m1	Mmus_ENSMUST00000054562	100.0	S	0.0
Hsap_ENST00000222718	Ctel_gnl_WGS_AMQN_CAPTEDRAFT_mRNA220261	30.0	S	0.0
Hsap_ENST00000222718	Cgig_XM_011422319.3	30.0	S	0.0
Hsap_ENST00000222718	Ctel_gnl_WGS_AMQN_CAPTEDRAFT_mRNA94911	30.0	S	0.0
Hsap_ENST00000222718	Dmel_FBtr0082863	30.0	S	0.0
Hsap_ENST00000222718	Exapal_XM_021042516.2	30.0	S	0.0
Gfas_gfas1.m1.5764.m1	Hsap_ENST00000234392	100.0	S	0.0
Gfas_gfas1.m1.5764.m1	Mmus_ENSMUST00000037807	100.0	S	0.0
Drer_ENSDART00000182896	Gasp_gasp1.m3.12183.m1	94.0	S	0.0
Drer_ENSDART00000182896	Ctel_gnl_WGS_AMQN_CAPTEDRAFT_mRNA81827	94.0	S	0.0
Drer_ENSDART00000182896	Morvir_scaffold348.g20.t1	94.0	S	0.0
Drer_ENSDART00000182896	Mmus_ENSMUST00000172821	94.0	S	0.0
Drer_ENSDART00000182896	Dmel_FBtr0073656	94.0	S	0.0
Exapal_XM_021058183.2	Spis_XP_022805326_1	81.0	S	0.0
Adig_XM_015899344.1	Spis_XP_022799007_1	91.0	S	0.0
Adig_XM_015899344.1	Gasp_gasp1.m3.23161.m1	91.0	S	0.0
Adig_XM_015899344.1	Gfas_gfas1.m1.14093.m1	91.0	S	0.0
Adig_XM_015899344.1	Fspp_ffun1.m4.15187.m1	91.0	S	0.0
Nvec_v1g123192	Skow_XM_006816183.1	100.0	S	0.0
Nvec_v1g123192	Adig_XM_015914462.1	100.0	S	0.0
Nvec_v1g123192	Xesp_001248-T1	100.0	S	0.0
Nvec_v1g123192	Adig_XM_015897722.1	100.0	S	0.0
Nvec_v1g123192	Xesp_007977-T1	100.0	S	0.0
Nvec_v1g123192	Gasp_gasp1.m1b.17996.m1	100.0	S	0.0
Gfas_gfas1.m1.20899.m1	Skow_XM_006816183.1	100.0	S	0.0
Gfas_gfas1.m1.20899.m1	Adig_XM_015914462.1	100.0	S	0.0
Gfas_gfas1.m1.20899.m1	Xesp_001248-T1	100.0	S	0.0
Gfas_gfas1.m1.20899.m1	Adig_XM_015897722.1	100.0	S	0.0
Gfas_gfas1.m1.20899.m1	Xesp_007977-T1	100.0	S	0.0
Gfas_gfas1.m1.20899.m1	Gasp_gasp1.m1b.17996.m1	100.0	S	0.0
Spur_XM_788048.4	Cgig_XM_011457272.3	93.0	S	0.0
Xesp_012798-T1	Drer_ENSDART00000023674	96.0	S	0.0
Xesp_012798-T1	Tcas_TC009309_001	96.0	S	0.0
Xesp_012798-T1	Fspp_ffun1.m4.13287.m1	96.0	S	0.0
Xesp_012798-T1	Tcas_TC011763_001	96.0	S	0.0
Xesp_012798-T1	Nvec_v1g123764	96.0	S	0.0
Xesp_012798-T1	Morvir_scaffold59.g41.t1	96.0	S	0.0
Xesp_012798-T1	Hsap_ENST00000553456	96.0	S	0.0
Xesp_012798-T1	Drer_ENSDART00000130260	96.0	S	0.0
Xesp_012798-T1	Galgal_ENSGALT00000069688	96.0	S	0.0
Xesp_012798-T1	Spur_NM_214561.2	96.0	S	0.0
Xesp_012798-T1	Dgig_XM_028539193.1	96.0	S	0.0
Xesp_012798-T1	Galgal_ENSGALT00000056540	96.0	S	0.0
Xesp_012798-T1	Drer_ENSDART00000159275	96.0	S	0.0
Xesp_012798-T1	Adig_XM_015917750.1	96.0	S	0.0
Xesp_012798-T1	Drer_ENSDART00000058036	96.0	S	0.0
Xesp_012798-T1	Xentro_ENSXETT00000084717	96.0	S	0.0
Xesp_012798-T1	Bflo_XM_035841223.1	96.0	S	0.0
Xesp_012798-T1	Skow_NM_001164889.1	96.0	S	0.0
Xesp_012798-T1	Chem_TCONS_00054222	96.0	S	0.0
Xesp_012798-T1	Xentro_ENSXETT00000016414	96.0	S	0.0
Xesp_012798-T1	Adig_XM_015912978.1	96.0	S	0.0
Hsap_ENST00000398468	Mmus_ENSMUST00000089578	100.0	S	0.0
Xesp_016908-T1	Spis_XP_022791938_1	82.0	S	0.0
Xesp_016908-T1	Spis_XP_022804634_1	82.0	S	0.0
Xesp_016908-T1	Tcas_TC008996_001	82.0	S	0.0
Xesp_016908-T1	Tcas_TC000921_001	82.0	S	0.0
Skow_NM_001171216.1	Spis_XP_022791938_1	82.0	S	0.0
Skow_NM_001171216.1	Spis_XP_022804634_1	82.0	S	0.0
Skow_NM_001171216.1	Tcas_TC008996_001	82.0	S	0.0
Skow_NM_001171216.1	Tcas_TC000921_001	82.0	S	0.0
Nvec_v1g81309	Spis_XP_022791938_1	82.0	S	0.0
Nvec_v1g81309	Spis_XP_022804634_1	82.0	S	0.0
Nvec_v1g81309	Tcas_TC008996_001	82.0	S	0.0
Nvec_v1g81309	Tcas_TC000921_001	82.0	S	0.0
Adig_XM_015897690.1	Xesp_010137-T1	100.0	S	0.0
Adig_XM_015897690.1	Spis_XP_022782838_1	100.0	S	0.0
Adig_XM_015897690.1	Apimel_NM_001115078	100.0	S	0.0
Galgal_ENSGALT00000018035	Spis_XP_022794604_1	30.0	S	0.0
Galgal_ENSGALT00000018035	Mmus_ENSMUST00000051997	30.0	S	0.0
Galgal_ENSGALT00000018035	Skow_NM_001168138.1	30.0	S	0.0
Galgal_ENSGALT00000018035	Drer_ENSDART00000105572	30.0	S	0.0
Galgal_ENSGALT00000018035	Drer_ENSDART00000016575	30.0	S	0.0
Xentro_ENSXETT00000057087	Spis_XP_022794604_1	30.0	S	0.0
Xentro_ENSXETT00000057087	Mmus_ENSMUST00000051997	30.0	S	0.0
Xentro_ENSXETT00000057087	Skow_NM_001168138.1	30.0	S	0.0
Xentro_ENSXETT00000057087	Drer_ENSDART00000105572	30.0	S	0.0
Xentro_ENSXETT00000057087	Drer_ENSDART00000016575	30.0	S	0.0
Morvir_scaffold149.g55.t1	Spis_XP_022792039_1	36.0	S	0.0
Morvir_scaffold149.g55.t1	Hsap_ENST00000528386	36.0	S	0.0
Morvir_scaffold149.g55.t1	Drer_ENSDART00000052236	36.0	S	0.0
Morvir_scaffold149.g55.t1	Mmus_ENSMUST00000001701	36.0	S	0.0
Morvir_scaffold149.g55.t1	Skow_XM_002731799.2	36.0	S	0.0
Morvir_scaffold149.g55.t1	Ctel_gnl_WGS_AMQN_CAPTEDRAFT_mRNA70572	36.0	S	0.0
Chem_TCONS_00066748	Spis_XP_022792039_1	36.0	S	0.0
Chem_TCONS_00066748	Hsap_ENST00000528386	36.0	S	0.0
Chem_TCONS_00066748	Drer_ENSDART00000052236	36.0	S	0.0
Chem_TCONS_00066748	Mmus_ENSMUST00000001701	36.0	S	0.0
Chem_TCONS_00066748	Skow_XM_002731799.2	36.0	S	0.0
Chem_TCONS_00066748	Ctel_gnl_WGS_AMQN_CAPTEDRAFT_mRNA70572	36.0	S	0.0
Fspp_ffun1.m4.12736.m1	Spis_XP_022792039_1	36.0	S	0.0
Fspp_ffun1.m4.12736.m1	Hsap_ENST00000528386	36.0	S	0.0
Fspp_ffun1.m4.12736.m1	Drer_ENSDART00000052236	36.0	S	0.0
Fspp_ffun1.m4.12736.m1	Mmus_ENSMUST00000001701	36.0	S	0.0
Fspp_ffun1.m4.12736.m1	Skow_XM_002731799.2	36.0	S	0.0
Fspp_ffun1.m4.12736.m1	Ctel_gnl_WGS_AMQN_CAPTEDRAFT_mRNA70572	36.0	S	0.0
Hvul_g11736_1	Spis_XP_022792039_1	36.0	S	0.0
Hvul_g11736_1	Hsap_ENST00000528386	36.0	S	0.0
Hvul_g11736_1	Drer_ENSDART00000052236	36.0	S	0.0
Hvul_g11736_1	Mmus_ENSMUST00000001701	36.0	S	0.0
Hvul_g11736_1	Skow_XM_002731799.2	36.0	S	0.0
Hvul_g11736_1	Ctel_gnl_WGS_AMQN_CAPTEDRAFT_mRNA70572	36.0	S	0.0
Spur_XM_779642.5	Spis_XP_022792039_1	36.0	S	0.0
Spur_XM_779642.5	Hsap_ENST00000528386	36.0	S	0.0
Spur_XM_779642.5	Drer_ENSDART00000052236	36.0	S	0.0
Spur_XM_779642.5	Mmus_ENSMUST00000001701	36.0	S	0.0
Spur_XM_779642.5	Skow_XM_002731799.2	36.0	S	0.0
Spur_XM_779642.5	Ctel_gnl_WGS_AMQN_CAPTEDRAFT_mRNA70572	36.0	S	0.0
Skow_XM_006813696.1	Mmus_ENSMUST00000015723	15.0	S	0.0
Skow_XM_006813696.1	Tadh_TriadT49524	15.0	S	0.0
Skow_XM_006813696.1	Xesp_013856-T1	15.0	S	0.0
Skow_XM_006813696.1	Fspp_ffun1.m4.26584.m1	15.0	S	0.0
Skow_XM_006813696.1	Adig_XM_015914460.1	15.0	S	0.0
Skow_XM_006813696.1	Tcas_TC031415_001	15.0	S	0.0
Skow_XM_006813696.1	Tcas_TC000917_001	15.0	S	0.0
Skow_XM_006813696.1	Adig_XM_015899313.1	15.0	S	0.0
Skow_XM_006813696.1	Hvul_g3831_1	15.0	S	0.0
Skow_XM_006813696.1	Tadh_TriadT9561	15.0	S	0.0
Skow_XM_006813696.1	Hvul_g24401_1	15.0	S	0.0
Skow_XM_006813696.1	Adig_XM_015909101.1	15.0	S	0.0
Skow_XM_006813696.1	Aaur_scaffold389.g8.t1	15.0	S	0.0
Skow_XM_006813696.1	Apimel_XM_003249830	15.0	S	0.0
Skow_XM_006813696.1	Mmus_ENSMUST00000061745	15.0	S	0.0
Skow_XM_006813696.1	Tadh_TriadT18102	15.0	S	0.0
Skow_XM_006813696.1	Galgal_ENSGALT00000017229	15.0	S	0.0
Skow_XM_006813696.1	Tcas_TC000483_001	15.0	S	0.0
Skow_XM_006813696.1	Drer_ENSDART00000079383	15.0	S	0.0
Skow_XM_006813696.1	Fspp_ffun1.m4.1448.m1	15.0	S	0.0
Skow_XM_006813696.1	Ctel_gnl_WGS_AMQN_CAPTEDRAFT_mRNA74740	15.0	S	0.0
Skow_XM_006813696.1	Fspp_ffun1.m4.23130.m1	15.0	S	0.0
Skow_XM_006813696.1	Xentro_ENSXETT00000025770	15.0	S	0.0
Skow_XM_006813696.1	Mmus_ENSMUST00000172775	15.0	S	0.0
Skow_XM_006813696.1	Fspp_ffun1.m4.18979.m1	15.0	S	0.0
Skow_XM_006813696.1	Nvec_v1g80927	15.0	S	0.0
Skow_XM_006813696.1	Exapal_XM_021044606.2	15.0	S	0.0
Skow_XM_006813696.1	Gfas_gfas1.m1.19739.m1	15.0	S	0.0
Skow_XM_006813696.1	Gasp_gasp1.m3.2249.m1	15.0	S	0.0
Skow_XM_006813696.1	Spis_XP_022790514_1	15.0	S	0.0
Skow_XM_006813696.1	Spur_XM_011684036.2	15.0	S	0.0
Skow_XM_006813696.1	Bflo_XM_035815881.1	15.0	S	0.0
Skow_XM_006813696.1	Adig_XM_015915185.1	15.0	S	0.0
Skow_XM_006813696.1	Morvir_scaffold95.g3.t1	15.0	S	0.0
Skow_XM_006813696.1	Hsap_ENST00000222726	15.0	S	0.0
Drer_ENSDART00000103131	Exapal_XM_021057757.2	93.0	S	0.0
Mmus_ENSMUST00000031787	Gasp_gasp1.m3.4695.m1	94.0	S	0.0
Mmus_ENSMUST00000031787	Fspp_ffun1.m4.15423.m1	94.0	S	0.0
Xesp_013044-T1	Dmel_FBtr0081696	97.0	S	0.0
Skow_XM_006815396.1	Ctel_gnl_WGS_AMQN_CAPTEDRAFT_mRNA172338	100.0	S	0.0
Apimel_XM_006560321	Xentro_ENSXETT00000062441	55.0	S	0.0
Apimel_XM_006560321	Xentro_ENSXETT00000094839	55.0	S	0.0
Chem_TCONS_00013206	Xentro_ENSXETT00000062441	55.0	S	0.0
Chem_TCONS_00013206	Xentro_ENSXETT00000094839	55.0	S	0.0
Hsap_ENST00000311177	Gfas_gfas1.m1.13638.m1	100.0	S	0.0
Galgal_ENSGALT00000070404	Hsap_ENST00000311626	100.0	S	0.0
Gfas_gfas1.m1.6139.m1	Cgig_XM_011416272.3	100.0	S	0.0
Xesp_007966-T1	Xesp_013949-T1	100.0	D	1.0
Apimel_XM_001121332	Xentro_ENSXETT00000084212	98.0	S	0.0
Xentro_ENSXETT00000030999	Nvec_v1g27862	79.0	S	0.0
Xentro_ENSXETT00000030999	Gfas_gfas1.m1.4539.m1	79.0	S	0.0
Adig_XM_015895990.1	Galgal_ENSGALT00000099908	99.0	S	0.0
Adig_XM_015895990.1	Skow_XM_006811339.1	99.0	S	0.0
Adig_XM_015895990.1	Spis_XP_022791842_1	99.0	S	0.0
Adig_XM_015895990.1	Nvec_v1g69041	99.0	S	0.0
Hsap_ENST00000380871	Gfas_gfas1.m1.13645.m1	100.0	S	0.0
Cgig_XM_011426484.3	Fspp_ffun1.m4.18978.m1	99.0	S	0.0
Cgig_XM_011426484.3	Exapal_XM_021046468.2	99.0	S	0.0
Aaur_scaffold460.g17.t1	Exapal_XM_021037512.2	15.0	S	0.0
Exapal_XM_021043065.2	Nvec_v1g101731	100.0	S	0.0
Drer_ENSDART00000146636	Ctel_gnl_WGS_AMQN_CAPTEDRAFT_mRNA221803	98.0	S	0.0
Drer_ENSDART00000146636	Adig_XM_015918189.1	98.0	S	0.0
Bflo_XM_035828549.1	Spis_XP_022779304_1	100.0	S	0.0
Xesp_009291-T1	Hsap_ENST00000040584	100.0	S	0.0
Xesp_009291-T1	Fspp_ffun1.m4.18981.m1	100.0	S	0.0
Xesp_009291-T1	Drer_ENSDART00000163611	100.0	S	0.0
Xesp_009291-T1	Exapal_XM_021043064.2	100.0	S	0.0
Xesp_009291-T1	Adig_XM_015912983.1	100.0	S	0.0
Xesp_009291-T1	Hsap_ENST00000351817	100.0	S	0.0
Xesp_009291-T1	Drer_ENSDART00000128951	100.0	S	0.0
Xesp_009291-T1	Adig_XM_015901484.1	100.0	S	0.0
Xesp_009291-T1	Spis_XP_022792033_1	100.0	S	0.0
Xesp_009291-T1	Skow_XM_006817477.1	100.0	S	0.0
Xesp_009291-T1	Ctel_gnl_WGS_AMQN_CAPTEDRAFT_mRNA137362	100.0	S	0.0
Xesp_009291-T1	Hsap_ENST00000243108	100.0	S	0.0
Xesp_009291-T1	Fspp_ffun1.m4.20503.m1	100.0	S	0.0
Xesp_009291-T1	Exapal_XM_021039430.2	100.0	S	0.0
Xesp_009291-T1	Spur_XM_011679176.2	100.0	S	0.0
Gfas_gfas1.m1.776.m1	Hsap_ENST00000040584	100.0	S	0.0
Gfas_gfas1.m1.776.m1	Fspp_ffun1.m4.18981.m1	100.0	S	0.0
Gfas_gfas1.m1.776.m1	Drer_ENSDART00000163611	100.0	S	0.0
Gfas_gfas1.m1.776.m1	Exapal_XM_021043064.2	100.0	S	0.0
Gfas_gfas1.m1.776.m1	Adig_XM_015912983.1	100.0	S	0.0
Gfas_gfas1.m1.776.m1	Hsap_ENST00000351817	100.0	S	0.0
Gfas_gfas1.m1.776.m1	Drer_ENSDART00000128951	100.0	S	0.0
Gfas_gfas1.m1.776.m1	Adig_XM_015901484.1	100.0	S	0.0
Gfas_gfas1.m1.776.m1	Spis_XP_022792033_1	100.0	S	0.0
Gfas_gfas1.m1.776.m1	Skow_XM_006817477.1	100.0	S	0.0
Gfas_gfas1.m1.776.m1	Ctel_gnl_WGS_AMQN_CAPTEDRAFT_mRNA137362	100.0	S	0.0
Gfas_gfas1.m1.776.m1	Hsap_ENST00000243108	100.0	S	0.0
Gfas_gfas1.m1.776.m1	Fspp_ffun1.m4.20503.m1	100.0	S	0.0
Gfas_gfas1.m1.776.m1	Exapal_XM_021039430.2	100.0	S	0.0
Gfas_gfas1.m1.776.m1	Spur_XM_011679176.2	100.0	S	0.0
Bflo_XM_035801586.1	Xesp_013872-T1	100.0	S	0.0
Chem_TCONS_00061956	Cgig_XM_011426479.3	100.0	S	0.0
Gasp_gasp1.m3.29873.m1	Adig_XM_015897305.1	100.0	S	0.0
Gasp_gasp1.m3.29873.m1	Fspp_ffun1.m4.15426.m1	100.0	S	0.0
Gasp_gasp1.m3.29873.m1	Spis_XP_022793160_1	100.0	S	0.0
Galgal_ENSGALT00000062322	Hsap_ENST00000518156	100.0	S	0.0
Galgal_ENSGALT00000062322	Xentro_ENSXETT00000050714	100.0	S	0.0
Galgal_ENSGALT00000062322	Drer_ENSDART00000167757	100.0	S	0.0
Exapal_XM_021056278.2	Spis_XP_022799105_1	100.0	S	0.0
Xentro_ENSXETT00000019491	Apimel_XM_026445717	100.0	S	0.0
Galgal_ENSGALT00000095563	Xentro_ENSXETT00000005952	100.0	S	0.0
Galgal_ENSGALT00000095563	Dmel_FBtr0330389	100.0	S	0.0
Galgal_ENSGALT00000095563	Gasp_gasp1.m3.4133.m1	100.0	S	0.0
Drer_ENSDART00000078466	Dmel_FBtr0084087	68.0	S	0.0
Drer_ENSDART00000078466	Adig_XM_015905827.1	68.0	S	0.0
Drer_ENSDART00000078466	Cgig_XM_011416274.3	68.0	S	0.0
Drer_ENSDART00000078466	Dgig_XM_028562906.1	68.0	S	0.0
Drer_ENSDART00000078466	Apimel_XM_003251590	68.0	S	0.0
Bflo_XM_035818757.1	Gasp_gasp1.m3.680.m1	68.0	S	0.0
Bflo_XM_035818757.1	Spis_XP_022782914_1	68.0	S	0.0
Bflo_XM_035818757.1	Spis_XP_022786405_1	68.0	S	0.0
Bflo_XM_035818757.1	Exapal_XM_021044213.2	68.0	S	0.0
Bflo_XM_035818757.1	Fspp_ffun1.m4.4461.m1	68.0	S	0.0
Bflo_XM_035818757.1	Skow_XM_006819482.1	68.0	S	0.0
Mmus_ENSMUST00000050776	Fspp_ffun1.m4.14105.m1	63.0	S	0.0
Mmus_ENSMUST00000050776	Gasp_gasp1.m3.4129.m1	63.0	S	0.0
Mmus_ENSMUST00000050776	Spis_XP_022792175_1	63.0	S	0.0
Spis_XP_022786402_1	Spis_XP_022782912_1	95.0	D	1.0
Spur_XM_031000060.1	Fspp_ffun1.m4.29467.m1	95.0	S	0.0
Nvec_v1g205636	Ctel_gnl_WGS_AMQN_CAPTEDRAFT_mRNA220898	78.0	S	0.0
Nvec_v1g205636	Cgig_XM_011456691.3	78.0	S	0.0
Nvec_v1g205636	Ctel_gnl_WGS_AMQN_CAPTEDRAFT_mRNA170007	78.0	S	0.0
Apimel_XM_001121493	Dmel_FBtr0070110	100.0	S	0.0
Apimel_XM_001121493	Tcas_TC007014_001	100.0	S	0.0
Bflo_XM_035823802.1	Cgig_XM_011439089.3	100.0	S	0.0
Bflo_XM_035823802.1	Skow_XM_006822703.1	100.0	S	0.0
Bflo_XM_035823802.1	Galgal_ENSGALT00000105823	100.0	S	0.0
Bflo_XM_035823802.1	Xentro_ENSXETT00000050951	100.0	S	0.0
Bflo_XM_035823802.1	Skow_NM_001164932.1	100.0	S	0.0
Bflo_XM_035823802.1	Spur_NM_001129811.2	100.0	S	0.0
Bflo_XM_035823802.1	Drer_ENSDART00000170527	100.0	S	0.0
Bflo_XM_035823802.1	Spur_XM_789660.4	100.0	S	0.0
Bflo_XM_035823802.1	Mmus_ENSMUST00000067075	100.0	S	0.0
Bflo_XM_035823802.1	Dmel_FBtr0082880	100.0	S	0.0
Bflo_XM_035823802.1	Mmus_ENSMUST00000027778	100.0	S	0.0
Bflo_XM_035823802.1	Hsap_ENST00000381020	100.0	S	0.0
Bflo_XM_035823802.1	Gfas_gfas1.m1.13628.m1	100.0	S	0.0
Bflo_XM_035823802.1	Chem_TCONS_00060494	100.0	S	0.0
Bflo_XM_035823802.1	Mmus_ENSMUST00000072631	100.0	S	0.0
Galgal_ENSGALT00000015072	Morvir_scaffold83.g2.t1	100.0	S	0.0
Galgal_ENSGALT00000015072	Tcas_TC000903_001	100.0	S	0.0
Drer_ENSDART00000004548	Nvec_v1g39913	94.0	S	0.0
Gasp_gasp1.m3.23770.m1	Xesp_013947-T1	22.0	S	0.0
Spur_XM_030998177.1	Xentro_ENSXETT00000088471	100.0	S	0.0
Galgal_ENSGALT00000072069	Ctel_gnl_WGS_AMQN_CAPTEDRAFT_mRNA30874	99.0	S	0.0
Galgal_ENSGALT00000072069	Adig_XM_015897724.1	99.0	S	0.0
Gfas_gfas1.m1.7119.m1	Ctel_gnl_WGS_AMQN_CAPTEDRAFT_mRNA30874	99.0	S	0.0
Gfas_gfas1.m1.7119.m1	Adig_XM_015897724.1	99.0	S	0.0
Fspp_ffun1.m4.31060.m1	Exapal_XM_021037732.2	100.0	S	0.0
Fspp_ffun1.m4.31060.m1	Gfas_gfas1.m1.16381.m1	100.0	S	0.0
Exapal_XM_021055853.2	Nvec_v1g6429	75.0	S	0.0
Exapal_XM_021055858.2	Mmus_ENSMUST00000014848	75.0	S	0.0
Galgal_ENSGALT00000098609	Hsap_ENST00000303406	100.0	S	0.0
Galgal_ENSGALT00000098609	Mmus_ENSMUST00000054562	100.0	S	0.0
Galgal_ENSGALT00000053155	Xentro_ENSXETT00000008415	100.0	S	0.0
Galgal_ENSGALT00000053155	Hsap_ENST00000451024	100.0	S	0.0
Drer_ENSDART00000085846	Nvec_v1g117718	22.0	S	0.0
Drer_ENSDART00000085846	Exapal_XM_021058269.2	22.0	S	0.0
Hsap_ENST00000234392	Mmus_ENSMUST00000037807	100.0	S	0.0
Gasp_gasp1.m3.12183.m1	Mmus_ENSMUST00000172821	99.0	S	0.0
Gasp_gasp1.m3.12183.m1	Morvir_scaffold348.g20.t1	99.0	S	0.0
Gasp_gasp1.m3.12183.m1	Ctel_gnl_WGS_AMQN_CAPTEDRAFT_mRNA81827	99.0	S	0.0
Dmel_FBtr0073656	Mmus_ENSMUST00000172821	99.0	S	0.0
Dmel_FBtr0073656	Morvir_scaffold348.g20.t1	99.0	S	0.0
Dmel_FBtr0073656	Ctel_gnl_WGS_AMQN_CAPTEDRAFT_mRNA81827	99.0	S	0.0
Spis_XP_022799007_1	Gasp_gasp1.m3.23161.m1	80.0	S	0.0
Spis_XP_022799007_1	Gfas_gfas1.m1.14093.m1	80.0	S	0.0
Spis_XP_022799007_1	Fspp_ffun1.m4.15187.m1	80.0	S	0.0
Gfas_gfas1.m1.20899.m1	Nvec_v1g123192	96.0	S	0.0
Skow_XM_006816183.1	Adig_XM_015914462.1	99.0	S	0.0
Skow_XM_006816183.1	Xesp_001248-T1	99.0	S	0.0
Skow_XM_006816183.1	Adig_XM_015897722.1	99.0	S	0.0
Skow_XM_006816183.1	Xesp_007977-T1	99.0	S	0.0
Skow_XM_006816183.1	Gasp_gasp1.m1b.17996.m1	99.0	S	0.0
Skow_NM_001171216.1	Nvec_v1g81309	80.0	S	0.0
Skow_NM_001171216.1	Xesp_016908-T1	80.0	S	0.0
Xesp_010137-T1	Spis_XP_022782838_1	100.0	S	0.0
Xesp_010137-T1	Apimel_NM_001115078	100.0	S	0.0
Galgal_ENSGALT00000018035	Xentro_ENSXETT00000057087	100.0	S	0.0
Spis_XP_022794604_1	Skow_NM_001168138.1	100.0	S	0.0
Spis_XP_022794604_1	Mmus_ENSMUST00000051997	100.0	S	0.0
Spis_XP_022794604_1	Drer_ENSDART00000105572	100.0	S	0.0
Spis_XP_022794604_1	Drer_ENSDART00000016575	100.0	S	0.0
Morvir_scaffold149.g55.t1	Hvul_g11736_1	100.0	S	0.0
Morvir_scaffold149.g55.t1	Chem_TCONS_00066748	100.0	S	0.0
Morvir_scaffold149.g55.t1	Spur_XM_779642.5	100.0	S	0.0
Fspp_ffun1.m4.12736.m1	Hvul_g11736_1	100.0	S	0.0
Fspp_ffun1.m4.12736.m1	Chem_TCONS_00066748	100.0	S	0.0
Fspp_ffun1.m4.12736.m1	Spur_XM_779642.5	100.0	S	0.0
Drer_ENSDART00000052236	Ctel_gnl_WGS_AMQN_CAPTEDRAFT_mRNA70572	100.0	S	0.0
Drer_ENSDART00000052236	Spis_XP_022792039_1	100.0	S	0.0
Drer_ENSDART00000052236	Hsap_ENST00000528386	100.0	S	0.0
Drer_ENSDART00000052236	Skow_XM_002731799.2	100.0	S	0.0
Mmus_ENSMUST00000001701	Ctel_gnl_WGS_AMQN_CAPTEDRAFT_mRNA70572	100.0	S	0.0
Mmus_ENSMUST00000001701	Spis_XP_022792039_1	100.0	S	0.0
Mmus_ENSMUST00000001701	Hsap_ENST00000528386	100.0	S	0.0
Mmus_ENSMUST00000001701	Skow_XM_002731799.2	100.0	S	0.0
Fspp_ffun1.m4.15423.m1	Gasp_gasp1.m3.4695.m1	100.0	S	0.0
Apimel_XM_006560321	Chem_TCONS_00013206	100.0	S	0.0
Xentro_ENSXETT00000062441	Xentro_ENSXETT00000094839	100.0	D	1.0
Exapal_XM_021049467.2	Xesp_014792-T1	99.0	S	0.0
Exapal_XM_021049467.2	Gfas_gfas1.m1.10144.m1	99.0	S	0.0
Exapal_XM_021049467.2	Gasp_gasp1.m3.23164.m1	99.0	S	0.0
Drer_ENSDART00000012506	Xesp_014792-T1	99.0	S	0.0
Drer_ENSDART00000012506	Gfas_gfas1.m1.10144.m1	99.0	S	0.0
Drer_ENSDART00000012506	Gasp_gasp1.m3.23164.m1	99.0	S	0.0
Nvec_v1g59708	Galgal_ENSGALT00000047997	91.0	S	0.0
Nvec_v1g59708	Gasp_gasp1.m3.4690.m1	91.0	S	0.0
Nvec_v1g59708	Adig_XM_015910650.1	91.0	S	0.0
Nvec_v1g59708	Gfas_gfas1.m1.14376.m1	91.0	S	0.0
Nvec_v1g59708	Spis_XP_022792040_1	91.0	S	0.0
Exapal_XM_021049478.2	Galgal_ENSGALT00000047997	91.0	S	0.0
Exapal_XM_021049478.2	Gasp_gasp1.m3.4690.m1	91.0	S	0.0
Exapal_XM_021049478.2	Adig_XM_015910650.1	91.0	S	0.0
Exapal_XM_021049478.2	Gfas_gfas1.m1.14376.m1	91.0	S	0.0
Exapal_XM_021049478.2	Spis_XP_022792040_1	91.0	S	0.0
Spis_XP_022798377_1	Apimel_XM_016916875	97.0	S	0.0
Spis_XP_022798377_1	Chem_TCONS_00029478	97.0	S	0.0
Spis_XP_022798377_1	Gfas_gfas1.m1.2443.m1	97.0	S	0.0
Galgal_ENSGALT00000049477	Apimel_XM_016916875	97.0	S	0.0
Galgal_ENSGALT00000049477	Chem_TCONS_00029478	97.0	S	0.0
Galgal_ENSGALT00000049477	Gfas_gfas1.m1.2443.m1	97.0	S	0.0
Tcas_TC000916_001	Morvir_scaffold216.g16.t1	100.0	S	0.0
Tcas_TC000916_001	Gasp_gasp1.m3.12289.m1	100.0	S	0.0
Tcas_TC000916_001	Fspp_ffun1.m4.15427.m1	100.0	S	0.0
Xentro_ENSXETT00000053914	Hvul_g24998_1	100.0	S	0.0
Xentro_ENSXETT00000053914	Apimel_XM_624478	100.0	S	0.0
Xentro_ENSXETT00000053914	Gasp_gasp1.m3.4135.m1	100.0	S	0.0
Xentro_ENSXETT00000053914	Tcas_TC009896_001	100.0	S	0.0
Xentro_ENSXETT00000053914	Drer_ENSDART00000019910	100.0	S	0.0
Xentro_ENSXETT00000053914	Gfas_gfas1.m1.785.m1	100.0	S	0.0
Apimel_XM_006560986	Ctel_gnl_WGS_AMQN_CAPTEDRAFT_mRNA6193	96.0	S	0.0
Apimel_XM_006560986	Dmel_FBtr0083968	96.0	S	0.0
Spur_XM_784065.5	Adig_XM_015915200.1	100.0	S	0.0
Spur_XM_784065.5	Gasp_gasp1.m3.677.m1	100.0	S	0.0
Spur_XM_784065.5	Drer_ENSDART00000153363	100.0	S	0.0
Spur_XM_784065.5	Fspp_ffun1.m4.4458.m1	100.0	S	0.0
Spur_XM_784065.5	Spis_XP_022782913_1	100.0	S	0.0
Exapal_XM_021041692.2	Adig_XM_015915200.1	100.0	S	0.0
Exapal_XM_021041692.2	Gasp_gasp1.m3.677.m1	100.0	S	0.0
Exapal_XM_021041692.2	Drer_ENSDART00000153363	100.0	S	0.0
Exapal_XM_021041692.2	Fspp_ffun1.m4.4458.m1	100.0	S	0.0
Exapal_XM_021041692.2	Spis_XP_022782913_1	100.0	S	0.0
Dgig_XM_028535767.1	Xesp_013923-T1	100.0	S	0.0
Dmel_FBtr0076751	Xentro_ENSXETT00000065721	99.0	S	0.0
Dmel_FBtr0076751	Skow_XM_006824407.1	99.0	S	0.0
Dmel_FBtr0076751	Fspp_ffun1.m4.11751.m1	99.0	S	0.0
Dmel_FBtr0076751	Dgig_XM_028554263.1	99.0	S	0.0
Dmel_FBtr0076751	Exapal_XM_021043058.2	99.0	S	0.0
Dmel_FBtr0076751	Gasp_gasp1.m3.24581.m1	99.0	S	0.0
Dmel_FBtr0076751	Bflo_XM_035841216.1	99.0	S	0.0
Dmel_FBtr0076751	Spur_XM_780913.5	99.0	S	0.0
Dmel_FBtr0076751	Gasp_gasp1.m3.2245.m1	99.0	S	0.0
Dmel_FBtr0076751	Xentro_ENSXETT00000062188	99.0	S	0.0
Dmel_FBtr0076751	Ctel_gnl_WGS_AMQN_CAPTEDRAFT_mRNA79123	99.0	S	0.0
Dmel_FBtr0076751	Spis_XP_022802187_1	99.0	S	0.0
Dmel_FBtr0076751	Tcas_TC013614_001	99.0	S	0.0
Tcas_TC000925_001	Gfas_gfas1.m1.14091.m1	95.0	S	0.0
Morvir_scaffold42.g46.t1	Bflo_XM_035844295.1	98.0	S	0.0
Morvir_scaffold42.g46.t1	Xentro_ENSXETT00000016948	98.0	S	0.0
Morvir_scaffold42.g46.t1	Spur_XM_776557.4	98.0	S	0.0
Morvir_scaffold42.g46.t1	Spur_NM_214650.2	98.0	S	0.0
Morvir_scaffold42.g46.t1	Spis_XP_022800116_1	98.0	S	0.0
Skow_NM_001165004.1	Hsap_ENST00000326902	99.0	S	0.0
Skow_NM_001165004.1	Adig_XM_015903087.1	99.0	S	0.0
Skow_NM_001165004.1	Xentro_ENSXETT00000060579	99.0	S	0.0
Skow_NM_001165004.1	Gfas_gfas1.m1.18035.m1	99.0	S	0.0
Skow_NM_001165004.1	Galgal_ENSGALT00000018301	99.0	S	0.0
Skow_NM_001165004.1	Tcas_TC011749_001	99.0	S	0.0
Skow_NM_001165004.1	Drer_ENSDART00000163847	99.0	S	0.0
Skow_NM_001165004.1	Bflo_XM_035802305.1	99.0	S	0.0
Skow_NM_001165004.1	Gfas_gfas1.m1.19699.m1	99.0	S	0.0
Skow_NM_001165004.1	Galgal_ENSGALT00000051056	99.0	S	0.0
Skow_NM_001165004.1	Mmus_ENSMUST00000097974	99.0	S	0.0
Skow_NM_001165004.1	Spur_XM_777915.5	99.0	S	0.0
Skow_NM_001165004.1	Dgig_XM_028537572.1	99.0	S	0.0
Skow_NM_001165004.1	Drer_ENSDART00000006393	99.0	S	0.0
Skow_NM_001165004.1	Drer_ENSDART00000008468	99.0	S	0.0
Skow_NM_001165004.1	Mmus_ENSMUST00000044125	99.0	S	0.0
Skow_NM_001165004.1	Dmel_FBtr0075720	99.0	S	0.0
Skow_NM_001165004.1	Adig_XM_015905829.1	99.0	S	0.0
Skow_NM_001165004.1	Drer_ENSDART00000029874	99.0	S	0.0
Skow_NM_001165004.1	Nvec_v1g197288	99.0	S	0.0
Skow_NM_001165004.1	Fspp_ffun1.m4.1443.m1	99.0	S	0.0
Skow_NM_001165004.1	Hsap_ENST00000368592	99.0	S	0.0
Skow_NM_001165004.1	Hhon_g07174.t1	99.0	S	0.0
Skow_NM_001165004.1	Galgal_ENSGALT00000017098	99.0	S	0.0
Skow_NM_001165004.1	Drer_ENSDART00000085395	99.0	S	0.0
Exapal_XM_021044583.2	Hsap_ENST00000326902	99.0	S	0.0
Exapal_XM_021044583.2	Adig_XM_015903087.1	99.0	S	0.0
Exapal_XM_021044583.2	Xentro_ENSXETT00000060579	99.0	S	0.0
Exapal_XM_021044583.2	Gfas_gfas1.m1.18035.m1	99.0	S	0.0
Exapal_XM_021044583.2	Galgal_ENSGALT00000018301	99.0	S	0.0
Exapal_XM_021044583.2	Tcas_TC011749_001	99.0	S	0.0
Exapal_XM_021044583.2	Drer_ENSDART00000163847	99.0	S	0.0
Exapal_XM_021044583.2	Bflo_XM_035802305.1	99.0	S	0.0
Exapal_XM_021044583.2	Gfas_gfas1.m1.19699.m1	99.0	S	0.0
Exapal_XM_021044583.2	Galgal_ENSGALT00000051056	99.0	S	0.0
Exapal_XM_021044583.2	Mmus_ENSMUST00000097974	99.0	S	0.0
Exapal_XM_021044583.2	Spur_XM_777915.5	99.0	S	0.0
Exapal_XM_021044583.2	Dgig_XM_028537572.1	99.0	S	0.0
Exapal_XM_021044583.2	Drer_ENSDART00000006393	99.0	S	0.0
Exapal_XM_021044583.2	Drer_ENSDART00000008468	99.0	S	0.0
Exapal_XM_021044583.2	Mmus_ENSMUST00000044125	99.0	S	0.0
Exapal_XM_021044583.2	Dmel_FBtr0075720	99.0	S	0.0
Exapal_XM_021044583.2	Adig_XM_015905829.1	99.0	S	0.0
Exapal_XM_021044583.2	Drer_ENSDART00000029874	99.0	S	0.0
Exapal_XM_021044583.2	Nvec_v1g197288	99.0	S	0.0
Exapal_XM_021044583.2	Fspp_ffun1.m4.1443.m1	99.0	S	0.0
Exapal_XM_021044583.2	Hsap_ENST00000368592	99.0	S	0.0
Exapal_XM_021044583.2	Hhon_g07174.t1	99.0	S	0.0
Exapal_XM_021044583.2	Galgal_ENSGALT00000017098	99.0	S	0.0
Exapal_XM_021044583.2	Drer_ENSDART00000085395	99.0	S	0.0
Gfas_gfas1.m1.4539.m1	Nvec_v1g27862	100.0	S	0.0
Nvec_v1g69041	Galgal_ENSGALT00000099908	99.0	S	0.0
Nvec_v1g69041	Skow_XM_006811339.1	99.0	S	0.0
Nvec_v1g69041	Spis_XP_022791842_1	99.0	S	0.0
Fspp_ffun1.m4.18978.m1	Exapal_XM_021046468.2	100.0	S	0.0
Adig_XM_015918189.1	Ctel_gnl_WGS_AMQN_CAPTEDRAFT_mRNA221803	98.0	S	0.0
Mmus_ENSMUST00000125581	Nvec_v1g39924	100.0	S	0.0
Gfas_gfas1.m1.776.m1	Xesp_009291-T1	100.0	S	0.0
Spis_XP_022804238_1	Cgig_XM_034466313.1	100.0	S	0.0
Ctel_gnl_WGS_AMQN_CAPTEDRAFT_mRNA152542	Xentro_ENSXETT00000080534	81.0	S	0.0
Ctel_gnl_WGS_AMQN_CAPTEDRAFT_mRNA152542	Cgig_XM_011416150.3	81.0	S	0.0
Cgig_XM_011434051.3	Tcas_TC030982_001	70.0	S	0.0
Cgig_XM_011434051.3	Mmus_ENSMUST00000057054	70.0	S	0.0
Cgig_XM_011434051.3	Drer_ENSDART00000059954	70.0	S	0.0
Cgig_XM_011434051.3	Skow_NM_001164933.1	70.0	S	0.0
Cgig_XM_011434051.3	Drer_ENSDART00000088618	70.0	S	0.0
Cgig_XM_011434051.3	Gfas_gfas1.m1.7116.m1	70.0	S	0.0
Cgig_XM_011434051.3	Spur_XM_030972960.1	70.0	S	0.0
Cgig_XM_011434051.3	Galgal_ENSGALT00000017555	70.0	S	0.0
Cgig_XM_011434051.3	Bflo_XM_035828188.1	70.0	S	0.0
Cgig_XM_011434051.3	Chem_TCONS_00047310	70.0	S	0.0
Cgig_XM_011434051.3	Xentro_ENSXETT00000060367	70.0	S	0.0
Cgig_XM_011434051.3	Hsap_ENST00000373514	70.0	S	0.0
Cgig_XM_011434051.3	Nvec_v1g19034	70.0	S	0.0
Cgig_XM_011434051.3	Hsap_ENST00000262041	70.0	S	0.0
Cgig_XM_011434051.3	Mmus_ENSMUST00000071588	70.0	S	0.0
Ctel_gnl_WGS_AMQN_CAPTEDRAFT_mRNA173096	Tcas_TC030982_001	70.0	S	0.0
Ctel_gnl_WGS_AMQN_CAPTEDRAFT_mRNA173096	Mmus_ENSMUST00000057054	70.0	S	0.0
Ctel_gnl_WGS_AMQN_CAPTEDRAFT_mRNA173096	Drer_ENSDART00000059954	70.0	S	0.0
Ctel_gnl_WGS_AMQN_CAPTEDRAFT_mRNA173096	Skow_NM_001164933.1	70.0	S	0.0
Ctel_gnl_WGS_AMQN_CAPTEDRAFT_mRNA173096	Drer_ENSDART00000088618	70.0	S	0.0
Ctel_gnl_WGS_AMQN_CAPTEDRAFT_mRNA173096	Gfas_gfas1.m1.7116.m1	70.0	S	0.0
Ctel_gnl_WGS_AMQN_CAPTEDRAFT_mRNA173096	Spur_XM_030972960.1	70.0	S	0.0
Ctel_gnl_WGS_AMQN_CAPTEDRAFT_mRNA173096	Galgal_ENSGALT00000017555	70.0	S	0.0
Ctel_gnl_WGS_AMQN_CAPTEDRAFT_mRNA173096	Bflo_XM_035828188.1	70.0	S	0.0
Ctel_gnl_WGS_AMQN_CAPTEDRAFT_mRNA173096	Chem_TCONS_00047310	70.0	S	0.0
Ctel_gnl_WGS_AMQN_CAPTEDRAFT_mRNA173096	Xentro_ENSXETT00000060367	70.0	S	0.0
Ctel_gnl_WGS_AMQN_CAPTEDRAFT_mRNA173096	Hsap_ENST00000373514	70.0	S	0.0
Ctel_gnl_WGS_AMQN_CAPTEDRAFT_mRNA173096	Nvec_v1g19034	70.0	S	0.0
Ctel_gnl_WGS_AMQN_CAPTEDRAFT_mRNA173096	Hsap_ENST00000262041	70.0	S	0.0
Ctel_gnl_WGS_AMQN_CAPTEDRAFT_mRNA173096	Mmus_ENSMUST00000071588	70.0	S	0.0
Spis_XP_022793160_1	Adig_XM_015897305.1	98.0	S	0.0
Spis_XP_022793160_1	Fspp_ffun1.m4.15426.m1	98.0	S	0.0
Drer_ENSDART00000167757	Hsap_ENST00000518156	96.0	S	0.0
Drer_ENSDART00000167757	Xentro_ENSXETT00000050714	96.0	S	0.0
Hsap_ENST00000343483	Xentro_ENSXETT00000056262	95.0	S	0.0
Hsap_ENST00000343483	Xentro_ENSXETT00000056265	95.0	S	0.0
Spis_XP_022794618_1	Xentro_ENSXETT00000080894	95.0	S	0.0
Spis_XP_022794618_1	Xentro_ENSXETT00000062960	95.0	S	0.0
Galgal_ENSGALT00000048513	Xentro_ENSXETT00000080894	95.0	S	0.0
Galgal_ENSGALT00000048513	Xentro_ENSXETT00000062960	95.0	S	0.0
Dmel_FBtr0330389	Xentro_ENSXETT00000005952	100.0	S	0.0
Dmel_FBtr0330389	Gasp_gasp1.m3.4133.m1	100.0	S	0.0
Adig_XM_015905827.1	Dgig_XM_028562906.1	93.0	S	0.0
Adig_XM_015905827.1	Dmel_FBtr0084087	93.0	S	0.0
Adig_XM_015905827.1	Cgig_XM_011416274.3	93.0	S	0.0
Adig_XM_015905827.1	Apimel_XM_003251590	93.0	S	0.0
Skow_XM_006819482.1	Spis_XP_022782914_1	100.0	S	0.0
Skow_XM_006819482.1	Gasp_gasp1.m3.680.m1	100.0	S	0.0
Skow_XM_006819482.1	Spis_XP_022786405_1	100.0	S	0.0
Skow_XM_006819482.1	Fspp_ffun1.m4.4461.m1	100.0	S	0.0
Exapal_XM_021044213.2	Spis_XP_022782914_1	100.0	S	0.0
Exapal_XM_021044213.2	Gasp_gasp1.m3.680.m1	100.0	S	0.0
Exapal_XM_021044213.2	Spis_XP_022786405_1	100.0	S	0.0
Exapal_XM_021044213.2	Fspp_ffun1.m4.4461.m1	100.0	S	0.0
Spis_XP_022792175_1	Fspp_ffun1.m4.14105.m1	99.0	S	0.0
Spis_XP_022792175_1	Gasp_gasp1.m3.4129.m1	99.0	S	0.0
Cgig_XM_011456691.3	Ctel_gnl_WGS_AMQN_CAPTEDRAFT_mRNA220898	96.0	S	0.0
Cgig_XM_011456691.3	Ctel_gnl_WGS_AMQN_CAPTEDRAFT_mRNA170007	96.0	S	0.0
Galgal_ENSGALT00000057448	Skow_NM_001165028.1	99.0	S	0.0
Galgal_ENSGALT00000057448	Hsap_ENST00000325017	99.0	S	0.0
Galgal_ENSGALT00000057448	Drer_ENSDART00000023639	99.0	S	0.0
Galgal_ENSGALT00000057448	Hsap_ENST00000524983	99.0	S	0.0
Xentro_ENSXETT00000001601	Tadh_TriadT50928	64.0	S	0.0
Xentro_ENSXETT00000001601	Apimel_XM_394578	64.0	S	0.0
Xentro_ENSXETT00000001601	Tadh_TriadT9507	64.0	S	0.0
Xentro_ENSXETT00000001601	Fspp_ffun1.m4.23128.m1	64.0	S	0.0
Xentro_ENSXETT00000001601	Hhon_g07292.t1	64.0	S	0.0
Skow_NM_001164910.1	Tadh_TriadT50928	64.0	S	0.0
Skow_NM_001164910.1	Apimel_XM_394578	64.0	S	0.0
Skow_NM_001164910.1	Tadh_TriadT9507	64.0	S	0.0
Skow_NM_001164910.1	Fspp_ffun1.m4.23128.m1	64.0	S	0.0
Skow_NM_001164910.1	Hhon_g07292.t1	64.0	S	0.0
Exapal_XM_021044589.2	Tcas_TC011744_001	21.0	S	0.0
Exapal_XM_021044589.2	Hsap_ENST00000422806	21.0	S	0.0
Exapal_XM_021044589.2	Galgal_ENSGALT00000059800	21.0	S	0.0
Exapal_XM_021044589.2	Xentro_ENSXETT00000066949	21.0	S	0.0
Exapal_XM_021044589.2	Fspp_ffun1.m4.12110.m1	21.0	S	0.0
Exapal_XM_021044589.2	Spis_XP_022804770_1	21.0	S	0.0
Exapal_XM_021044589.2	Cgig_XM_011426485.3	21.0	S	0.0
Exapal_XM_021044589.2	Mmus_ENSMUST00000067020	21.0	S	0.0
Exapal_XM_021044589.2	Mmus_ENSMUST00000001536	21.0	S	0.0
Exapal_XM_021044589.2	Drer_ENSDART00000061716	21.0	S	0.0
Exapal_XM_021044589.2	Ctel_gnl_WGS_AMQN_CAPTEDRAFT_mRNA149569	21.0	S	0.0
Exapal_XM_021044589.2	Drer_ENSDART00000017493	21.0	S	0.0
Dmel_FBtr0070110	Tcas_TC007014_001	100.0	S	0.0
Morvir_scaffold83.g2.t1	Tcas_TC000903_001	87.0	S	0.0
Gfas_gfas1.m1.7119.m1	Galgal_ENSGALT00000072069	99.0	S	0.0
Adig_XM_015897724.1	Ctel_gnl_WGS_AMQN_CAPTEDRAFT_mRNA30874	100.0	S	0.0
Exapal_XM_021037732.2	Gfas_gfas1.m1.16381.m1	100.0	S	0.0
Nvec_v1g82763	Gasp_gasp1.m3.12287.m1	83.0	S	0.0
Nvec_v1g82763	Mmus_ENSMUST00000173348	83.0	S	0.0
Nvec_v1g82763	Spur_XM_011677053.2	83.0	S	0.0
Nvec_v1g82763	Spis_XP_022786436_1	83.0	S	0.0
Hsap_ENST00000303406	Mmus_ENSMUST00000054562	100.0	S	0.0
Hsap_ENST00000451024	Xentro_ENSXETT00000008415	100.0	S	0.0
Xentro_ENSXETT00000009980	Mmus_ENSMUST00000012540	100.0	S	0.0
Exapal_XM_021058269.2	Nvec_v1g117718	100.0	S	0.0
Dmel_FBtr0082863	Ctel_gnl_WGS_AMQN_CAPTEDRAFT_mRNA94911	73.0	S	0.0
Exapal_XM_021042516.2	Ctel_gnl_WGS_AMQN_CAPTEDRAFT_mRNA220261	45.0	S	0.0
Exapal_XM_021042516.2	Cgig_XM_011422319.3	45.0	S	0.0
Gasp_gasp1.m3.12183.m1	Dmel_FBtr0073656	100.0	S	0.0
Morvir_scaffold348.g20.t1	Mmus_ENSMUST00000172821	95.0	S	0.0
Morvir_scaffold348.g20.t1	Ctel_gnl_WGS_AMQN_CAPTEDRAFT_mRNA81827	95.0	S	0.0
Gfas_gfas1.m1.14093.m1	Gasp_gasp1.m3.23161.m1	80.0	S	0.0
Gfas_gfas1.m1.14093.m1	Fspp_ffun1.m4.15187.m1	80.0	S	0.0
Fspp_ffun1.m4.13287.m1	Nvec_v1g123764	89.0	S	0.0
Fspp_ffun1.m4.13287.m1	Tcas_TC011763_001	89.0	S	0.0
Drer_ENSDART00000159275	Nvec_v1g123764	89.0	S	0.0
Drer_ENSDART00000159275	Tcas_TC011763_001	89.0	S	0.0
Xesp_016908-T1	Nvec_v1g81309	100.0	S	0.0
Apimel_NM_001115078	Spis_XP_022782838_1	100.0	S	0.0
Fspp_ffun1.m4.12736.m1	Morvir_scaffold149.g55.t1	88.0	S	0.0
Hvul_g11736_1	Chem_TCONS_00066748	100.0	S	0.0
Hvul_g11736_1	Spur_XM_779642.5	100.0	S	0.0
Mmus_ENSMUST00000001701	Drer_ENSDART00000052236	100.0	S	0.0
Ctel_gnl_WGS_AMQN_CAPTEDRAFT_mRNA70572	Spis_XP_022792039_1	100.0	S	0.0
Ctel_gnl_WGS_AMQN_CAPTEDRAFT_mRNA70572	Skow_XM_002731799.2	100.0	S	0.0
Hsap_ENST00000528386	Spis_XP_022792039_1	100.0	S	0.0
Hsap_ENST00000528386	Skow_XM_002731799.2	100.0	S	0.0
Apimel_XM_003249830	Tadh_TriadT49524	91.0	S	0.0
Apimel_XM_003249830	Tadh_TriadT9561	91.0	S	0.0
Apimel_XM_003249830	Galgal_ENSGALT00000017229	91.0	S	0.0
Apimel_XM_003249830	Mmus_ENSMUST00000172775	91.0	S	0.0
Spur_XM_011684036.2	Mmus_ENSMUST00000015723	97.0	S	0.0
Spur_XM_011684036.2	Xesp_013856-T1	97.0	S	0.0
Spur_XM_011684036.2	Fspp_ffun1.m4.26584.m1	97.0	S	0.0
Spur_XM_011684036.2	Adig_XM_015914460.1	97.0	S	0.0
Spur_XM_011684036.2	Tcas_TC031415_001	97.0	S	0.0
Spur_XM_011684036.2	Tcas_TC000917_001	97.0	S	0.0
Spur_XM_011684036.2	Adig_XM_015899313.1	97.0	S	0.0
Spur_XM_011684036.2	Hvul_g3831_1	97.0	S	0.0
Spur_XM_011684036.2	Hvul_g24401_1	97.0	S	0.0
Spur_XM_011684036.2	Adig_XM_015909101.1	97.0	S	0.0
Spur_XM_011684036.2	Aaur_scaffold389.g8.t1	97.0	S	0.0
Spur_XM_011684036.2	Mmus_ENSMUST00000061745	97.0	S	0.0
Spur_XM_011684036.2	Tadh_TriadT18102	97.0	S	0.0
Spur_XM_011684036.2	Tcas_TC000483_001	97.0	S	0.0
Spur_XM_011684036.2	Drer_ENSDART00000079383	97.0	S	0.0
Spur_XM_011684036.2	Fspp_ffun1.m4.1448.m1	97.0	S	0.0
Spur_XM_011684036.2	Ctel_gnl_WGS_AMQN_CAPTEDRAFT_mRNA74740	97.0	S	0.0
Spur_XM_011684036.2	Fspp_ffun1.m4.23130.m1	97.0	S	0.0
Spur_XM_011684036.2	Xentro_ENSXETT00000025770	97.0	S	0.0
Spur_XM_011684036.2	Fspp_ffun1.m4.18979.m1	97.0	S	0.0
Spur_XM_011684036.2	Nvec_v1g80927	97.0	S	0.0
Spur_XM_011684036.2	Exapal_XM_021044606.2	97.0	S	0.0
Spur_XM_011684036.2	Gfas_gfas1.m1.19739.m1	97.0	S	0.0
Spur_XM_011684036.2	Gasp_gasp1.m3.2249.m1	97.0	S	0.0
Spur_XM_011684036.2	Spis_XP_022790514_1	97.0	S	0.0
Spur_XM_011684036.2	Bflo_XM_035815881.1	97.0	S	0.0
Spur_XM_011684036.2	Adig_XM_015915185.1	97.0	S	0.0
Spur_XM_011684036.2	Morvir_scaffold95.g3.t1	97.0	S	0.0
Spur_XM_011684036.2	Hsap_ENST00000222726	97.0	S	0.0
Skow_XM_006815239.1	Dmel_FBtr0300076	100.0	S	0.0
Skow_XM_006815239.1	Apimel_XM_016915684	100.0	S	0.0
Skow_XM_006815239.1	Cgig_XM_011443268.3	100.0	S	0.0
Skow_XM_006815239.1	Exapal_XM_021056281.2	100.0	S	0.0
Skow_XM_006815239.1	Bflo_XM_035844348.1	100.0	S	0.0
Skow_XM_006815239.1	Xentro_ENSXETT00000045469	100.0	S	0.0
Skow_XM_006815239.1	Tcas_TC009351_001	100.0	S	0.0
Skow_XM_006815239.1	Spur_NM_001129810.1	100.0	S	0.0
Exapal_XM_021049467.2	Drer_ENSDART00000012506	100.0	S	0.0
Gfas_gfas1.m1.10144.m1	Xesp_014792-T1	100.0	S	0.0
Gfas_gfas1.m1.10144.m1	Gasp_gasp1.m3.23164.m1	100.0	S	0.0
Exapal_XM_021049478.2	Nvec_v1g59708	100.0	S	0.0
Galgal_ENSGALT00000047997	Gasp_gasp1.m3.4690.m1	91.0	S	0.0
Galgal_ENSGALT00000047997	Adig_XM_015910650.1	91.0	S	0.0
Galgal_ENSGALT00000047997	Gfas_gfas1.m1.14376.m1	91.0	S	0.0
Galgal_ENSGALT00000047997	Spis_XP_022792040_1	91.0	S	0.0
Spis_XP_022798377_1	Galgal_ENSGALT00000049477	100.0	S	0.0
Gfas_gfas1.m1.2443.m1	Chem_TCONS_00029478	97.0	S	0.0
Gfas_gfas1.m1.2443.m1	Apimel_XM_016916875	97.0	S	0.0
Morvir_scaffold216.g16.t1	Gasp_gasp1.m3.12289.m1	94.0	S	0.0
Morvir_scaffold216.g16.t1	Fspp_ffun1.m4.15427.m1	94.0	S	0.0
Gasp_gasp1.m3.679.m1	Skow_XM_006819478.1	100.0	S	0.0
Hvul_g24998_1	Apimel_XM_624478	85.0	S	0.0
Hvul_g24998_1	Gasp_gasp1.m3.4135.m1	85.0	S	0.0
Hvul_g24998_1	Tcas_TC009896_001	85.0	S	0.0
Hvul_g24998_1	Drer_ENSDART00000019910	85.0	S	0.0
Hvul_g24998_1	Gfas_gfas1.m1.785.m1	85.0	S	0.0
Spis_XP_022798373_1	Mmus_ENSMUST00000060820	100.0	S	0.0
Spis_XP_022798373_1	Hsap_ENST00000258106	100.0	S	0.0
Bflo_XM_035816607.1	Adig_XM_015905832.1	100.0	S	0.0
Bflo_XM_035816607.1	Cgig_XM_011422313.3	100.0	S	0.0
Bflo_XM_035816607.1	Xentro_ENSXETT00000001604	100.0	S	0.0
Hsap_ENST00000357878	Adig_XM_015905832.1	100.0	S	0.0
Hsap_ENST00000357878	Cgig_XM_011422313.3	100.0	S	0.0
Hsap_ENST00000357878	Xentro_ENSXETT00000001604	100.0	S	0.0
Ctel_gnl_WGS_AMQN_CAPTEDRAFT_mRNA6193	Dmel_FBtr0083968	100.0	S	0.0
Spur_XM_003726002.3	Fspp_ffun1.m4.22959.m1	99.0	S	0.0
Spur_XM_003726002.3	Ctel_gnl_WGS_AMQN_CAPTEDRAFT_mRNA70959	99.0	S	0.0
Spur_XM_003726002.3	Drer_ENSDART00000110682	99.0	S	0.0
Morvir_scaffold188.g35.t1	Fspp_ffun1.m4.11764.m1	98.0	S	0.0
Morvir_scaffold188.g35.t1	Dgig_XM_028563327.1	98.0	S	0.0
Morvir_scaffold188.g35.t1	Xesp_022099-T1	98.0	S	0.0
Morvir_scaffold188.g35.t1	Xesp_022116-T1	98.0	S	0.0
Morvir_scaffold188.g35.t1	Xesp_022100-T1	98.0	S	0.0
Morvir_scaffold188.g35.t1	Xentro_ENSXETT00000025782	98.0	S	0.0
Morvir_scaffold188.g35.t1	Spur_XM_031000064.1	98.0	S	0.0
Morvir_scaffold188.g35.t1	Mmus_ENSMUST00000079721	98.0	S	0.0
Gasp_gasp1.m3.4130.m1	Fspp_ffun1.m4.11764.m1	98.0	S	0.0
Gasp_gasp1.m3.4130.m1	Dgig_XM_028563327.1	98.0	S	0.0
Gasp_gasp1.m3.4130.m1	Xesp_022099-T1	98.0	S	0.0
Gasp_gasp1.m3.4130.m1	Xesp_022116-T1	98.0	S	0.0
Gasp_gasp1.m3.4130.m1	Xesp_022100-T1	98.0	S	0.0
Gasp_gasp1.m3.4130.m1	Xentro_ENSXETT00000025782	98.0	S	0.0
Gasp_gasp1.m3.4130.m1	Spur_XM_031000064.1	98.0	S	0.0
Gasp_gasp1.m3.4130.m1	Mmus_ENSMUST00000079721	98.0	S	0.0
Exapal_XM_021041692.2	Spur_XM_784065.5	99.0	S	0.0
Drer_ENSDART00000153363	Gasp_gasp1.m3.677.m1	100.0	S	0.0
Drer_ENSDART00000153363	Fspp_ffun1.m4.4458.m1	100.0	S	0.0
Drer_ENSDART00000153363	Spis_XP_022782913_1	100.0	S	0.0
Adig_XM_015915200.1	Gasp_gasp1.m3.677.m1	100.0	S	0.0
Adig_XM_015915200.1	Fspp_ffun1.m4.4458.m1	100.0	S	0.0
Adig_XM_015915200.1	Spis_XP_022782913_1	100.0	S	0.0
Xentro_ENSXETT00000078199	Galgal_ENSGALT00000006647	96.0	S	0.0
Xentro_ENSXETT00000078199	Spis_XP_022796599_1	96.0	S	0.0
Xentro_ENSXETT00000078199	Drer_ENSDART00000102778	96.0	S	0.0
Xentro_ENSXETT00000078199	Apimel_XM_001120268	96.0	S	0.0
Xentro_ENSXETT00000078199	Chem_TCONS_00017798	96.0	S	0.0
Ctel_gnl_WGS_AMQN_CAPTEDRAFT_mRNA79123	Xentro_ENSXETT00000065721	39.0	S	0.0
Ctel_gnl_WGS_AMQN_CAPTEDRAFT_mRNA79123	Skow_XM_006824407.1	39.0	S	0.0
Ctel_gnl_WGS_AMQN_CAPTEDRAFT_mRNA79123	Fspp_ffun1.m4.11751.m1	39.0	S	0.0
Ctel_gnl_WGS_AMQN_CAPTEDRAFT_mRNA79123	Dgig_XM_028554263.1	39.0	S	0.0
Ctel_gnl_WGS_AMQN_CAPTEDRAFT_mRNA79123	Exapal_XM_021043058.2	39.0	S	0.0
Ctel_gnl_WGS_AMQN_CAPTEDRAFT_mRNA79123	Gasp_gasp1.m3.24581.m1	39.0	S	0.0
Ctel_gnl_WGS_AMQN_CAPTEDRAFT_mRNA79123	Bflo_XM_035841216.1	39.0	S	0.0
Ctel_gnl_WGS_AMQN_CAPTEDRAFT_mRNA79123	Spur_XM_780913.5	39.0	S	0.0
Ctel_gnl_WGS_AMQN_CAPTEDRAFT_mRNA79123	Gasp_gasp1.m3.2245.m1	39.0	S	0.0
Ctel_gnl_WGS_AMQN_CAPTEDRAFT_mRNA79123	Xentro_ENSXETT00000062188	39.0	S	0.0
Ctel_gnl_WGS_AMQN_CAPTEDRAFT_mRNA79123	Spis_XP_022802187_1	39.0	S	0.0
Ctel_gnl_WGS_AMQN_CAPTEDRAFT_mRNA79123	Tcas_TC013614_001	39.0	S	0.0
Dmel_FBtr0081668	Exapal_XM_021039887.2	100.0	S	0.0
Cgig_XM_011429997.3	Dmel_FBtr0088095	65.0	S	0.0
Cgig_XM_011429997.3	Hsap_ENST00000496902	65.0	S	0.0
Cgig_XM_011429997.3	Xentro_ENSXETT00000076634	65.0	S	0.0
Cgig_XM_011429997.3	Fspp_ffun1.m4.29243.m1	65.0	S	0.0
Cgig_XM_011429997.3	Hsap_ENST00000283921	65.0	S	0.0
Cgig_XM_011429997.3	Gfas_gfas1.m1.16372.m1	65.0	S	0.0
Cgig_XM_011429997.3	Gasp_gasp1.m3.18420.m1	65.0	S	0.0
Cgig_XM_011429997.3	Exapal_XM_021044575.2	65.0	S	0.0
Cgig_XM_011429997.3	Ctel_gnl_WGS_AMQN_CAPTEDRAFT_mRNA40416	65.0	S	0.0
Cgig_XM_011429997.3	Adig_XM_015912975.1	65.0	S	0.0
Cgig_XM_011429997.3	Xentro_ENSXETT00000060604	65.0	S	0.0
Cgig_XM_011429997.3	Drer_ENSDART00000104612	65.0	S	0.0
Cgig_XM_011429997.3	Mmus_ENSMUST00000046093	65.0	S	0.0
Cgig_XM_011429997.3	Gasp_gasp1.m3.987.m1	65.0	S	0.0
Cgig_XM_011429997.3	Tcas_TC001164_001	65.0	S	0.0
Cgig_XM_011429997.3	Dgig_XM_028535663.1	65.0	S	0.0
Cgig_XM_011429997.3	Tcas_TC012748_001	65.0	S	0.0
Cgig_XM_011429997.3	Xentro_ENSXETT00000046719	65.0	S	0.0
Cgig_XM_011429997.3	Drer_ENSDART00000082344	65.0	S	0.0
Cgig_XM_011429997.3	Dmel_FBtr0330386	65.0	S	0.0
Cgig_XM_011429997.3	Drer_ENSDART00000015333	65.0	S	0.0
Cgig_XM_011429997.3	Xentro_ENSXETT00000057781	65.0	S	0.0
Cgig_XM_011429997.3	Bflo_XM_035817320.1	65.0	S	0.0
Cgig_XM_011429997.3	Tcas_TC014200_001	65.0	S	0.0
Cgig_XM_011429997.3	Nvec_v1g123745	65.0	S	0.0
Cgig_XM_011429997.3	Drer_ENSDART00000113087	65.0	S	0.0
Cgig_XM_011429997.3	Xentro_ENSXETT00000047559	65.0	S	0.0
Cgig_XM_011429997.3	Spis_XP_022794697_1	65.0	S	0.0
Cgig_XM_011429997.3	Drer_ENSDART00000127254	65.0	S	0.0
Cgig_XM_011429997.3	Aaur_scaffold529.g2.t1	65.0	S	0.0
Cgig_XM_011429997.3	Tcas_TC004555_001	65.0	S	0.0
Cgig_XM_011429997.3	Galgal_ENSGALT00000025152	65.0	S	0.0
Cgig_XM_011429997.3	Xesp_013920-T1	65.0	S	0.0
Cgig_XM_011429997.3	Skow_XM_002731905.2	65.0	S	0.0
Cgig_XM_011429997.3	Galgal_ENSGALT00000054475	65.0	S	0.0
Cgig_XM_011429997.3	Spur_XM_003727639.3	65.0	S	0.0
Cgig_XM_011429997.3	Spur_XM_030985931.1	65.0	S	0.0
Cgig_XM_011429997.3	Drer_ENSDART00000166129	65.0	S	0.0
Gasp_gasp1.m3.4134.m1	Nvec_v1g139174	98.0	S	0.0
Gasp_gasp1.m3.4134.m1	Cgig_XM_011416447.3	98.0	S	0.0
Xentro_ENSXETT00000096565	Drer_ENSDART00000171932	86.0	S	0.0
Xentro_ENSXETT00000096565	Spur_XM_776648.5	86.0	S	0.0
Xentro_ENSXETT00000096565	Morvir_scaffold99.g69.t1	86.0	S	0.0
Xentro_ENSXETT00000096565	Hsap_ENST00000225648	86.0	S	0.0
Xentro_ENSXETT00000096565	Galgal_ENSGALT00000080732	86.0	S	0.0
Xentro_ENSXETT00000096565	Cgig_XM_011440152.3	86.0	S	0.0
Adig_XM_015907403.1	Cgig_XM_034483480.1	97.0	S	0.0
Adig_XM_015907403.1	Galgal_ENSGALT00000003427	97.0	S	0.0
Adig_XM_015907403.1	Hsap_ENST00000317201	97.0	S	0.0
Xentro_ENSXETT00000039652	Cgig_XM_034483480.1	97.0	S	0.0
Xentro_ENSXETT00000039652	Galgal_ENSGALT00000003427	97.0	S	0.0
Xentro_ENSXETT00000039652	Hsap_ENST00000317201	97.0	S	0.0
Dmel_FBtr0084091	Cgig_XM_034483480.1	97.0	S	0.0
Dmel_FBtr0084091	Galgal_ENSGALT00000003427	97.0	S	0.0
Dmel_FBtr0084091	Hsap_ENST00000317201	97.0	S	0.0
Bflo_XM_035844295.1	Xentro_ENSXETT00000016948	48.0	S	0.0
Bflo_XM_035844295.1	Spur_XM_776557.4	48.0	S	0.0
Bflo_XM_035844295.1	Spur_NM_214650.2	48.0	S	0.0
Bflo_XM_035844295.1	Spis_XP_022800116_1	48.0	S	0.0
Exapal_XM_021044583.2	Skow_NM_001165004.1	100.0	S	0.0
Spis_XP_022791842_1	Galgal_ENSGALT00000099908	100.0	S	0.0
Spis_XP_022791842_1	Skow_XM_006811339.1	100.0	S	0.0
Bflo_XM_035801587.1	Mmus_ENSMUST00000031650	96.0	S	0.0
Xentro_ENSXETT00000047578	Galgal_ENSGALT00000062843	19.0	S	0.0
Xentro_ENSXETT00000047578	Tcas_TC009461_001	19.0	S	0.0
Xentro_ENSXETT00000047578	Mmus_ENSMUST00000100164	19.0	S	0.0
Skow_NM_001164925.1	Galgal_ENSGALT00000062843	19.0	S	0.0
Skow_NM_001164925.1	Tcas_TC009461_001	19.0	S	0.0
Skow_NM_001164925.1	Mmus_ENSMUST00000100164	19.0	S	0.0
Exapal_XM_021043064.2	Fspp_ffun1.m4.20503.m1	99.0	S	0.0
Exapal_XM_021043064.2	Fspp_ffun1.m4.18981.m1	99.0	S	0.0
Exapal_XM_021043064.2	Spis_XP_022792033_1	99.0	S	0.0
Exapal_XM_021043064.2	Drer_ENSDART00000128951	99.0	S	0.0
Adig_XM_015912983.1	Fspp_ffun1.m4.20503.m1	99.0	S	0.0
Adig_XM_015912983.1	Fspp_ffun1.m4.18981.m1	99.0	S	0.0
Adig_XM_015912983.1	Spis_XP_022792033_1	99.0	S	0.0
Adig_XM_015912983.1	Drer_ENSDART00000128951	99.0	S	0.0
Cgig_XM_011416150.3	Xentro_ENSXETT00000080534	100.0	S	0.0
Skow_XM_006825612.1	Adig_XM_015905830.1	89.0	S	0.0
Skow_XM_006825612.1	Fspp_ffun1.m4.11570.m1	89.0	S	0.0
Skow_XM_006825612.1	Drer_ENSDART00000015681	89.0	S	0.0
Skow_XM_006825612.1	Apimel_XM_026444941	89.0	S	0.0
Bflo_XM_035840422.1	Drer_ENSDART00000103146	56.0	S	0.0
Ctel_gnl_WGS_AMQN_CAPTEDRAFT_mRNA173096	Cgig_XM_011434051.3	94.0	S	0.0
Tcas_TC030982_001	Skow_NM_001164933.1	56.0	S	0.0
Tcas_TC030982_001	Mmus_ENSMUST00000057054	56.0	S	0.0
Tcas_TC030982_001	Drer_ENSDART00000059954	56.0	S	0.0
Tcas_TC030982_001	Drer_ENSDART00000088618	56.0	S	0.0
Tcas_TC030982_001	Gfas_gfas1.m1.7116.m1	56.0	S	0.0
Tcas_TC030982_001	Spur_XM_030972960.1	56.0	S	0.0
Tcas_TC030982_001	Galgal_ENSGALT00000017555	56.0	S	0.0
Tcas_TC030982_001	Bflo_XM_035828188.1	56.0	S	0.0
Tcas_TC030982_001	Chem_TCONS_00047310	56.0	S	0.0
Tcas_TC030982_001	Xentro_ENSXETT00000060367	56.0	S	0.0
Tcas_TC030982_001	Hsap_ENST00000373514	56.0	S	0.0
Tcas_TC030982_001	Nvec_v1g19034	56.0	S	0.0
Tcas_TC030982_001	Hsap_ENST00000262041	56.0	S	0.0
Tcas_TC030982_001	Mmus_ENSMUST00000071588	56.0	S	0.0
Galgal_ENSGALT00000072525	Xesp_009182-T1	68.0	S	0.0
Gfas_gfas1.m1.11508.m1	Drer_ENSDART00000017191	74.0	S	0.0
Gfas_gfas1.m1.11508.m1	Exapal_XM_021049433.2	74.0	S	0.0
Gfas_gfas1.m1.11508.m1	Galgal_ENSGALT00000046008	74.0	S	0.0
Gfas_gfas1.m1.11508.m1	Aaur_scaffold1413.g2.t1	74.0	S	0.0
Gfas_gfas1.m1.11508.m1	Galgal_ENSGALT00000052233	74.0	S	0.0
Gfas_gfas1.m1.11508.m1	Dmel_FBtr0089276	74.0	S	0.0
Gfas_gfas1.m1.11508.m1	Hsap_ENST00000330070	74.0	S	0.0
Gfas_gfas1.m1.11508.m1	Cgig_XM_011426480.3	74.0	S	0.0
Gfas_gfas1.m1.11508.m1	Mmus_ENSMUST00000100523	74.0	S	0.0
Gfas_gfas1.m1.11508.m1	Chem_TCONS_00069782	74.0	S	0.0
Gfas_gfas1.m1.11508.m1	Dmel_FBtr0074430	74.0	S	0.0
Gfas_gfas1.m1.11508.m1	Exapal_XM_021051233.2	74.0	S	0.0
Exapal_XM_021041218.2	Galgal_ENSGALT00000066157	100.0	S	0.0
Exapal_XM_021041218.2	Xesp_009187-T1	100.0	S	0.0
Exapal_XM_021041218.2	Xentro_ENSXETT00000070016	100.0	S	0.0
Exapal_XM_021041218.2	Gasp_gasp1.m3.16096.m1	100.0	S	0.0
Exapal_XM_021041218.2	Spis_XP_022804334_1	100.0	S	0.0
Exapal_XM_021041218.2	Adig_XM_015918195.1	100.0	S	0.0
Exapal_XM_021041218.2	Fspp_ffun1.m4.18984.m1	100.0	S	0.0
Exapal_XM_021041218.2	Mmus_ENSMUST00000099401	100.0	S	0.0
Hhon_g10818.t1	Adig_XM_015899310.1	100.0	S	0.0
Hhon_g10818.t1	Dmel_FBtr0290136	100.0	S	0.0
Hhon_g10818.t1	Hvul_g10051_1	100.0	S	0.0
Hhon_g10818.t1	Galgal_ENSGALT00000073841	100.0	S	0.0
Hhon_g10818.t1	Adig_XM_015908011.1	100.0	S	0.0
Hhon_g10818.t1	Xesp_025417-T1	100.0	S	0.0
Hhon_g10818.t1	Nvec_v1g91593	100.0	S	0.0
Hhon_g10818.t1	Ctel_gnl_WGS_AMQN_CAPTEDRAFT_mRNA94902	100.0	S	0.0
Hhon_g10818.t1	Adig_XM_015915222.1	100.0	S	0.0
Hhon_g10818.t1	Spis_XP_022800588_1	100.0	S	0.0
Hhon_g10818.t1	Exapal_XM_021061837.2	100.0	S	0.0
Hhon_g10818.t1	Spur_XM_001177706.4	100.0	S	0.0
Hhon_g10818.t1	Nvec_v1g192469	100.0	S	0.0
Tadh_TriadT33728	Adig_XM_015899310.1	100.0	S	0.0
Tadh_TriadT33728	Dmel_FBtr0290136	100.0	S	0.0
Tadh_TriadT33728	Hvul_g10051_1	100.0	S	0.0
Tadh_TriadT33728	Galgal_ENSGALT00000073841	100.0	S	0.0
Tadh_TriadT33728	Adig_XM_015908011.1	100.0	S	0.0
Tadh_TriadT33728	Xesp_025417-T1	100.0	S	0.0
Tadh_TriadT33728	Nvec_v1g91593	100.0	S	0.0
Tadh_TriadT33728	Ctel_gnl_WGS_AMQN_CAPTEDRAFT_mRNA94902	100.0	S	0.0
Tadh_TriadT33728	Adig_XM_015915222.1	100.0	S	0.0
Tadh_TriadT33728	Spis_XP_022800588_1	100.0	S	0.0
Tadh_TriadT33728	Exapal_XM_021061837.2	100.0	S	0.0
Tadh_TriadT33728	Spur_XM_001177706.4	100.0	S	0.0
Tadh_TriadT33728	Nvec_v1g192469	100.0	S	0.0
Adig_XM_015897305.1	Fspp_ffun1.m4.15426.m1	98.0	S	0.0
Hsap_ENST00000518156	Xentro_ENSXETT00000050714	100.0	S	0.0
Xentro_ENSXETT00000056262	Xentro_ENSXETT00000056265	100.0	D	1.0
Spis_XP_022794618_1	Galgal_ENSGALT00000048513	100.0	S	0.0
Xentro_ENSXETT00000062960	Xentro_ENSXETT00000080894	100.0	D	1.0
Xentro_ENSXETT00000005952	Gasp_gasp1.m3.4133.m1	100.0	S	0.0
Apimel_XM_003251590	Dgig_XM_028562906.1	97.0	S	0.0
Apimel_XM_003251590	Dmel_FBtr0084087	97.0	S	0.0
Apimel_XM_003251590	Cgig_XM_011416274.3	97.0	S	0.0
Skow_XM_006819482.1	Exapal_XM_021044213.2	100.0	S	0.0
Fspp_ffun1.m4.4461.m1	Spis_XP_022786405_1	100.0	S	0.0
Fspp_ffun1.m4.4461.m1	Gasp_gasp1.m3.680.m1	100.0	S	0.0
Fspp_ffun1.m4.4461.m1	Spis_XP_022782914_1	100.0	S	0.0
Fspp_ffun1.m4.14105.m1	Gasp_gasp1.m3.4129.m1	99.0	S	0.0
Ctel_gnl_WGS_AMQN_CAPTEDRAFT_mRNA170007	Ctel_gnl_WGS_AMQN_CAPTEDRAFT_mRNA220898	100.0	D	1.0
Hsap_ENST00000325017	Skow_NM_001165028.1	56.0	S	0.0
Hsap_ENST00000325017	Drer_ENSDART00000023639	56.0	S	0.0
Hsap_ENST00000524983	Skow_NM_001165028.1	56.0	S	0.0
Hsap_ENST00000524983	Drer_ENSDART00000023639	56.0	S	0.0
Cgig_XM_011458680.3	Drer_ENSDART00000022377	100.0	S	0.0
Cgig_XM_011458680.3	Galgal_ENSGALT00000001806	100.0	S	0.0
Cgig_XM_011458680.3	Apimel_XM_006558625	100.0	S	0.0
Cgig_XM_011448831.3	Drer_ENSDART00000022377	100.0	S	0.0
Cgig_XM_011448831.3	Galgal_ENSGALT00000001806	100.0	S	0.0
Cgig_XM_011448831.3	Apimel_XM_006558625	100.0	S	0.0
Xentro_ENSXETT00000001601	Skow_NM_001164910.1	89.0	S	0.0
Fspp_ffun1.m4.23128.m1	Tadh_TriadT9507	100.0	S	0.0
Fspp_ffun1.m4.23128.m1	Apimel_XM_394578	100.0	S	0.0
Fspp_ffun1.m4.23128.m1	Tadh_TriadT50928	100.0	S	0.0
Fspp_ffun1.m4.23128.m1	Hhon_g07292.t1	100.0	S	0.0
Ctel_gnl_WGS_AMQN_CAPTEDRAFT_mRNA149569	Tcas_TC011744_001	88.0	S	0.0
Ctel_gnl_WGS_AMQN_CAPTEDRAFT_mRNA149569	Hsap_ENST00000422806	88.0	S	0.0
Ctel_gnl_WGS_AMQN_CAPTEDRAFT_mRNA149569	Galgal_ENSGALT00000059800	88.0	S	0.0
Ctel_gnl_WGS_AMQN_CAPTEDRAFT_mRNA149569	Xentro_ENSXETT00000066949	88.0	S	0.0
Ctel_gnl_WGS_AMQN_CAPTEDRAFT_mRNA149569	Fspp_ffun1.m4.12110.m1	88.0	S	0.0
Ctel_gnl_WGS_AMQN_CAPTEDRAFT_mRNA149569	Spis_XP_022804770_1	88.0	S	0.0
Ctel_gnl_WGS_AMQN_CAPTEDRAFT_mRNA149569	Cgig_XM_011426485.3	88.0	S	0.0
Ctel_gnl_WGS_AMQN_CAPTEDRAFT_mRNA149569	Mmus_ENSMUST00000067020	88.0	S	0.0
Ctel_gnl_WGS_AMQN_CAPTEDRAFT_mRNA149569	Mmus_ENSMUST00000001536	88.0	S	0.0
Ctel_gnl_WGS_AMQN_CAPTEDRAFT_mRNA149569	Drer_ENSDART00000061716	88.0	S	0.0
Ctel_gnl_WGS_AMQN_CAPTEDRAFT_mRNA149569	Drer_ENSDART00000017493	88.0	S	0.0
Cgig_XM_011439089.3	Skow_NM_001164932.1	67.0	S	0.0
Skow_XM_006822703.1	Galgal_ENSGALT00000105823	90.0	S	0.0
Skow_XM_006822703.1	Xentro_ENSXETT00000050951	90.0	S	0.0
Skow_XM_006822703.1	Spur_NM_001129811.2	90.0	S	0.0
Skow_XM_006822703.1	Drer_ENSDART00000170527	90.0	S	0.0
Skow_XM_006822703.1	Spur_XM_789660.4	90.0	S	0.0
Skow_XM_006822703.1	Mmus_ENSMUST00000067075	90.0	S	0.0
Skow_XM_006822703.1	Dmel_FBtr0082880	90.0	S	0.0
Skow_XM_006822703.1	Mmus_ENSMUST00000027778	90.0	S	0.0
Skow_XM_006822703.1	Hsap_ENST00000381020	90.0	S	0.0
Skow_XM_006822703.1	Chem_TCONS_00060494	90.0	S	0.0
Skow_XM_006822703.1	Mmus_ENSMUST00000072631	90.0	S	0.0
Gfas_gfas1.m1.13628.m1	Galgal_ENSGALT00000105823	90.0	S	0.0
Gfas_gfas1.m1.13628.m1	Xentro_ENSXETT00000050951	90.0	S	0.0
Gfas_gfas1.m1.13628.m1	Spur_NM_001129811.2	90.0	S	0.0
Gfas_gfas1.m1.13628.m1	Drer_ENSDART00000170527	90.0	S	0.0
Gfas_gfas1.m1.13628.m1	Spur_XM_789660.4	90.0	S	0.0
Gfas_gfas1.m1.13628.m1	Mmus_ENSMUST00000067075	90.0	S	0.0
Gfas_gfas1.m1.13628.m1	Dmel_FBtr0082880	90.0	S	0.0
Gfas_gfas1.m1.13628.m1	Mmus_ENSMUST00000027778	90.0	S	0.0
Gfas_gfas1.m1.13628.m1	Hsap_ENST00000381020	90.0	S	0.0
Gfas_gfas1.m1.13628.m1	Chem_TCONS_00060494	90.0	S	0.0
Gfas_gfas1.m1.13628.m1	Mmus_ENSMUST00000072631	90.0	S	0.0
Dgig_XM_028537344.1	Hvul_g4503_1	100.0	S	0.0
Dgig_XM_028537344.1	Exapal_XM_021055424.2	100.0	S	0.0
Gasp_gasp1.m3.12287.m1	Spis_XP_022786436_1	98.0	S	0.0
Gasp_gasp1.m3.12287.m1	Spur_XM_011677053.2	98.0	S	0.0
Mmus_ENSMUST00000173348	Spis_XP_022786436_1	98.0	S	0.0
Mmus_ENSMUST00000173348	Spur_XM_011677053.2	98.0	S	0.0
Galgal_ENSGALT00000029853	Adig_XM_015897727.1	99.0	S	0.0
Galgal_ENSGALT00000029853	Spur_XM_030978505.1	99.0	S	0.0
Galgal_ENSGALT00000029853	Gfas_gfas1.m1.16379.m1	99.0	S	0.0
Gfas_gfas1.m1.16373.m1	Apimel_XM_006564275	100.0	S	0.0
Gfas_gfas1.m1.16373.m1	Tcas_TC030553_001	100.0	S	0.0
Adig_XM_015897726.1	Apimel_XM_006564275	100.0	S	0.0
Adig_XM_015897726.1	Tcas_TC030553_001	100.0	S	0.0
Dgig_XM_028535474.1	Skow_NM_001164912.1	48.0	S	0.0
Dgig_XM_028535474.1	Hsap_ENST00000252971	48.0	S	0.0
Dgig_XM_028535474.1	Tcas_TC012332_001	48.0	S	0.0
Dgig_XM_028535474.1	Apimel_XM_006561860	48.0	S	0.0
Dgig_XM_028535474.1	Fspp_ffun1.m4.11567.m1	48.0	S	0.0
Galgal_ENSGALT00000038692	Skow_NM_001164912.1	48.0	S	0.0
Galgal_ENSGALT00000038692	Hsap_ENST00000252971	48.0	S	0.0
Galgal_ENSGALT00000038692	Tcas_TC012332_001	48.0	S	0.0
Galgal_ENSGALT00000038692	Apimel_XM_006561860	48.0	S	0.0
Galgal_ENSGALT00000038692	Fspp_ffun1.m4.11567.m1	48.0	S	0.0
Ctel_gnl_WGS_AMQN_CAPTEDRAFT_mRNA220261	Cgig_XM_011422319.3	100.0	S	0.0
Ctel_gnl_WGS_AMQN_CAPTEDRAFT_mRNA81827	Mmus_ENSMUST00000172821	95.0	S	0.0
Fspp_ffun1.m4.15187.m1	Gasp_gasp1.m3.23161.m1	82.0	S	0.0
Xesp_001248-T1	Adig_XM_015897722.1	100.0	S	0.0
Gasp_gasp1.m1b.17996.m1	Adig_XM_015914462.1	88.0	S	0.0
Gasp_gasp1.m1b.17996.m1	Xesp_007977-T1	88.0	S	0.0
Drer_ENSDART00000159275	Fspp_ffun1.m4.13287.m1	88.0	S	0.0
Nvec_v1g123764	Tcas_TC011763_001	88.0	S	0.0
Xentro_ENSXETT00000016414	Morvir_scaffold59.g41.t1	100.0	S	0.0
Xentro_ENSXETT00000016414	Bflo_XM_035841223.1	100.0	S	0.0
Tcas_TC009309_001	Galgal_ENSGALT00000056540	87.0	S	0.0
Tcas_TC009309_001	Drer_ENSDART00000130260	87.0	S	0.0
Tcas_TC009309_001	Drer_ENSDART00000023674	87.0	S	0.0
Tcas_TC009309_001	Xentro_ENSXETT00000084717	87.0	S	0.0
Tcas_TC009309_001	Galgal_ENSGALT00000069688	87.0	S	0.0
Tcas_TC009309_001	Spur_NM_214561.2	87.0	S	0.0
Tcas_TC009309_001	Adig_XM_015917750.1	87.0	S	0.0
Tcas_TC009309_001	Drer_ENSDART00000058036	87.0	S	0.0
Tcas_TC009309_001	Chem_TCONS_00054222	87.0	S	0.0
Tcas_TC009309_001	Hsap_ENST00000553456	87.0	S	0.0
Tcas_TC009309_001	Adig_XM_015912978.1	87.0	S	0.0
Tcas_TC009309_001	Dgig_XM_028539193.1	87.0	S	0.0
Skow_NM_001164889.1	Galgal_ENSGALT00000056540	87.0	S	0.0
Skow_NM_001164889.1	Drer_ENSDART00000130260	87.0	S	0.0
Skow_NM_001164889.1	Drer_ENSDART00000023674	87.0	S	0.0
Skow_NM_001164889.1	Xentro_ENSXETT00000084717	87.0	S	0.0
Skow_NM_001164889.1	Galgal_ENSGALT00000069688	87.0	S	0.0
Skow_NM_001164889.1	Spur_NM_214561.2	87.0	S	0.0
Skow_NM_001164889.1	Adig_XM_015917750.1	87.0	S	0.0
Skow_NM_001164889.1	Drer_ENSDART00000058036	87.0	S	0.0
Skow_NM_001164889.1	Chem_TCONS_00054222	87.0	S	0.0
Skow_NM_001164889.1	Hsap_ENST00000553456	87.0	S	0.0
Skow_NM_001164889.1	Adig_XM_015912978.1	87.0	S	0.0
Skow_NM_001164889.1	Dgig_XM_028539193.1	87.0	S	0.0
Tcas_TC008996_001	Spis_XP_022804634_1	99.0	S	0.0
Drer_ENSDART00000016575	Skow_NM_001168138.1	99.0	S	0.0
Drer_ENSDART00000016575	Mmus_ENSMUST00000051997	99.0	S	0.0
Chem_TCONS_00066748	Spur_XM_779642.5	100.0	S	0.0
Ctel_gnl_WGS_AMQN_CAPTEDRAFT_mRNA70572	Hsap_ENST00000528386	100.0	S	0.0
Skow_XM_002731799.2	Spis_XP_022792039_1	100.0	S	0.0
Ctel_gnl_WGS_AMQN_CAPTEDRAFT_mRNA74740	Mmus_ENSMUST00000015723	89.0	S	0.0
Ctel_gnl_WGS_AMQN_CAPTEDRAFT_mRNA74740	Xesp_013856-T1	89.0	S	0.0
Ctel_gnl_WGS_AMQN_CAPTEDRAFT_mRNA74740	Fspp_ffun1.m4.26584.m1	89.0	S	0.0
Ctel_gnl_WGS_AMQN_CAPTEDRAFT_mRNA74740	Adig_XM_015914460.1	89.0	S	0.0
Ctel_gnl_WGS_AMQN_CAPTEDRAFT_mRNA74740	Tcas_TC031415_001	89.0	S	0.0
Ctel_gnl_WGS_AMQN_CAPTEDRAFT_mRNA74740	Tcas_TC000917_001	89.0	S	0.0
Ctel_gnl_WGS_AMQN_CAPTEDRAFT_mRNA74740	Adig_XM_015899313.1	89.0	S	0.0
Ctel_gnl_WGS_AMQN_CAPTEDRAFT_mRNA74740	Hvul_g3831_1	89.0	S	0.0
Ctel_gnl_WGS_AMQN_CAPTEDRAFT_mRNA74740	Hvul_g24401_1	89.0	S	0.0
Ctel_gnl_WGS_AMQN_CAPTEDRAFT_mRNA74740	Adig_XM_015909101.1	89.0	S	0.0
Ctel_gnl_WGS_AMQN_CAPTEDRAFT_mRNA74740	Aaur_scaffold389.g8.t1	89.0	S	0.0
Ctel_gnl_WGS_AMQN_CAPTEDRAFT_mRNA74740	Mmus_ENSMUST00000061745	89.0	S	0.0
Ctel_gnl_WGS_AMQN_CAPTEDRAFT_mRNA74740	Tadh_TriadT18102	89.0	S	0.0
Ctel_gnl_WGS_AMQN_CAPTEDRAFT_mRNA74740	Tcas_TC000483_001	89.0	S	0.0
Ctel_gnl_WGS_AMQN_CAPTEDRAFT_mRNA74740	Drer_ENSDART00000079383	89.0	S	0.0
Ctel_gnl_WGS_AMQN_CAPTEDRAFT_mRNA74740	Fspp_ffun1.m4.1448.m1	89.0	S	0.0
Ctel_gnl_WGS_AMQN_CAPTEDRAFT_mRNA74740	Fspp_ffun1.m4.23130.m1	89.0	S	0.0
Ctel_gnl_WGS_AMQN_CAPTEDRAFT_mRNA74740	Fspp_ffun1.m4.18979.m1	89.0	S	0.0
Ctel_gnl_WGS_AMQN_CAPTEDRAFT_mRNA74740	Nvec_v1g80927	89.0	S	0.0
Ctel_gnl_WGS_AMQN_CAPTEDRAFT_mRNA74740	Exapal_XM_021044606.2	89.0	S	0.0
Ctel_gnl_WGS_AMQN_CAPTEDRAFT_mRNA74740	Gfas_gfas1.m1.19739.m1	89.0	S	0.0
Ctel_gnl_WGS_AMQN_CAPTEDRAFT_mRNA74740	Gasp_gasp1.m3.2249.m1	89.0	S	0.0
Ctel_gnl_WGS_AMQN_CAPTEDRAFT_mRNA74740	Spis_XP_022790514_1	89.0	S	0.0
Ctel_gnl_WGS_AMQN_CAPTEDRAFT_mRNA74740	Bflo_XM_035815881.1	89.0	S	0.0
Ctel_gnl_WGS_AMQN_CAPTEDRAFT_mRNA74740	Adig_XM_015915185.1	89.0	S	0.0
Ctel_gnl_WGS_AMQN_CAPTEDRAFT_mRNA74740	Morvir_scaffold95.g3.t1	89.0	S	0.0
Ctel_gnl_WGS_AMQN_CAPTEDRAFT_mRNA74740	Hsap_ENST00000222726	89.0	S	0.0
Xentro_ENSXETT00000025770	Mmus_ENSMUST00000015723	89.0	S	0.0
Xentro_ENSXETT00000025770	Xesp_013856-T1	89.0	S	0.0
Xentro_ENSXETT00000025770	Fspp_ffun1.m4.26584.m1	89.0	S	0.0
Xentro_ENSXETT00000025770	Adig_XM_015914460.1	89.0	S	0.0
Xentro_ENSXETT00000025770	Tcas_TC031415_001	89.0	S	0.0
Xentro_ENSXETT00000025770	Tcas_TC000917_001	89.0	S	0.0
Xentro_ENSXETT00000025770	Adig_XM_015899313.1	89.0	S	0.0
Xentro_ENSXETT00000025770	Hvul_g3831_1	89.0	S	0.0
Xentro_ENSXETT00000025770	Hvul_g24401_1	89.0	S	0.0
Xentro_ENSXETT00000025770	Adig_XM_015909101.1	89.0	S	0.0
Xentro_ENSXETT00000025770	Aaur_scaffold389.g8.t1	89.0	S	0.0
Xentro_ENSXETT00000025770	Mmus_ENSMUST00000061745	89.0	S	0.0
Xentro_ENSXETT00000025770	Tadh_TriadT18102	89.0	S	0.0
Xentro_ENSXETT00000025770	Tcas_TC000483_001	89.0	S	0.0
Xentro_ENSXETT00000025770	Drer_ENSDART00000079383	89.0	S	0.0
Xentro_ENSXETT00000025770	Fspp_ffun1.m4.1448.m1	89.0	S	0.0
Xentro_ENSXETT00000025770	Fspp_ffun1.m4.23130.m1	89.0	S	0.0
Xentro_ENSXETT00000025770	Fspp_ffun1.m4.18979.m1	89.0	S	0.0
Xentro_ENSXETT00000025770	Nvec_v1g80927	89.0	S	0.0
Xentro_ENSXETT00000025770	Exapal_XM_021044606.2	89.0	S	0.0
Xentro_ENSXETT00000025770	Gfas_gfas1.m1.19739.m1	89.0	S	0.0
Xentro_ENSXETT00000025770	Gasp_gasp1.m3.2249.m1	89.0	S	0.0
Xentro_ENSXETT00000025770	Spis_XP_022790514_1	89.0	S	0.0
Xentro_ENSXETT00000025770	Bflo_XM_035815881.1	89.0	S	0.0
Xentro_ENSXETT00000025770	Adig_XM_015915185.1	89.0	S	0.0
Xentro_ENSXETT00000025770	Morvir_scaffold95.g3.t1	89.0	S	0.0
Xentro_ENSXETT00000025770	Hsap_ENST00000222726	89.0	S	0.0
Drer_ENSDART00000158576	Mmus_ENSMUST00000052609	61.0	S	0.0
Drer_ENSDART00000158576	Hsap_ENST00000249440	61.0	S	0.0
Drer_ENSDART00000158576	Galgal_ENSGALT00000014862	61.0	S	0.0
Ctel_gnl_WGS_AMQN_CAPTEDRAFT_mRNA147353	Xentro_ENSXETT00000047434	100.0	S	0.0
Ctel_gnl_WGS_AMQN_CAPTEDRAFT_mRNA147353	Tcas_TC031113_001	100.0	S	0.0
Ctel_gnl_WGS_AMQN_CAPTEDRAFT_mRNA147353	Galgal_ENSGALT00000105639	100.0	S	0.0
Mmus_ENSMUST00000092768	Xentro_ENSXETT00000047434	100.0	S	0.0
Mmus_ENSMUST00000092768	Tcas_TC031113_001	100.0	S	0.0
Mmus_ENSMUST00000092768	Galgal_ENSGALT00000105639	100.0	S	0.0
Bflo_XM_035844348.1	Dmel_FBtr0300076	92.0	S	0.0
Bflo_XM_035844348.1	Apimel_XM_016915684	92.0	S	0.0
Bflo_XM_035844348.1	Cgig_XM_011443268.3	92.0	S	0.0
Bflo_XM_035844348.1	Exapal_XM_021056281.2	92.0	S	0.0
Bflo_XM_035844348.1	Xentro_ENSXETT00000045469	92.0	S	0.0
Bflo_XM_035844348.1	Tcas_TC009351_001	92.0	S	0.0
Spur_NM_001129810.1	Dmel_FBtr0300076	92.0	S	0.0
Spur_NM_001129810.1	Apimel_XM_016915684	92.0	S	0.0
Spur_NM_001129810.1	Cgig_XM_011443268.3	92.0	S	0.0
Spur_NM_001129810.1	Exapal_XM_021056281.2	92.0	S	0.0
Spur_NM_001129810.1	Xentro_ENSXETT00000045469	92.0	S	0.0
Spur_NM_001129810.1	Tcas_TC009351_001	92.0	S	0.0
Hsap_ENST00000434704	Fspp_ffun1.m4.14104.m1	100.0	S	0.0
Hsap_ENST00000434704	Drer_ENSDART00000103149	100.0	S	0.0
Hsap_ENST00000434704	Bflo_XM_035802805.1	100.0	S	0.0
Hsap_ENST00000434704	Mmus_ENSMUST00000001700	100.0	S	0.0
Galgal_ENSGALT00000018031	Fspp_ffun1.m4.14104.m1	100.0	S	0.0
Galgal_ENSGALT00000018031	Drer_ENSDART00000103149	100.0	S	0.0
Galgal_ENSGALT00000018031	Bflo_XM_035802805.1	100.0	S	0.0
Galgal_ENSGALT00000018031	Mmus_ENSMUST00000001700	100.0	S	0.0
Gasp_gasp1.m3.23164.m1	Xesp_014792-T1	100.0	S	0.0
Spis_XP_022792040_1	Gasp_gasp1.m3.4690.m1	99.0	S	0.0
Spis_XP_022792040_1	Adig_XM_015910650.1	99.0	S	0.0
Spis_XP_022792040_1	Gfas_gfas1.m1.14376.m1	99.0	S	0.0
Apimel_XM_016916875	Chem_TCONS_00029478	100.0	S	0.0
Fspp_ffun1.m4.15427.m1	Gasp_gasp1.m3.12289.m1	100.0	S	0.0
Adig_XM_015905819.1	Exapal_XM_021061705.2	100.0	S	0.0
Adig_XM_015905819.1	Chem_TCONS_00070249	100.0	S	0.0
Gasp_gasp1.m3.12286.m1	Exapal_XM_021061705.2	100.0	S	0.0
Gasp_gasp1.m3.12286.m1	Chem_TCONS_00070249	100.0	S	0.0
Tcas_TC009896_001	Gasp_gasp1.m3.4135.m1	100.0	S	0.0
Tcas_TC009896_001	Drer_ENSDART00000019910	100.0	S	0.0
Tcas_TC009896_001	Apimel_XM_624478	100.0	S	0.0
Gfas_gfas1.m1.785.m1	Gasp_gasp1.m3.4135.m1	100.0	S	0.0
Gfas_gfas1.m1.785.m1	Drer_ENSDART00000019910	100.0	S	0.0
Gfas_gfas1.m1.785.m1	Apimel_XM_624478	100.0	S	0.0
Hsap_ENST00000258106	Mmus_ENSMUST00000060820	100.0	S	0.0
Hsap_ENST00000357878	Bflo_XM_035816607.1	99.0	S	0.0
Adig_XM_015905832.1	Cgig_XM_011422313.3	96.0	S	0.0
Adig_XM_015905832.1	Xentro_ENSXETT00000001604	96.0	S	0.0
Fspp_ffun1.m4.22959.m1	Ctel_gnl_WGS_AMQN_CAPTEDRAFT_mRNA70959	48.0	S	0.0
Fspp_ffun1.m4.22959.m1	Drer_ENSDART00000110682	48.0	S	0.0
Morvir_scaffold188.g35.t1	Gasp_gasp1.m3.4130.m1	100.0	S	0.0
Dgig_XM_028563327.1	Fspp_ffun1.m4.11764.m1	100.0	S	0.0
Dgig_XM_028563327.1	Xesp_022099-T1	100.0	S	0.0
Dgig_XM_028563327.1	Xesp_022116-T1	100.0	S	0.0
Dgig_XM_028563327.1	Xesp_022100-T1	100.0	S	0.0
Dgig_XM_028563327.1	Xentro_ENSXETT00000025782	100.0	S	0.0
Dgig_XM_028563327.1	Mmus_ENSMUST00000079721	100.0	S	0.0
Spur_XM_031000064.1	Fspp_ffun1.m4.11764.m1	100.0	S	0.0
Spur_XM_031000064.1	Xesp_022099-T1	100.0	S	0.0
Spur_XM_031000064.1	Xesp_022116-T1	100.0	S	0.0
Spur_XM_031000064.1	Xesp_022100-T1	100.0	S	0.0
Spur_XM_031000064.1	Xentro_ENSXETT00000025782	100.0	S	0.0
Spur_XM_031000064.1	Mmus_ENSMUST00000079721	100.0	S	0.0
Adig_XM_015915200.1	Drer_ENSDART00000153363	100.0	S	0.0
Fspp_ffun1.m4.4458.m1	Gasp_gasp1.m3.677.m1	91.0	S	0.0
Fspp_ffun1.m4.4458.m1	Spis_XP_022782913_1	91.0	S	0.0
Drer_ENSDART00000102778	Apimel_XM_001120268	100.0	S	0.0
Drer_ENSDART00000102778	Spis_XP_022796599_1	100.0	S	0.0
Drer_ENSDART00000102778	Galgal_ENSGALT00000006647	100.0	S	0.0
Chem_TCONS_00017798	Apimel_XM_001120268	100.0	S	0.0
Chem_TCONS_00017798	Spis_XP_022796599_1	100.0	S	0.0
Chem_TCONS_00017798	Galgal_ENSGALT00000006647	100.0	S	0.0
Cgig_XM_011442382.3	Ctel_gnl_WGS_AMQN_CAPTEDRAFT_mRNA176625	97.0	S	0.0
Cgig_XM_011442382.3	Bflo_XM_035819083.1	97.0	S	0.0
Cgig_XM_011442382.3	Nvec_v1g48828	97.0	S	0.0
Tcas_TC013614_001	Xentro_ENSXETT00000065721	39.0	S	0.0
Tcas_TC013614_001	Skow_XM_006824407.1	39.0	S	0.0
Tcas_TC013614_001	Fspp_ffun1.m4.11751.m1	39.0	S	0.0
Tcas_TC013614_001	Dgig_XM_028554263.1	39.0	S	0.0
Tcas_TC013614_001	Exapal_XM_021043058.2	39.0	S	0.0
Tcas_TC013614_001	Gasp_gasp1.m3.24581.m1	39.0	S	0.0
Tcas_TC013614_001	Bflo_XM_035841216.1	39.0	S	0.0
Tcas_TC013614_001	Spur_XM_780913.5	39.0	S	0.0
Tcas_TC013614_001	Gasp_gasp1.m3.2245.m1	39.0	S	0.0
Tcas_TC013614_001	Xentro_ENSXETT00000062188	39.0	S	0.0
Tcas_TC013614_001	Spis_XP_022802187_1	39.0	S	0.0
Nvec_v1g139174	Cgig_XM_011416447.3	59.0	S	0.0
Spur_XM_776648.5	Drer_ENSDART00000171932	87.0	S	0.0
Spur_XM_776648.5	Morvir_scaffold99.g69.t1	87.0	S	0.0
Spur_XM_776648.5	Hsap_ENST00000225648	87.0	S	0.0
Spur_XM_776648.5	Galgal_ENSGALT00000080732	87.0	S	0.0
Spur_XM_776648.5	Cgig_XM_011440152.3	87.0	S	0.0
Xentro_ENSXETT00000039652	Adig_XM_015907403.1	76.0	S	0.0
Xentro_ENSXETT00000039652	Dmel_FBtr0084091	76.0	S	0.0
Galgal_ENSGALT00000003427	Cgig_XM_034483480.1	98.0	S	0.0
Galgal_ENSGALT00000003427	Hsap_ENST00000317201	98.0	S	0.0
Skow_XM_006824496.1	Hsap_ENST00000369206	100.0	S	0.0
Drer_ENSDART00000085395	Galgal_ENSGALT00000017098	100.0	S	0.0
Drer_ENSDART00000085395	Dgig_XM_028537572.1	100.0	S	0.0
Drer_ENSDART00000085395	Nvec_v1g197288	100.0	S	0.0
Drer_ENSDART00000085395	Gfas_gfas1.m1.19699.m1	100.0	S	0.0
Skow_XM_006811339.1	Galgal_ENSGALT00000099908	100.0	S	0.0
Ctel_gnl_WGS_AMQN_CAPTEDRAFT_mRNA159948	Galgal_ENSGALT00000050386	100.0	S	0.0
Ctel_gnl_WGS_AMQN_CAPTEDRAFT_mRNA159948	Hsap_ENST00000297537	100.0	S	0.0
Ctel_gnl_WGS_AMQN_CAPTEDRAFT_mRNA159948	Mmus_ENSMUST00000088311	100.0	S	0.0
Gasp_gasp1.m3.14501.m1	Gfas_gfas1.m1.13208.m1	100.0	S	0.0
Gasp_gasp1.m3.14501.m1	Drer_ENSDART00000082355	100.0	S	0.0
Gasp_gasp1.m3.14501.m1	Xentro_ENSXETT00000007145	100.0	S	0.0
Gasp_gasp1.m3.14501.m1	Xentro_ENSXETT00000011040	100.0	S	0.0
Gasp_gasp1.m3.14501.m1	Ctel_gnl_WGS_AMQN_CAPTEDRAFT_mRNA25827	100.0	S	0.0
Drer_ENSDART00000110871	Morvir_scaffold98.g48.t1	56.0	S	0.0
Bflo_XM_035819308.1	Ctel_gnl_WGS_AMQN_CAPTEDRAFT_mRNA70992	88.0	S	0.0
Bflo_XM_035819308.1	Drer_ENSDART00000046638	88.0	S	0.0
Bflo_XM_035819308.1	Hvul_g26228_1	88.0	S	0.0
Bflo_XM_035819308.1	Cgig_XM_011428337.3	88.0	S	0.0
Gasp_gasp1.m3.16233.m1	Cgig_XM_011419062.3	96.0	S	0.0
Gasp_gasp1.m3.16233.m1	Mmus_ENSMUST00000045942	96.0	S	0.0
Skow_NM_001164925.1	Xentro_ENSXETT00000047578	47.0	S	0.0
Tcas_TC009461_001	Galgal_ENSGALT00000062843	19.0	S	0.0
Tcas_TC009461_001	Mmus_ENSMUST00000100164	19.0	S	0.0
Exapal_XM_021043064.2	Adig_XM_015912983.1	100.0	S	0.0
Spis_XP_022792033_1	Fspp_ffun1.m4.20503.m1	99.0	S	0.0
Spis_XP_022792033_1	Fspp_ffun1.m4.18981.m1	99.0	S	0.0
Spis_XP_022792033_1	Drer_ENSDART00000128951	99.0	S	0.0
Hsap_ENST00000351817	Exapal_XM_021039430.2	100.0	S	0.0
Hsap_ENST00000351817	Skow_XM_006817477.1	100.0	S	0.0
Hsap_ENST00000351817	Ctel_gnl_WGS_AMQN_CAPTEDRAFT_mRNA137362	100.0	S	0.0
Hsap_ENST00000351817	Drer_ENSDART00000163611	100.0	S	0.0
Spur_XM_011679176.2	Exapal_XM_021039430.2	100.0	S	0.0
Spur_XM_011679176.2	Skow_XM_006817477.1	100.0	S	0.0
Spur_XM_011679176.2	Ctel_gnl_WGS_AMQN_CAPTEDRAFT_mRNA137362	100.0	S	0.0
Spur_XM_011679176.2	Drer_ENSDART00000163611	100.0	S	0.0
Fspp_ffun1.m4.11570.m1	Adig_XM_015905830.1	85.0	S	0.0
Fspp_ffun1.m4.11570.m1	Drer_ENSDART00000015681	85.0	S	0.0
Fspp_ffun1.m4.11570.m1	Apimel_XM_026444941	85.0	S	0.0
Xentro_ENSXETT00000001626	Fspp_ffun1.m4.4460.m1	41.0	S	0.0
Xentro_ENSXETT00000001626	Exapal_XM_021061774.2	41.0	S	0.0
Spis_XP_022779303_1	Nvec_v1g128289	100.0	S	0.0
Drer_ENSDART00000080608	Fspp_ffun1.m4.11566.m1	100.0	S	0.0
Drer_ENSDART00000080608	Nvec_v1g128302	100.0	S	0.0
Drer_ENSDART00000080608	Gfas_gfas1.m1.7117.m1	100.0	S	0.0
Drer_ENSDART00000080608	Galgal_ENSGALT00000075435	100.0	S	0.0
Hsap_ENST00000239165	Dmel_FBtr0084086	100.0	S	0.0
Hsap_ENST00000239165	Spur_XM_030985280.1	100.0	S	0.0
Hsap_ENST00000239165	Nvec_v1g114232	100.0	S	0.0
Hsap_ENST00000239165	Fspp_ffun1.m4.11569.m1	100.0	S	0.0
Xesp_009187-T1	Galgal_ENSGALT00000066157	96.0	S	0.0
Xesp_009187-T1	Xentro_ENSXETT00000070016	96.0	S	0.0
Xesp_009187-T1	Gasp_gasp1.m3.16096.m1	96.0	S	0.0
Xesp_009187-T1	Adig_XM_015918195.1	96.0	S	0.0
Xesp_009187-T1	Spis_XP_022804334_1	96.0	S	0.0
Fspp_ffun1.m4.18984.m1	Galgal_ENSGALT00000066157	96.0	S	0.0
Fspp_ffun1.m4.18984.m1	Xentro_ENSXETT00000070016	96.0	S	0.0
Fspp_ffun1.m4.18984.m1	Gasp_gasp1.m3.16096.m1	96.0	S	0.0
Fspp_ffun1.m4.18984.m1	Adig_XM_015918195.1	96.0	S	0.0
Fspp_ffun1.m4.18984.m1	Spis_XP_022804334_1	96.0	S	0.0
Mmus_ENSMUST00000099401	Galgal_ENSGALT00000066157	96.0	S	0.0
Mmus_ENSMUST00000099401	Xentro_ENSXETT00000070016	96.0	S	0.0
Mmus_ENSMUST00000099401	Gasp_gasp1.m3.16096.m1	96.0	S	0.0
Mmus_ENSMUST00000099401	Adig_XM_015918195.1	96.0	S	0.0
Mmus_ENSMUST00000099401	Spis_XP_022804334_1	96.0	S	0.0
Hhon_g10818.t1	Tadh_TriadT33728	100.0	S	0.0
Dmel_FBtr0333875	Nvec_v1g80394	100.0	S	0.0
Dmel_FBtr0333875	Skow_NM_001164981.1	100.0	S	0.0
Ctel_gnl_WGS_AMQN_CAPTEDRAFT_mRNA156652	Spur_XM_779393.5	99.0	S	0.0
Ctel_gnl_WGS_AMQN_CAPTEDRAFT_mRNA156652	Gasp_gasp1.m3.24803.m1	99.0	S	0.0
Ctel_gnl_WGS_AMQN_CAPTEDRAFT_mRNA156652	Drer_ENSDART00000031490	99.0	S	0.0
Ctel_gnl_WGS_AMQN_CAPTEDRAFT_mRNA156652	Exapal_XM_021038953.2	99.0	S	0.0
Ctel_gnl_WGS_AMQN_CAPTEDRAFT_mRNA156652	Drer_ENSDART00000063601	99.0	S	0.0
Ctel_gnl_WGS_AMQN_CAPTEDRAFT_mRNA156652	Aaur_scaffold260.g3.t1	99.0	S	0.0
Ctel_gnl_WGS_AMQN_CAPTEDRAFT_mRNA156652	Dgig_XM_028554382.1	99.0	S	0.0
Ctel_gnl_WGS_AMQN_CAPTEDRAFT_mRNA156652	Mmus_ENSMUST00000040477	99.0	S	0.0
Ctel_gnl_WGS_AMQN_CAPTEDRAFT_mRNA156652	Galgal_ENSGALT00000075534	99.0	S	0.0
Ctel_gnl_WGS_AMQN_CAPTEDRAFT_mRNA156652	Skow_NM_001164899.1	99.0	S	0.0
Ctel_gnl_WGS_AMQN_CAPTEDRAFT_mRNA156652	Apimel_XM_001122113	99.0	S	0.0
Ctel_gnl_WGS_AMQN_CAPTEDRAFT_mRNA156652	Drer_ENSDART00000022441	99.0	S	0.0
Ctel_gnl_WGS_AMQN_CAPTEDRAFT_mRNA156652	Galgal_ENSGALT00000078705	99.0	S	0.0
Bflo_XM_035827166.1	Spur_XM_779393.5	99.0	S	0.0
Bflo_XM_035827166.1	Gasp_gasp1.m3.24803.m1	99.0	S	0.0
Bflo_XM_035827166.1	Drer_ENSDART00000031490	99.0	S	0.0
Bflo_XM_035827166.1	Exapal_XM_021038953.2	99.0	S	0.0
Bflo_XM_035827166.1	Drer_ENSDART00000063601	99.0	S	0.0
Bflo_XM_035827166.1	Aaur_scaffold260.g3.t1	99.0	S	0.0
Bflo_XM_035827166.1	Dgig_XM_028554382.1	99.0	S	0.0
Bflo_XM_035827166.1	Mmus_ENSMUST00000040477	99.0	S	0.0
Bflo_XM_035827166.1	Galgal_ENSGALT00000075534	99.0	S	0.0
Bflo_XM_035827166.1	Skow_NM_001164899.1	99.0	S	0.0
Bflo_XM_035827166.1	Apimel_XM_001122113	99.0	S	0.0
Bflo_XM_035827166.1	Drer_ENSDART00000022441	99.0	S	0.0
Bflo_XM_035827166.1	Galgal_ENSGALT00000078705	99.0	S	0.0
Xesp_009184-T1	Exapal_XM_021043048.2	98.0	S	0.0
Xesp_009184-T1	Drer_ENSDART00000113388	98.0	S	0.0
Xesp_009184-T1	Drer_ENSDART00000146056	98.0	S	0.0
Xesp_009184-T1	Dmel_FBtr0088586	98.0	S	0.0
Xesp_009184-T1	Drer_ENSDART00000014696	98.0	S	0.0
Xesp_009184-T1	Dmel_FBtr0113751	98.0	S	0.0
Xesp_009184-T1	Xentro_ENSXETT00000089378	98.0	S	0.0
Xesp_009184-T1	Cgig_XM_011416152.3	98.0	S	0.0
Xesp_009184-T1	Adig_XM_015918179.1	98.0	S	0.0
Dgig_XM_028541156.1	Exapal_XM_021043048.2	98.0	S	0.0
Dgig_XM_028541156.1	Drer_ENSDART00000113388	98.0	S	0.0
Dgig_XM_028541156.1	Drer_ENSDART00000146056	98.0	S	0.0
Dgig_XM_028541156.1	Dmel_FBtr0088586	98.0	S	0.0
Dgig_XM_028541156.1	Drer_ENSDART00000014696	98.0	S	0.0
Dgig_XM_028541156.1	Dmel_FBtr0113751	98.0	S	0.0
Dgig_XM_028541156.1	Xentro_ENSXETT00000089378	98.0	S	0.0
Dgig_XM_028541156.1	Cgig_XM_011416152.3	98.0	S	0.0
Dgig_XM_028541156.1	Adig_XM_015918179.1	98.0	S	0.0
Cgig_XM_011416274.3	Dgig_XM_028562906.1	84.0	S	0.0
Cgig_XM_011416274.3	Dmel_FBtr0084087	84.0	S	0.0
Gasp_gasp1.m3.680.m1	Spis_XP_022786405_1	94.0	S	0.0
Gasp_gasp1.m3.680.m1	Spis_XP_022782914_1	94.0	S	0.0
Hsap_ENST00000325017	Hsap_ENST00000524983	100.0	D	1.0
Skow_NM_001165028.1	Drer_ENSDART00000023639	100.0	S	0.0
Cgig_XM_011458680.3	Cgig_XM_011448831.3	100.0	D	1.0
Apimel_XM_006558625	Drer_ENSDART00000022377	30.0	S	0.0
Apimel_XM_006558625	Galgal_ENSGALT00000001806	30.0	S	0.0
Galgal_ENSGALT00000043274	Fspp_ffun1.m4.9245.m1	87.0	S	0.0
Galgal_ENSGALT00000043274	Hsap_ENST00000344586	87.0	S	0.0
Galgal_ENSGALT00000043274	Apimel_NM_001252428	87.0	S	0.0
Apimel_XM_394578	Tadh_TriadT50928	97.0	S	0.0
Apimel_XM_394578	Hhon_g07292.t1	97.0	S	0.0
Apimel_XM_394578	Tadh_TriadT9507	97.0	S	0.0
Skow_XM_006822703.1	Gfas_gfas1.m1.13628.m1	96.0	S	0.0
Exapal_XM_021055424.2	Hvul_g4503_1	100.0	S	0.0
Mmus_ENSMUST00000173348	Gasp_gasp1.m3.12287.m1	100.0	S	0.0
Spis_XP_022786436_1	Spur_XM_011677053.2	98.0	S	0.0
Spur_XM_030978505.1	Adig_XM_015897727.1	27.0	S	0.0
Spur_XM_030978505.1	Gfas_gfas1.m1.16379.m1	27.0	S	0.0
Adig_XM_015897726.1	Gfas_gfas1.m1.16373.m1	100.0	S	0.0
Tcas_TC030553_001	Apimel_XM_006564275	100.0	S	0.0
Dgig_XM_028535474.1	Galgal_ENSGALT00000038692	100.0	S	0.0
Skow_NM_001164912.1	Apimel_XM_006561860	100.0	S	0.0
Skow_NM_001164912.1	Tcas_TC012332_001	100.0	S	0.0
Skow_NM_001164912.1	Hsap_ENST00000252971	100.0	S	0.0
Fspp_ffun1.m4.11567.m1	Apimel_XM_006561860	100.0	S	0.0
Fspp_ffun1.m4.11567.m1	Tcas_TC012332_001	100.0	S	0.0
Fspp_ffun1.m4.11567.m1	Hsap_ENST00000252971	100.0	S	0.0
Bflo_XM_035819270.1	Apimel_NM_001011571	100.0	S	0.0
Bflo_XM_035819270.1	Ctel_gnl_WGS_AMQN_CAPTEDRAFT_mRNA78648	100.0	S	0.0
Bflo_XM_035819270.1	Skow_NM_001168137.1	100.0	S	0.0
Bflo_XM_035819270.1	Mmus_ENSMUST00000001709	100.0	S	0.0
Bflo_XM_035819270.1	Apimel_XM_016916887	100.0	S	0.0
Cgig_XM_034466211.1	Nvec_v1g5943	59.0	S	0.0
Cgig_XM_034466211.1	Skow_XM_002733661.2	59.0	S	0.0
Cgig_XM_034466211.1	Mmus_ENSMUST00000001872	59.0	S	0.0
Cgig_XM_034466211.1	Spis_XP_022794677_1	59.0	S	0.0
Cgig_XM_034466211.1	Galgal_ENSGALT00000000373	59.0	S	0.0
Exapal_XM_021044584.2	Nvec_v1g5943	59.0	S	0.0
Exapal_XM_021044584.2	Skow_XM_002733661.2	59.0	S	0.0
Exapal_XM_021044584.2	Mmus_ENSMUST00000001872	59.0	S	0.0
Exapal_XM_021044584.2	Spis_XP_022794677_1	59.0	S	0.0
Exapal_XM_021044584.2	Galgal_ENSGALT00000000373	59.0	S	0.0
Adig_XM_015914462.1	Xesp_007977-T1	89.0	S	0.0
Bflo_XM_035841223.1	Morvir_scaffold59.g41.t1	100.0	S	0.0
Skow_NM_001164889.1	Tcas_TC009309_001	100.0	S	0.0
Skow_NM_001168138.1	Mmus_ENSMUST00000051997	100.0	S	0.0
Galgal_ENSGALT00000017229	Tadh_TriadT9561	100.0	S	0.0
Mmus_ENSMUST00000172775	Tadh_TriadT49524	100.0	S	0.0
Xentro_ENSXETT00000025770	Ctel_gnl_WGS_AMQN_CAPTEDRAFT_mRNA74740	100.0	S	0.0
Galgal_ENSGALT00000014862	Mmus_ENSMUST00000052609	100.0	S	0.0
Galgal_ENSGALT00000014862	Hsap_ENST00000249440	100.0	S	0.0
Ctel_gnl_WGS_AMQN_CAPTEDRAFT_mRNA147353	Mmus_ENSMUST00000092768	100.0	S	0.0
Galgal_ENSGALT00000105639	Tcas_TC031113_001	83.0	S	0.0
Galgal_ENSGALT00000105639	Xentro_ENSXETT00000047434	83.0	S	0.0
Drer_ENSDART00000111386	Bflo_XM_035816462.1	100.0	S	0.0
Drer_ENSDART00000111386	Cgig_XM_011453230.3	100.0	S	0.0
Drer_ENSDART00000111386	Mmus_ENSMUST00000024159	100.0	S	0.0
Drer_ENSDART00000111386	Chem_TCONS_00025396	100.0	S	0.0
Bflo_XM_035844348.1	Spur_NM_001129810.1	23.0	S	0.0
Xentro_ENSXETT00000045469	Dmel_FBtr0300076	33.0	S	0.0
Xentro_ENSXETT00000045469	Apimel_XM_016915684	33.0	S	0.0
Xentro_ENSXETT00000045469	Cgig_XM_011443268.3	33.0	S	0.0
Xentro_ENSXETT00000045469	Exapal_XM_021056281.2	33.0	S	0.0
Xentro_ENSXETT00000045469	Tcas_TC009351_001	33.0	S	0.0
Hsap_ENST00000434704	Galgal_ENSGALT00000018031	93.0	S	0.0
Drer_ENSDART00000103149	Fspp_ffun1.m4.14104.m1	93.0	S	0.0
Drer_ENSDART00000103149	Bflo_XM_035802805.1	93.0	S	0.0
Drer_ENSDART00000103149	Mmus_ENSMUST00000001700	93.0	S	0.0
Fspp_ffun1.m4.14100.m1	Spis_XP_022803993_1	100.0	S	0.0
Fspp_ffun1.m4.14100.m1	Nvec_v1g197493	100.0	S	0.0
Fspp_ffun1.m4.14100.m1	Xentro_ENSXETT00000103078	100.0	S	0.0
Fspp_ffun1.m4.14100.m1	Hsap_ENST00000361725	100.0	S	0.0
Spur_XM_780421.4	Dmel_FBtr0083388	100.0	S	0.0
Spur_XM_780421.4	Galgal_ENSGALT00000102858	100.0	S	0.0
Spur_XM_780421.4	Xentro_ENSXETT00000090592	100.0	S	0.0
Spur_XM_780421.4	Xesp_015541-T1	100.0	S	0.0
Gfas_gfas1.m1.14376.m1	Adig_XM_015910650.1	99.0	S	0.0
Gfas_gfas1.m1.14376.m1	Gasp_gasp1.m3.4690.m1	99.0	S	0.0
Adig_XM_015905819.1	Gasp_gasp1.m3.12286.m1	100.0	S	0.0
Exapal_XM_021061705.2	Chem_TCONS_00070249	100.0	S	0.0
Tcas_TC009896_001	Gfas_gfas1.m1.785.m1	100.0	S	0.0
Apimel_XM_624478	Gasp_gasp1.m3.4135.m1	96.0	S	0.0
Apimel_XM_624478	Drer_ENSDART00000019910	96.0	S	0.0
Xentro_ENSXETT00000001604	Cgig_XM_011422313.3	93.0	S	0.0
Ctel_gnl_WGS_AMQN_CAPTEDRAFT_mRNA70959	Drer_ENSDART00000110682	60.0	S	0.0
Spur_XM_031000064.1	Dgig_XM_028563327.1	100.0	S	0.0
Xentro_ENSXETT00000025782	Xesp_022100-T1	95.0	S	0.0
Xentro_ENSXETT00000025782	Fspp_ffun1.m4.11764.m1	95.0	S	0.0
Xentro_ENSXETT00000025782	Xesp_022099-T1	95.0	S	0.0
Xentro_ENSXETT00000025782	Xesp_022116-T1	95.0	S	0.0
Mmus_ENSMUST00000079721	Xesp_022100-T1	95.0	S	0.0
Mmus_ENSMUST00000079721	Fspp_ffun1.m4.11764.m1	95.0	S	0.0
Mmus_ENSMUST00000079721	Xesp_022099-T1	95.0	S	0.0
Mmus_ENSMUST00000079721	Xesp_022116-T1	95.0	S	0.0
Gasp_gasp1.m3.677.m1	Spis_XP_022782913_1	90.0	S	0.0
Drer_ENSDART00000102778	Chem_TCONS_00017798	100.0	S	0.0
Apimel_XM_001120268	Spis_XP_022796599_1	100.0	S	0.0
Apimel_XM_001120268	Galgal_ENSGALT00000006647	100.0	S	0.0
Bflo_XM_035819083.1	Ctel_gnl_WGS_AMQN_CAPTEDRAFT_mRNA176625	99.0	S	0.0
Bflo_XM_035819083.1	Nvec_v1g48828	99.0	S	0.0
Galgal_ENSGALT00000055715	Ctel_gnl_WGS_AMQN_CAPTEDRAFT_mRNA174957	100.0	S	0.0
Galgal_ENSGALT00000055715	Xentro_ENSXETT00000001602	100.0	S	0.0
Cgig_XM_011416271.3	Tcas_TC000920_001	93.0	S	0.0
Cgig_XM_011416271.3	Galgal_ENSGALT00000024209	93.0	S	0.0
Cgig_XM_011416271.3	Nvec_v1g48313	93.0	S	0.0
Cgig_XM_011416271.3	Galgal_ENSGALT00000065242	93.0	S	0.0
Cgig_XM_011416271.3	Hsap_ENST00000239243	93.0	S	0.0
Cgig_XM_011416271.3	Xentro_ENSXETT00000035005	93.0	S	0.0
Cgig_XM_011416271.3	Morvir_scaffold273.g2.t1	93.0	S	0.0
Cgig_XM_011416271.3	Xentro_ENSXETT00000036133	93.0	S	0.0
Cgig_XM_011416271.3	Drer_ENSDART00000167339	93.0	S	0.0
Cgig_XM_011416271.3	Dmel_FBtr0082941	93.0	S	0.0
Cgig_XM_011416271.3	Hsap_ENST00000382723	93.0	S	0.0
Hhon_g10555.t1	Tcas_TC000920_001	93.0	S	0.0
Hhon_g10555.t1	Galgal_ENSGALT00000024209	93.0	S	0.0
Hhon_g10555.t1	Nvec_v1g48313	93.0	S	0.0
Hhon_g10555.t1	Galgal_ENSGALT00000065242	93.0	S	0.0
Hhon_g10555.t1	Hsap_ENST00000239243	93.0	S	0.0
Hhon_g10555.t1	Xentro_ENSXETT00000035005	93.0	S	0.0
Hhon_g10555.t1	Morvir_scaffold273.g2.t1	93.0	S	0.0
Hhon_g10555.t1	Xentro_ENSXETT00000036133	93.0	S	0.0
Hhon_g10555.t1	Drer_ENSDART00000167339	93.0	S	0.0
Hhon_g10555.t1	Dmel_FBtr0082941	93.0	S	0.0
Hhon_g10555.t1	Hsap_ENST00000382723	93.0	S	0.0
Gasp_gasp1.m3.10369.m1	Tcas_TC000920_001	93.0	S	0.0
Gasp_gasp1.m3.10369.m1	Galgal_ENSGALT00000024209	93.0	S	0.0
Gasp_gasp1.m3.10369.m1	Nvec_v1g48313	93.0	S	0.0
Gasp_gasp1.m3.10369.m1	Galgal_ENSGALT00000065242	93.0	S	0.0
Gasp_gasp1.m3.10369.m1	Hsap_ENST00000239243	93.0	S	0.0
Gasp_gasp1.m3.10369.m1	Xentro_ENSXETT00000035005	93.0	S	0.0
Gasp_gasp1.m3.10369.m1	Morvir_scaffold273.g2.t1	93.0	S	0.0
Gasp_gasp1.m3.10369.m1	Xentro_ENSXETT00000036133	93.0	S	0.0
Gasp_gasp1.m3.10369.m1	Drer_ENSDART00000167339	93.0	S	0.0
Gasp_gasp1.m3.10369.m1	Dmel_FBtr0082941	93.0	S	0.0
Gasp_gasp1.m3.10369.m1	Hsap_ENST00000382723	93.0	S	0.0
Tcas_TC004555_001	Spis_XP_022794697_1	64.0	S	0.0
Tcas_TC004555_001	Gasp_gasp1.m3.987.m1	64.0	S	0.0
Tcas_TC004555_001	Xesp_013920-T1	64.0	S	0.0
Tcas_TC004555_001	Aaur_scaffold529.g2.t1	64.0	S	0.0
Tcas_TC004555_001	Gfas_gfas1.m1.16372.m1	64.0	S	0.0
Tcas_TC004555_001	Dgig_XM_028535663.1	64.0	S	0.0
Tcas_TC004555_001	Spur_XM_003727639.3	64.0	S	0.0
Tcas_TC004555_001	Exapal_XM_021044575.2	64.0	S	0.0
Tcas_TC004555_001	Adig_XM_015912975.1	64.0	S	0.0
Morvir_scaffold99.g69.t1	Hsap_ENST00000225648	91.0	S	0.0
Morvir_scaffold99.g69.t1	Cgig_XM_011440152.3	91.0	S	0.0
Morvir_scaffold99.g69.t1	Drer_ENSDART00000171932	91.0	S	0.0
Galgal_ENSGALT00000080732	Hsap_ENST00000225648	91.0	S	0.0
Galgal_ENSGALT00000080732	Cgig_XM_011440152.3	91.0	S	0.0
Galgal_ENSGALT00000080732	Drer_ENSDART00000171932	91.0	S	0.0
Adig_XM_015907403.1	Dmel_FBtr0084091	90.0	S	0.0
Hsap_ENST00000317201	Cgig_XM_034483480.1	100.0	S	0.0
Drer_ENSDART00000182156	Adig_XM_015905817.1	100.0	S	0.0
Drer_ENSDART00000182156	Xesp_013039-T1	100.0	S	0.0
Ctel_gnl_WGS_AMQN_CAPTEDRAFT_mRNA187461	Hsap_ENST00000370196	100.0	S	0.0
Ctel_gnl_WGS_AMQN_CAPTEDRAFT_mRNA187461	Adig_XM_015913000.1	100.0	S	0.0
Ctel_gnl_WGS_AMQN_CAPTEDRAFT_mRNA187461	Apimel_XM_001120045	100.0	S	0.0
Bflo_XM_035818048.1	Hsap_ENST00000370196	100.0	S	0.0
Bflo_XM_035818048.1	Adig_XM_015913000.1	100.0	S	0.0
Bflo_XM_035818048.1	Apimel_XM_001120045	100.0	S	0.0
Spis_XP_022800116_1	Xentro_ENSXETT00000016948	95.0	S	0.0
Spis_XP_022800116_1	Spur_NM_214650.2	95.0	S	0.0
Gfas_gfas1.m1.19699.m1	Galgal_ENSGALT00000017098	100.0	S	0.0
Gfas_gfas1.m1.19699.m1	Dgig_XM_028537572.1	100.0	S	0.0
Gfas_gfas1.m1.19699.m1	Nvec_v1g197288	100.0	S	0.0
Galgal_ENSGALT00000051056	Xentro_ENSXETT00000060579	82.0	S	0.0
Galgal_ENSGALT00000051056	Gfas_gfas1.m1.18035.m1	82.0	S	0.0
Galgal_ENSGALT00000051056	Drer_ENSDART00000029874	82.0	S	0.0
Galgal_ENSGALT00000051056	Mmus_ENSMUST00000044125	82.0	S	0.0
Galgal_ENSGALT00000050386	Hsap_ENST00000297537	100.0	S	0.0
Galgal_ENSGALT00000050386	Mmus_ENSMUST00000088311	100.0	S	0.0
Drer_ENSDART00000046638	Ctel_gnl_WGS_AMQN_CAPTEDRAFT_mRNA70992	71.0	S	0.0
Drer_ENSDART00000046638	Cgig_XM_011428337.3	71.0	S	0.0
Drer_ENSDART00000046638	Hvul_g26228_1	71.0	S	0.0
Mmus_ENSMUST00000045942	Cgig_XM_011419062.3	96.0	S	0.0
Galgal_ENSGALT00000062843	Mmus_ENSMUST00000100164	11.0	S	0.0
Hsap_ENST00000243108	Adig_XM_015901484.1	94.0	S	0.0
Spur_XM_011679176.2	Hsap_ENST00000351817	99.0	S	0.0
Drer_ENSDART00000163611	Exapal_XM_021039430.2	100.0	S	0.0
Drer_ENSDART00000163611	Skow_XM_006817477.1	100.0	S	0.0
Drer_ENSDART00000163611	Ctel_gnl_WGS_AMQN_CAPTEDRAFT_mRNA137362	100.0	S	0.0
Adig_XM_015905830.1	Drer_ENSDART00000015681	86.0	S	0.0
Adig_XM_015905830.1	Apimel_XM_026444941	86.0	S	0.0
Fspp_ffun1.m4.4460.m1	Exapal_XM_021061774.2	100.0	S	0.0
Galgal_ENSGALT00000075818	Xesp_022106-T1	98.0	S	0.0
Galgal_ENSGALT00000075818	Hsap_ENST00000295206	98.0	S	0.0
Galgal_ENSGALT00000075818	Ctel_gnl_WGS_AMQN_CAPTEDRAFT_mRNA152545	98.0	S	0.0
Exapal_XM_021051502.2	Xesp_022106-T1	98.0	S	0.0
Exapal_XM_021051502.2	Hsap_ENST00000295206	98.0	S	0.0
Exapal_XM_021051502.2	Ctel_gnl_WGS_AMQN_CAPTEDRAFT_mRNA152545	98.0	S	0.0
Galgal_ENSGALT00000059654	Hsap_ENST00000297375	52.0	S	0.0
Galgal_ENSGALT00000059654	Drer_ENSDART00000056748	52.0	S	0.0
Galgal_ENSGALT00000059654	Mmus_ENSMUST00000036177	52.0	S	0.0
Galgal_ENSGALT00000059654	Ctel_gnl_WGS_AMQN_CAPTEDRAFT_mRNA87981	52.0	S	0.0
Galgal_ENSGALT00000059654	Gasp_gasp1.m3.12181.m1	52.0	S	0.0
Skow_NM_001164933.1	Nvec_v1g19034	37.0	S	0.0
Skow_NM_001164933.1	Mmus_ENSMUST00000057054	37.0	S	0.0
Skow_NM_001164933.1	Hsap_ENST00000262041	37.0	S	0.0
Skow_NM_001164933.1	Hsap_ENST00000373514	37.0	S	0.0
Spur_XM_030972960.1	Drer_ENSDART00000059954	95.0	S	0.0
Spur_XM_030972960.1	Drer_ENSDART00000088618	95.0	S	0.0
Spur_XM_030972960.1	Gfas_gfas1.m1.7116.m1	95.0	S	0.0
Spur_XM_030972960.1	Galgal_ENSGALT00000017555	95.0	S	0.0
Spur_XM_030972960.1	Chem_TCONS_00047310	95.0	S	0.0
Spur_XM_030972960.1	Xentro_ENSXETT00000060367	95.0	S	0.0
Spur_XM_030972960.1	Bflo_XM_035828188.1	95.0	S	0.0
Spur_XM_030972960.1	Mmus_ENSMUST00000071588	95.0	S	0.0
Fspp_ffun1.m4.11566.m1	Nvec_v1g128302	89.0	S	0.0
Fspp_ffun1.m4.11566.m1	Gfas_gfas1.m1.7117.m1	89.0	S	0.0
Fspp_ffun1.m4.11566.m1	Galgal_ENSGALT00000075435	89.0	S	0.0
Fspp_ffun1.m4.11569.m1	Dmel_FBtr0084086	98.0	S	0.0
Fspp_ffun1.m4.11569.m1	Spur_XM_030985280.1	98.0	S	0.0
Fspp_ffun1.m4.11569.m1	Nvec_v1g114232	98.0	S	0.0
Exapal_XM_021039438.2	Mmus_ENSMUST00000101395	100.0	S	0.0
Cgig_XM_011426480.3	Drer_ENSDART00000017191	100.0	S	0.0
Cgig_XM_011426480.3	Exapal_XM_021049433.2	100.0	S	0.0
Cgig_XM_011426480.3	Galgal_ENSGALT00000046008	100.0	S	0.0
Cgig_XM_011426480.3	Aaur_scaffold1413.g2.t1	100.0	S	0.0
Cgig_XM_011426480.3	Galgal_ENSGALT00000052233	100.0	S	0.0
Cgig_XM_011426480.3	Hsap_ENST00000330070	100.0	S	0.0
Cgig_XM_011426480.3	Mmus_ENSMUST00000100523	100.0	S	0.0
Cgig_XM_011426480.3	Chem_TCONS_00069782	100.0	S	0.0
Cgig_XM_011426480.3	Dmel_FBtr0074430	100.0	S	0.0
Cgig_XM_011426480.3	Exapal_XM_021051233.2	100.0	S	0.0
Xesp_009187-T1	Fspp_ffun1.m4.18984.m1	100.0	S	0.0
Xesp_009187-T1	Mmus_ENSMUST00000099401	100.0	S	0.0
Spis_XP_022804334_1	Xentro_ENSXETT00000070016	97.0	S	0.0
Spis_XP_022804334_1	Adig_XM_015918195.1	97.0	S	0.0
Spis_XP_022804334_1	Galgal_ENSGALT00000066157	97.0	S	0.0
Spis_XP_022804334_1	Gasp_gasp1.m3.16096.m1	97.0	S	0.0
Gasp_gasp1.m3.26136.m1	Spis_XP_022782991_1	100.0	S	0.0
Xesp_025417-T1	Dmel_FBtr0290136	94.0	S	0.0
Xesp_025417-T1	Hvul_g10051_1	94.0	S	0.0
Xesp_025417-T1	Spur_XM_001177706.4	94.0	S	0.0
Ctel_gnl_WGS_AMQN_CAPTEDRAFT_mRNA94902	Dmel_FBtr0290136	94.0	S	0.0
Ctel_gnl_WGS_AMQN_CAPTEDRAFT_mRNA94902	Hvul_g10051_1	94.0	S	0.0
Ctel_gnl_WGS_AMQN_CAPTEDRAFT_mRNA94902	Spur_XM_001177706.4	94.0	S	0.0
Nvec_v1g192469	Dmel_FBtr0290136	94.0	S	0.0
Nvec_v1g192469	Hvul_g10051_1	94.0	S	0.0
Nvec_v1g192469	Spur_XM_001177706.4	94.0	S	0.0
Nvec_v1g80394	Skow_NM_001164981.1	50.0	S	0.0
Ctel_gnl_WGS_AMQN_CAPTEDRAFT_mRNA156652	Bflo_XM_035827166.1	64.0	S	0.0
Spur_XM_779393.5	Gasp_gasp1.m3.24803.m1	63.0	S	0.0
Spur_XM_779393.5	Drer_ENSDART00000031490	63.0	S	0.0
Spur_XM_779393.5	Exapal_XM_021038953.2	63.0	S	0.0
Spur_XM_779393.5	Drer_ENSDART00000063601	63.0	S	0.0
Spur_XM_779393.5	Mmus_ENSMUST00000040477	63.0	S	0.0
Spur_XM_779393.5	Galgal_ENSGALT00000075534	63.0	S	0.0
Spur_XM_779393.5	Skow_NM_001164899.1	63.0	S	0.0
Spur_XM_779393.5	Apimel_XM_001122113	63.0	S	0.0
Spur_XM_779393.5	Drer_ENSDART00000022441	63.0	S	0.0
Spur_XM_779393.5	Galgal_ENSGALT00000078705	63.0	S	0.0
Dgig_XM_028554382.1	Gasp_gasp1.m3.24803.m1	63.0	S	0.0
Dgig_XM_028554382.1	Drer_ENSDART00000031490	63.0	S	0.0
Dgig_XM_028554382.1	Exapal_XM_021038953.2	63.0	S	0.0
Dgig_XM_028554382.1	Drer_ENSDART00000063601	63.0	S	0.0
Dgig_XM_028554382.1	Mmus_ENSMUST00000040477	63.0	S	0.0
Dgig_XM_028554382.1	Galgal_ENSGALT00000075534	63.0	S	0.0
Dgig_XM_028554382.1	Skow_NM_001164899.1	63.0	S	0.0
Dgig_XM_028554382.1	Apimel_XM_001122113	63.0	S	0.0
Dgig_XM_028554382.1	Drer_ENSDART00000022441	63.0	S	0.0
Dgig_XM_028554382.1	Galgal_ENSGALT00000078705	63.0	S	0.0
Aaur_scaffold260.g3.t1	Gasp_gasp1.m3.24803.m1	63.0	S	0.0
Aaur_scaffold260.g3.t1	Drer_ENSDART00000031490	63.0	S	0.0
Aaur_scaffold260.g3.t1	Exapal_XM_021038953.2	63.0	S	0.0
Aaur_scaffold260.g3.t1	Drer_ENSDART00000063601	63.0	S	0.0
Aaur_scaffold260.g3.t1	Mmus_ENSMUST00000040477	63.0	S	0.0
Aaur_scaffold260.g3.t1	Galgal_ENSGALT00000075534	63.0	S	0.0
Aaur_scaffold260.g3.t1	Skow_NM_001164899.1	63.0	S	0.0
Aaur_scaffold260.g3.t1	Apimel_XM_001122113	63.0	S	0.0
Aaur_scaffold260.g3.t1	Drer_ENSDART00000022441	63.0	S	0.0
Aaur_scaffold260.g3.t1	Galgal_ENSGALT00000078705	63.0	S	0.0
Dgig_XM_028541156.1	Xesp_009184-T1	100.0	S	0.0
Fspp_ffun1.m4.30483.m1	Gasp_gasp1.m3.12180.m1	100.0	S	0.0
Fspp_ffun1.m4.30483.m1	Gasp_gasp1.m1b.2861.m1	100.0	S	0.0
Fspp_ffun1.m4.30483.m1	Galgal_ENSGALT00000038779	100.0	S	0.0
Fspp_ffun1.m4.30483.m1	Hsap_ENST00000229307	100.0	S	0.0
Fspp_ffun1.m4.30483.m1	Adig_XM_015925334.1	100.0	S	0.0
Fspp_ffun1.m4.30483.m1	Skow_NM_001164886.1	100.0	S	0.0
Fspp_ffun1.m4.30483.m1	Apimel_XM_016917914	100.0	S	0.0
Fspp_ffun1.m4.30483.m1	Mmus_ENSMUST00000019749	100.0	S	0.0
Fspp_ffun1.m4.30483.m1	Spis_XP_022796024_1	100.0	S	0.0
Fspp_ffun1.m4.30483.m1	Tcas_TC008952_001	100.0	S	0.0
Drer_ENSDART00000022236	Gasp_gasp1.m3.12180.m1	100.0	S	0.0
Drer_ENSDART00000022236	Gasp_gasp1.m1b.2861.m1	100.0	S	0.0
Drer_ENSDART00000022236	Galgal_ENSGALT00000038779	100.0	S	0.0
Drer_ENSDART00000022236	Hsap_ENST00000229307	100.0	S	0.0
Drer_ENSDART00000022236	Adig_XM_015925334.1	100.0	S	0.0
Drer_ENSDART00000022236	Skow_NM_001164886.1	100.0	S	0.0
Drer_ENSDART00000022236	Apimel_XM_016917914	100.0	S	0.0
Drer_ENSDART00000022236	Mmus_ENSMUST00000019749	100.0	S	0.0
Drer_ENSDART00000022236	Spis_XP_022796024_1	100.0	S	0.0
Drer_ENSDART00000022236	Tcas_TC008952_001	100.0	S	0.0
Dgig_XM_028535463.1	Mmus_ENSMUST00000089641	80.0	S	0.0
Dgig_XM_028535463.1	Xentro_ENSXETT00000102157	80.0	S	0.0
Dgig_XM_028535463.1	Xentro_ENSXETT00000047547	80.0	S	0.0
Dgig_XM_028535463.1	Mmus_ENSMUST00000114434	80.0	S	0.0
Dgig_XM_028535463.1	Cgig_XM_011424455.3	80.0	S	0.0
Dgig_XM_028535463.1	Bflo_XM_035819204.1	80.0	S	0.0
Dgig_XM_028535463.1	Xentro_ENSXETT00000099847	80.0	S	0.0
Dgig_XM_028535463.1	Tcas_TC000922_001	80.0	S	0.0
Dgig_XM_028535463.1	Mmus_ENSMUST00000055334	80.0	S	0.0
Dgig_XM_028535463.1	Ctel_gnl_WGS_AMQN_CAPTEDRAFT_mRNA219808	80.0	S	0.0
Dgig_XM_028535463.1	Mmus_ENSMUST00000049272	80.0	S	0.0
Dgig_XM_028535463.1	Nvec_v1g129868	80.0	S	0.0
Dgig_XM_028535463.1	Mmus_ENSMUST00000047830	80.0	S	0.0
Dgig_XM_028535463.1	Bflo_XM_035801567.1	80.0	S	0.0
Dgig_XM_028535463.1	Xesp_013922-T1	80.0	S	0.0
Dgig_XM_028535463.1	Mmus_ENSMUST00000001706	80.0	S	0.0
Dgig_XM_028535463.1	Gfas_gfas1.m1.573.m1	80.0	S	0.0
Dgig_XM_028535463.1	Drer_ENSDART00000154825	80.0	S	0.0
Dgig_XM_028535463.1	Nvec_v1g58683	80.0	S	0.0
Dgig_XM_028535463.1	Xesp_022121-T1	80.0	S	0.0
Dgig_XM_028535463.1	Hsap_ENST00000400677	80.0	S	0.0
Dgig_XM_028535463.1	Hsap_ENST00000354822	80.0	S	0.0
Dgig_XM_028535463.1	Mmus_ENSMUST00000037119	80.0	S	0.0
Dmel_FBtr0081671	Mmus_ENSMUST00000089641	80.0	S	0.0
Dmel_FBtr0081671	Xentro_ENSXETT00000102157	80.0	S	0.0
Dmel_FBtr0081671	Xentro_ENSXETT00000047547	80.0	S	0.0
Dmel_FBtr0081671	Mmus_ENSMUST00000114434	80.0	S	0.0
Dmel_FBtr0081671	Cgig_XM_011424455.3	80.0	S	0.0
Dmel_FBtr0081671	Bflo_XM_035819204.1	80.0	S	0.0
Dmel_FBtr0081671	Xentro_ENSXETT00000099847	80.0	S	0.0
Dmel_FBtr0081671	Tcas_TC000922_001	80.0	S	0.0
Dmel_FBtr0081671	Mmus_ENSMUST00000055334	80.0	S	0.0
Dmel_FBtr0081671	Ctel_gnl_WGS_AMQN_CAPTEDRAFT_mRNA219808	80.0	S	0.0
Dmel_FBtr0081671	Mmus_ENSMUST00000049272	80.0	S	0.0
Dmel_FBtr0081671	Nvec_v1g129868	80.0	S	0.0
Dmel_FBtr0081671	Mmus_ENSMUST00000047830	80.0	S	0.0
Dmel_FBtr0081671	Bflo_XM_035801567.1	80.0	S	0.0
Dmel_FBtr0081671	Xesp_013922-T1	80.0	S	0.0
Dmel_FBtr0081671	Mmus_ENSMUST00000001706	80.0	S	0.0
Dmel_FBtr0081671	Gfas_gfas1.m1.573.m1	80.0	S	0.0
Dmel_FBtr0081671	Drer_ENSDART00000154825	80.0	S	0.0
Dmel_FBtr0081671	Nvec_v1g58683	80.0	S	0.0
Dmel_FBtr0081671	Xesp_022121-T1	80.0	S	0.0
Dmel_FBtr0081671	Hsap_ENST00000400677	80.0	S	0.0
Dmel_FBtr0081671	Hsap_ENST00000354822	80.0	S	0.0
Dmel_FBtr0081671	Mmus_ENSMUST00000037119	80.0	S	0.0
Adig_XM_015901486.1	Mmus_ENSMUST00000026236	99.0	S	0.0
Adig_XM_015901486.1	Skow_NM_001164909.1	99.0	S	0.0
Adig_XM_015901486.1	Morvir_scaffold70.g42.t1	99.0	S	0.0
Adig_XM_015901486.1	Dgig_XM_028547339.1	99.0	S	0.0
Adig_XM_015901486.1	Mmus_ENSMUST00000041183	99.0	S	0.0
Adig_XM_015901486.1	Spur_XM_003727637.3	99.0	S	0.0
Adig_XM_015901486.1	Nvec_v1g81163	99.0	S	0.0
Adig_XM_015901486.1	Drer_ENSDART00000025449	99.0	S	0.0
Adig_XM_015901486.1	Fspp_ffun1.m4.14099.m1	99.0	S	0.0
Adig_XM_015901486.1	Cgig_XM_034446789.1	99.0	S	0.0
Adig_XM_015901486.1	Skow_NM_001164938.1	99.0	S	0.0
Adig_XM_015901486.1	Apimel_XM_001120208	99.0	S	0.0
Adig_XM_015901486.1	Gasp_gasp1.m3.12691.m1	99.0	S	0.0
Adig_XM_015901486.1	Fspp_ffun1.m4.7310.m1	99.0	S	0.0
Adig_XM_015901486.1	Galgal_ENSGALT00000038691	99.0	S	0.0
Adig_XM_015901486.1	Drer_ENSDART00000169480	99.0	S	0.0
Adig_XM_015901486.1	Dgig_XM_028535792.1	99.0	S	0.0
Adig_XM_015901486.1	Drer_ENSDART00000082359	99.0	S	0.0
Adig_XM_015901486.1	Hsap_ENST00000303460	99.0	S	0.0
Adig_XM_015901486.1	Drer_ENSDART00000078453	99.0	S	0.0
Adig_XM_015901486.1	Hsap_ENST00000239151	99.0	S	0.0
Adig_XM_015901486.1	Dgig_XM_028553282.1	99.0	S	0.0
Adig_XM_015901486.1	Mmus_ENSMUST00000000704	99.0	S	0.0
Adig_XM_015901486.1	Ctel_gnl_WGS_AMQN_CAPTEDRAFT_mRNA168122	99.0	S	0.0
Adig_XM_015901486.1	Mmus_ENSMUST00000057178	99.0	S	0.0
Adig_XM_015901486.1	Xentro_ENSXETT00000050688	99.0	S	0.0
Adig_XM_015901486.1	Spis_XP_022782910_1	99.0	S	0.0
Adig_XM_015901486.1	Skow_NM_001164913.1	99.0	S	0.0
Adig_XM_015901486.1	Xentro_ENSXETT00000016495	99.0	S	0.0
Adig_XM_015901486.1	Xentro_ENSXETT00000003765	99.0	S	0.0
Adig_XM_015901486.1	Cgig_XM_011435248.3	99.0	S	0.0
Adig_XM_015901486.1	Dmel_FBtr0084037	99.0	S	0.0
Adig_XM_015901486.1	Gfas_gfas1.m1.13832.m1	99.0	S	0.0
Adig_XM_015901486.1	Hsap_ENST00000233638	99.0	S	0.0
Adig_XM_015901486.1	Dmel_FBtr0081621	99.0	S	0.0
Adig_XM_015901486.1	Hsap_ENST00000234198	99.0	S	0.0
Adig_XM_015901486.1	Bflo_XM_035801578.1	99.0	S	0.0
Adig_XM_015901486.1	Ctel_gnl_WGS_AMQN_CAPTEDRAFT_mRNA41929	99.0	S	0.0
Adig_XM_015901486.1	Galgal_ENSGALT00000098611	99.0	S	0.0
Adig_XM_015901486.1	Nvec_v1g90956	99.0	S	0.0
Adig_XM_015901486.1	Chem_TCONS_00038629	99.0	S	0.0
Adig_XM_015901486.1	Nvec_v1g89029	99.0	S	0.0
Adig_XM_015901486.1	Gasp_gasp1.m3.10613.m1	99.0	S	0.0
Adig_XM_015901486.1	Gasp_gasp1.m3.982.m1	99.0	S	0.0
Adig_XM_015901486.1	Hsap_ENST00000306324	99.0	S	0.0
Adig_XM_015901486.1	Gasp_gasp1.m3.12278.m1	99.0	S	0.0
Adig_XM_015901486.1	Tcas_TC034733_001	99.0	S	0.0
Adig_XM_015901486.1	Hsap_ENST00000312492	99.0	S	0.0
Adig_XM_015901486.1	Hsap_ENST00000306318	99.0	S	0.0
Adig_XM_015901486.1	Fspp_ffun1.m4.4260.m1	99.0	S	0.0
Dgig_XM_028562906.1	Dmel_FBtr0084087	84.0	S	0.0
Spis_XP_022786405_1	Spis_XP_022782914_1	94.0	D	1.0
Drer_ENSDART00000022377	Galgal_ENSGALT00000001806	31.0	S	0.0
Fspp_ffun1.m4.9245.m1	Hsap_ENST00000344586	100.0	S	0.0
Fspp_ffun1.m4.9245.m1	Apimel_NM_001252428	100.0	S	0.0
Xentro_ENSXETT00000066949	Mmus_ENSMUST00000001536	99.0	S	0.0
Xentro_ENSXETT00000066949	Drer_ENSDART00000061716	99.0	S	0.0
Xentro_ENSXETT00000066949	Galgal_ENSGALT00000059800	99.0	S	0.0
Xentro_ENSXETT00000066949	Drer_ENSDART00000017493	99.0	S	0.0
Tcas_TC011744_001	Hsap_ENST00000422806	50.0	S	0.0
Tcas_TC011744_001	Spis_XP_022804770_1	50.0	S	0.0
Tcas_TC011744_001	Mmus_ENSMUST00000067020	50.0	S	0.0
Tcas_TC011744_001	Fspp_ffun1.m4.12110.m1	50.0	S	0.0
Cgig_XM_011426485.3	Hsap_ENST00000422806	50.0	S	0.0
Cgig_XM_011426485.3	Spis_XP_022804770_1	50.0	S	0.0
Cgig_XM_011426485.3	Mmus_ENSMUST00000067020	50.0	S	0.0
Cgig_XM_011426485.3	Fspp_ffun1.m4.12110.m1	50.0	S	0.0
Spis_XP_022794643_1	Exapal_XM_021051226.2	94.0	S	0.0
Spis_XP_022794643_1	Dgig_XM_028550238.1	94.0	S	0.0
Xentro_ENSXETT00000047588	Exapal_XM_021051226.2	94.0	S	0.0
Xentro_ENSXETT00000047588	Dgig_XM_028550238.1	94.0	S	0.0
Fspp_ffun1.m4.29465.m1	Ctel_gnl_WGS_AMQN_CAPTEDRAFT_mRNA219807	100.0	S	0.0
Fspp_ffun1.m4.29465.m1	Ctel_gnl_WGS_AMQN_CAPTEDRAFT_mRNA29749	100.0	S	0.0
Fspp_ffun1.m4.29465.m1	Apimel_XM_006571083	100.0	S	0.0
Fspp_ffun1.m4.29465.m1	Bflo_XM_035818196.1	100.0	S	0.0
Drer_ENSDART00000081396	Ctel_gnl_WGS_AMQN_CAPTEDRAFT_mRNA219807	100.0	S	0.0
Drer_ENSDART00000081396	Ctel_gnl_WGS_AMQN_CAPTEDRAFT_mRNA29749	100.0	S	0.0
Drer_ENSDART00000081396	Apimel_XM_006571083	100.0	S	0.0
Drer_ENSDART00000081396	Bflo_XM_035818196.1	100.0	S	0.0
Xesp_015649-T1	Spis_XP_022794603_1	100.0	S	0.0
Xesp_015649-T1	Galgal_ENSGALT00000004551	100.0	S	0.0
Xesp_015649-T1	Spur_NM_001009577.1	100.0	S	0.0
Xesp_015649-T1	Fspp_ffun1.m4.25254.m1	100.0	S	0.0
Xesp_015649-T1	Chem_TCONS_00023949	100.0	S	0.0
Mmus_ENSMUST00000025521	Spis_XP_022794603_1	100.0	S	0.0
Mmus_ENSMUST00000025521	Galgal_ENSGALT00000004551	100.0	S	0.0
Mmus_ENSMUST00000025521	Spur_NM_001009577.1	100.0	S	0.0
Mmus_ENSMUST00000025521	Fspp_ffun1.m4.25254.m1	100.0	S	0.0
Mmus_ENSMUST00000025521	Chem_TCONS_00023949	100.0	S	0.0
Adig_XM_015897727.1	Gfas_gfas1.m1.16379.m1	100.0	S	0.0
Fspp_ffun1.m4.11567.m1	Skow_NM_001164912.1	100.0	S	0.0
Tcas_TC012332_001	Apimel_XM_006561860	100.0	S	0.0
Tcas_TC012332_001	Hsap_ENST00000252971	100.0	S	0.0
Skow_NM_001168137.1	Apimel_NM_001011571	82.0	S	0.0
Skow_NM_001168137.1	Ctel_gnl_WGS_AMQN_CAPTEDRAFT_mRNA78648	82.0	S	0.0
Skow_NM_001168137.1	Apimel_XM_016916887	82.0	S	0.0
Skow_NM_001168137.1	Mmus_ENSMUST00000001709	82.0	S	0.0
Cgig_XM_034466211.1	Exapal_XM_021044584.2	100.0	S	0.0
Spis_XP_022794677_1	Mmus_ENSMUST00000001872	99.0	S	0.0
Spis_XP_022794677_1	Galgal_ENSGALT00000000373	99.0	S	0.0
Spis_XP_022794677_1	Skow_XM_002733661.2	99.0	S	0.0
Spis_XP_022794677_1	Nvec_v1g5943	99.0	S	0.0
Hsap_ENST00000249440	Mmus_ENSMUST00000052609	100.0	S	0.0
Tcas_TC031113_001	Xentro_ENSXETT00000047434	100.0	S	0.0
Bflo_XM_035816462.1	Cgig_XM_011453230.3	100.0	S	0.0
Bflo_XM_035816462.1	Mmus_ENSMUST00000024159	100.0	S	0.0
Bflo_XM_035816462.1	Chem_TCONS_00025396	100.0	S	0.0
Cgig_XM_011443268.3	Exapal_XM_021056281.2	30.0	S	0.0
Cgig_XM_011443268.3	Tcas_TC009351_001	30.0	S	0.0
Cgig_XM_011443268.3	Dmel_FBtr0300076	30.0	S	0.0
Cgig_XM_011443268.3	Apimel_XM_016915684	30.0	S	0.0
Fspp_ffun1.m4.14104.m1	Bflo_XM_035802805.1	100.0	S	0.0
Fspp_ffun1.m4.14104.m1	Mmus_ENSMUST00000001700	100.0	S	0.0
Xentro_ENSXETT00000103078	Spis_XP_022803993_1	100.0	S	0.0
Xentro_ENSXETT00000103078	Nvec_v1g197493	100.0	S	0.0
Xentro_ENSXETT00000103078	Hsap_ENST00000361725	100.0	S	0.0
Xentro_ENSXETT00000090592	Galgal_ENSGALT00000102858	82.0	S	0.0
Xentro_ENSXETT00000090592	Dmel_FBtr0083388	82.0	S	0.0
Xentro_ENSXETT00000090592	Xesp_015541-T1	82.0	S	0.0
Adig_XM_015910650.1	Gasp_gasp1.m3.4690.m1	100.0	S	0.0
Drer_ENSDART00000019910	Gasp_gasp1.m3.4135.m1	100.0	S	0.0
Mmus_ENSMUST00000079721	Xentro_ENSXETT00000025782	100.0	S	0.0
Galgal_ENSGALT00000006647	Spis_XP_022796599_1	100.0	S	0.0
Ctel_gnl_WGS_AMQN_CAPTEDRAFT_mRNA176625	Nvec_v1g48828	100.0	S	0.0
Ctel_gnl_WGS_AMQN_CAPTEDRAFT_mRNA174957	Xentro_ENSXETT00000001602	100.0	S	0.0
Hhon_g10555.t1	Cgig_XM_011416271.3	98.0	S	0.0
Hhon_g10555.t1	Gasp_gasp1.m3.10369.m1	98.0	S	0.0
Xentro_ENSXETT00000062188	Gasp_gasp1.m3.2245.m1	92.0	S	0.0
Skow_XM_006824407.1	Xentro_ENSXETT00000065721	92.0	S	0.0
Skow_XM_006824407.1	Fspp_ffun1.m4.11751.m1	92.0	S	0.0
Skow_XM_006824407.1	Dgig_XM_028554263.1	92.0	S	0.0
Skow_XM_006824407.1	Exapal_XM_021043058.2	92.0	S	0.0
Skow_XM_006824407.1	Gasp_gasp1.m3.24581.m1	92.0	S	0.0
Skow_XM_006824407.1	Bflo_XM_035841216.1	92.0	S	0.0
Skow_XM_006824407.1	Spis_XP_022802187_1	92.0	S	0.0
Spur_XM_780913.5	Xentro_ENSXETT00000065721	92.0	S	0.0
Spur_XM_780913.5	Fspp_ffun1.m4.11751.m1	92.0	S	0.0
Spur_XM_780913.5	Dgig_XM_028554263.1	92.0	S	0.0
Spur_XM_780913.5	Exapal_XM_021043058.2	92.0	S	0.0
Spur_XM_780913.5	Gasp_gasp1.m3.24581.m1	92.0	S	0.0
Spur_XM_780913.5	Bflo_XM_035841216.1	92.0	S	0.0
Spur_XM_780913.5	Spis_XP_022802187_1	92.0	S	0.0
Dgig_XM_028535663.1	Spis_XP_022794697_1	100.0	S	0.0
Dgig_XM_028535663.1	Aaur_scaffold529.g2.t1	100.0	S	0.0
Dgig_XM_028535663.1	Gasp_gasp1.m3.987.m1	100.0	S	0.0
Dgig_XM_028535663.1	Gfas_gfas1.m1.16372.m1	100.0	S	0.0
Dgig_XM_028535663.1	Spur_XM_003727639.3	100.0	S	0.0
Dgig_XM_028535663.1	Exapal_XM_021044575.2	100.0	S	0.0
Dgig_XM_028535663.1	Adig_XM_015912975.1	100.0	S	0.0
Xesp_013920-T1	Spis_XP_022794697_1	100.0	S	0.0
Xesp_013920-T1	Aaur_scaffold529.g2.t1	100.0	S	0.0
Xesp_013920-T1	Gasp_gasp1.m3.987.m1	100.0	S	0.0
Xesp_013920-T1	Gfas_gfas1.m1.16372.m1	100.0	S	0.0
Xesp_013920-T1	Spur_XM_003727639.3	100.0	S	0.0
Xesp_013920-T1	Exapal_XM_021044575.2	100.0	S	0.0
Xesp_013920-T1	Adig_XM_015912975.1	100.0	S	0.0
Bflo_XM_035817320.1	Dmel_FBtr0088095	77.0	S	0.0
Bflo_XM_035817320.1	Skow_XM_002731905.2	77.0	S	0.0
Bflo_XM_035817320.1	Nvec_v1g123745	77.0	S	0.0
Bflo_XM_035817320.1	Ctel_gnl_WGS_AMQN_CAPTEDRAFT_mRNA40416	77.0	S	0.0
Bflo_XM_035817320.1	Spur_XM_030985931.1	77.0	S	0.0
Bflo_XM_035817320.1	Drer_ENSDART00000166129	77.0	S	0.0
Bflo_XM_035817320.1	Dmel_FBtr0330386	77.0	S	0.0
Morvir_scaffold99.g69.t1	Galgal_ENSGALT00000080732	91.0	S	0.0
Drer_ENSDART00000171932	Hsap_ENST00000225648	96.0	S	0.0
Drer_ENSDART00000171932	Cgig_XM_011440152.3	96.0	S	0.0
Xesp_013039-T1	Adig_XM_015905817.1	100.0	S	0.0
Bflo_XM_035818048.1	Ctel_gnl_WGS_AMQN_CAPTEDRAFT_mRNA187461	100.0	S	0.0
Apimel_XM_001120045	Hsap_ENST00000370196	96.0	S	0.0
Apimel_XM_001120045	Adig_XM_015913000.1	96.0	S	0.0
Spur_NM_214650.2	Xentro_ENSXETT00000016948	99.0	S	0.0
Galgal_ENSGALT00000017098	Nvec_v1g197288	100.0	S	0.0
Galgal_ENSGALT00000017098	Dgig_XM_028537572.1	100.0	S	0.0
Xentro_ENSXETT00000060579	Gfas_gfas1.m1.18035.m1	76.0	S	0.0
Xentro_ENSXETT00000060579	Mmus_ENSMUST00000044125	76.0	S	0.0
Drer_ENSDART00000029874	Gfas_gfas1.m1.18035.m1	76.0	S	0.0
Drer_ENSDART00000029874	Mmus_ENSMUST00000044125	76.0	S	0.0
Spur_XM_777915.5	Mmus_ENSMUST00000097974	86.0	S	0.0
Spur_XM_777915.5	Galgal_ENSGALT00000018301	86.0	S	0.0
Spur_XM_777915.5	Hsap_ENST00000368592	86.0	S	0.0
Spur_XM_777915.5	Drer_ENSDART00000163847	86.0	S	0.0
Hsap_ENST00000297537	Mmus_ENSMUST00000088311	100.0	S	0.0
Ctel_gnl_WGS_AMQN_CAPTEDRAFT_mRNA25827	Xentro_ENSXETT00000007145	100.0	S	0.0
Ctel_gnl_WGS_AMQN_CAPTEDRAFT_mRNA25827	Gfas_gfas1.m1.13208.m1	100.0	S	0.0
Drer_ENSDART00000082355	Xentro_ENSXETT00000007145	100.0	S	0.0
Drer_ENSDART00000082355	Gfas_gfas1.m1.13208.m1	100.0	S	0.0
Cgig_XM_011428337.3	Ctel_gnl_WGS_AMQN_CAPTEDRAFT_mRNA70992	94.0	S	0.0
Cgig_XM_011428337.3	Hvul_g26228_1	94.0	S	0.0
Xentro_ENSXETT00000072471	Skow_NM_001164914.1	100.0	S	0.0
Xentro_ENSXETT00000072471	Drer_ENSDART00000164839	100.0	S	0.0
Mmus_ENSMUST00000048680	Drer_ENSDART00000045351	100.0	S	0.0
Drer_ENSDART00000076161	Galgal_ENSGALT00000010527	61.0	S	0.0
Drer_ENSDART00000076161	Fspp_ffun1.m4.1442.m1	61.0	S	0.0
Drer_ENSDART00000076161	Dgig_XM_028535251.1	61.0	S	0.0
Drer_ENSDART00000076161	Xentro_ENSXETT00000094587	61.0	S	0.0
Drer_ENSDART00000078425	Galgal_ENSGALT00000010527	61.0	S	0.0
Drer_ENSDART00000078425	Fspp_ffun1.m4.1442.m1	61.0	S	0.0
Drer_ENSDART00000078425	Dgig_XM_028535251.1	61.0	S	0.0
Drer_ENSDART00000078425	Xentro_ENSXETT00000094587	61.0	S	0.0
Galgal_ENSGALT00000018518	Skow_NM_001164908.1	100.0	S	0.0
Galgal_ENSGALT00000018518	Drer_ENSDART00000114035	100.0	S	0.0
Exapal_XM_021051231.2	Skow_NM_001164908.1	100.0	S	0.0
Exapal_XM_021051231.2	Drer_ENSDART00000114035	100.0	S	0.0
Gasp_gasp1.m3.3947.m1	Mmus_ENSMUST00000086795	100.0	S	0.0
Gasp_gasp1.m3.3947.m1	Galgal_ENSGALT00000089956	100.0	S	0.0
Gasp_gasp1.m3.3947.m1	Cgig_XM_011457020.3	100.0	S	0.0
Gasp_gasp1.m3.3947.m1	Xentro_ENSXETT00000021090	100.0	S	0.0
Fspp_ffun1.m4.20503.m1	Drer_ENSDART00000128951	100.0	S	0.0
Ctel_gnl_WGS_AMQN_CAPTEDRAFT_mRNA137362	Exapal_XM_021039430.2	100.0	S	0.0
Ctel_gnl_WGS_AMQN_CAPTEDRAFT_mRNA137362	Skow_XM_006817477.1	100.0	S	0.0
Drer_ENSDART00000015681	Apimel_XM_026444941	99.0	S	0.0
Exapal_XM_021051502.2	Galgal_ENSGALT00000075818	58.0	S	0.0
Ctel_gnl_WGS_AMQN_CAPTEDRAFT_mRNA152545	Xesp_022106-T1	100.0	S	0.0
Ctel_gnl_WGS_AMQN_CAPTEDRAFT_mRNA152545	Hsap_ENST00000295206	100.0	S	0.0
Drer_ENSDART00000056748	Hsap_ENST00000297375	38.0	S	0.0
Drer_ENSDART00000056748	Gasp_gasp1.m3.12181.m1	38.0	S	0.0
Drer_ENSDART00000056748	Mmus_ENSMUST00000036177	38.0	S	0.0
Ctel_gnl_WGS_AMQN_CAPTEDRAFT_mRNA87981	Hsap_ENST00000297375	38.0	S	0.0
Ctel_gnl_WGS_AMQN_CAPTEDRAFT_mRNA87981	Gasp_gasp1.m3.12181.m1	38.0	S	0.0
Ctel_gnl_WGS_AMQN_CAPTEDRAFT_mRNA87981	Mmus_ENSMUST00000036177	38.0	S	0.0
Hsap_ENST00000262041	Nvec_v1g19034	100.0	S	0.0
Hsap_ENST00000262041	Mmus_ENSMUST00000057054	100.0	S	0.0
Hsap_ENST00000373514	Nvec_v1g19034	100.0	S	0.0
Hsap_ENST00000373514	Mmus_ENSMUST00000057054	100.0	S	0.0
Mmus_ENSMUST00000071588	Drer_ENSDART00000059954	100.0	S	0.0
Mmus_ENSMUST00000071588	Drer_ENSDART00000088618	100.0	S	0.0
Mmus_ENSMUST00000071588	Gfas_gfas1.m1.7116.m1	100.0	S	0.0
Mmus_ENSMUST00000071588	Galgal_ENSGALT00000017555	100.0	S	0.0
Mmus_ENSMUST00000071588	Chem_TCONS_00047310	100.0	S	0.0
Mmus_ENSMUST00000071588	Xentro_ENSXETT00000060367	100.0	S	0.0
Mmus_ENSMUST00000071588	Bflo_XM_035828188.1	100.0	S	0.0
Galgal_ENSGALT00000075435	Nvec_v1g128302	89.0	S	0.0
Galgal_ENSGALT00000075435	Gfas_gfas1.m1.7117.m1	89.0	S	0.0
Nvec_v1g114232	Dmel_FBtr0084086	99.0	S	0.0
Nvec_v1g114232	Spur_XM_030985280.1	99.0	S	0.0
Nvec_v1g128275	Fspp_ffun1.m4.20257.m1	100.0	S	0.0
Nvec_v1g128275	Drer_ENSDART00000165196	100.0	S	0.0
Nvec_v1g128275	Dmel_FBtr0088068	100.0	S	0.0
Nvec_v1g128275	Hsap_ENST00000643460	100.0	S	0.0
Chem_TCONS_00008773	Fspp_ffun1.m4.20257.m1	100.0	S	0.0
Chem_TCONS_00008773	Drer_ENSDART00000165196	100.0	S	0.0
Chem_TCONS_00008773	Dmel_FBtr0088068	100.0	S	0.0
Chem_TCONS_00008773	Hsap_ENST00000643460	100.0	S	0.0
Chem_TCONS_00071932	Ctel_gnl_WGS_AMQN_CAPTEDRAFT_mRNA196539	90.0	S	0.0
Chem_TCONS_00071932	Gfas_gfas1.m1.7118.m1	90.0	S	0.0
Chem_TCONS_00071932	Exapal_XM_021039416.2	90.0	S	0.0
Chem_TCONS_00071932	Gasp_gasp1.m3.10375.m1	90.0	S	0.0
Chem_TCONS_00071932	Hsap_ENST00000240306	90.0	S	0.0
Chem_TCONS_00071932	Spur_XM_776199.5	90.0	S	0.0
Chem_TCONS_00071932	Nvec_v1g57885	90.0	S	0.0
Xesp_010186-T1	Ctel_gnl_WGS_AMQN_CAPTEDRAFT_mRNA196539	90.0	S	0.0
Xesp_010186-T1	Gfas_gfas1.m1.7118.m1	90.0	S	0.0
Xesp_010186-T1	Exapal_XM_021039416.2	90.0	S	0.0
Xesp_010186-T1	Gasp_gasp1.m3.10375.m1	90.0	S	0.0
Xesp_010186-T1	Hsap_ENST00000240306	90.0	S	0.0
Xesp_010186-T1	Spur_XM_776199.5	90.0	S	0.0
Xesp_010186-T1	Nvec_v1g57885	90.0	S	0.0
Chem_TCONS_00069782	Drer_ENSDART00000017191	99.0	S	0.0
Chem_TCONS_00069782	Exapal_XM_021049433.2	99.0	S	0.0
Chem_TCONS_00069782	Galgal_ENSGALT00000046008	99.0	S	0.0
Chem_TCONS_00069782	Aaur_scaffold1413.g2.t1	99.0	S	0.0
Chem_TCONS_00069782	Galgal_ENSGALT00000052233	99.0	S	0.0
Chem_TCONS_00069782	Hsap_ENST00000330070	99.0	S	0.0
Chem_TCONS_00069782	Mmus_ENSMUST00000100523	99.0	S	0.0
Chem_TCONS_00069782	Dmel_FBtr0074430	99.0	S	0.0
Chem_TCONS_00069782	Exapal_XM_021051233.2	99.0	S	0.0
Mmus_ENSMUST00000099401	Fspp_ffun1.m4.18984.m1	100.0	S	0.0
Adig_XM_015918195.1	Xentro_ENSXETT00000070016	86.0	S	0.0
Adig_XM_015918195.1	Galgal_ENSGALT00000066157	86.0	S	0.0
Gasp_gasp1.m3.16096.m1	Xentro_ENSXETT00000070016	86.0	S	0.0
Gasp_gasp1.m3.16096.m1	Galgal_ENSGALT00000066157	86.0	S	0.0
Spur_XM_030972985.1	Galgal_ENSGALT00000067697	100.0	S	0.0
Nvec_v1g192469	Xesp_025417-T1	100.0	S	0.0
Nvec_v1g192469	Ctel_gnl_WGS_AMQN_CAPTEDRAFT_mRNA94902	100.0	S	0.0
Spur_XM_001177706.4	Dmel_FBtr0290136	97.0	S	0.0
Spur_XM_001177706.4	Hvul_g10051_1	97.0	S	0.0
Aaur_scaffold260.g3.t1	Spur_XM_779393.5	46.0	S	0.0
Aaur_scaffold260.g3.t1	Dgig_XM_028554382.1	46.0	S	0.0
Drer_ENSDART00000014696	Adig_XM_015918179.1	98.0	S	0.0
Drer_ENSDART00000014696	Dmel_FBtr0088586	98.0	S	0.0
Drer_ENSDART00000014696	Xentro_ENSXETT00000089378	98.0	S	0.0
Drer_ENSDART00000014696	Cgig_XM_011416152.3	98.0	S	0.0
Fspp_ffun1.m4.30483.m1	Drer_ENSDART00000022236	100.0	S	0.0
Spis_XP_022796024_1	Gasp_gasp1.m3.12180.m1	100.0	S	0.0
Spis_XP_022796024_1	Gasp_gasp1.m1b.2861.m1	100.0	S	0.0
Spis_XP_022796024_1	Galgal_ENSGALT00000038779	100.0	S	0.0
Spis_XP_022796024_1	Hsap_ENST00000229307	100.0	S	0.0
Spis_XP_022796024_1	Adig_XM_015925334.1	100.0	S	0.0
Spis_XP_022796024_1	Skow_NM_001164886.1	100.0	S	0.0
Spis_XP_022796024_1	Mmus_ENSMUST00000019749	100.0	S	0.0
Spis_XP_022796024_1	Tcas_TC008952_001	100.0	S	0.0
Apimel_XM_016917914	Gasp_gasp1.m3.12180.m1	100.0	S	0.0
Apimel_XM_016917914	Gasp_gasp1.m1b.2861.m1	100.0	S	0.0
Apimel_XM_016917914	Galgal_ENSGALT00000038779	100.0	S	0.0
Apimel_XM_016917914	Hsap_ENST00000229307	100.0	S	0.0
Apimel_XM_016917914	Adig_XM_015925334.1	100.0	S	0.0
Apimel_XM_016917914	Skow_NM_001164886.1	100.0	S	0.0
Apimel_XM_016917914	Mmus_ENSMUST00000019749	100.0	S	0.0
Apimel_XM_016917914	Tcas_TC008952_001	100.0	S	0.0
Dgig_XM_028535463.1	Dmel_FBtr0081671	99.0	S	0.0
Drer_ENSDART00000154825	Mmus_ENSMUST00000089641	94.0	S	0.0
Drer_ENSDART00000154825	Xentro_ENSXETT00000102157	94.0	S	0.0
Drer_ENSDART00000154825	Xentro_ENSXETT00000047547	94.0	S	0.0
Drer_ENSDART00000154825	Mmus_ENSMUST00000114434	94.0	S	0.0
Drer_ENSDART00000154825	Cgig_XM_011424455.3	94.0	S	0.0
Drer_ENSDART00000154825	Bflo_XM_035819204.1	94.0	S	0.0
Drer_ENSDART00000154825	Xentro_ENSXETT00000099847	94.0	S	0.0
Drer_ENSDART00000154825	Tcas_TC000922_001	94.0	S	0.0
Drer_ENSDART00000154825	Mmus_ENSMUST00000055334	94.0	S	0.0
Drer_ENSDART00000154825	Ctel_gnl_WGS_AMQN_CAPTEDRAFT_mRNA219808	94.0	S	0.0
Drer_ENSDART00000154825	Mmus_ENSMUST00000049272	94.0	S	0.0
Drer_ENSDART00000154825	Nvec_v1g129868	94.0	S	0.0
Drer_ENSDART00000154825	Mmus_ENSMUST00000047830	94.0	S	0.0
Drer_ENSDART00000154825	Bflo_XM_035801567.1	94.0	S	0.0
Drer_ENSDART00000154825	Xesp_013922-T1	94.0	S	0.0
Drer_ENSDART00000154825	Mmus_ENSMUST00000001706	94.0	S	0.0
Drer_ENSDART00000154825	Nvec_v1g58683	94.0	S	0.0
Drer_ENSDART00000154825	Xesp_022121-T1	94.0	S	0.0
Drer_ENSDART00000154825	Hsap_ENST00000400677	94.0	S	0.0
Drer_ENSDART00000154825	Hsap_ENST00000354822	94.0	S	0.0
Drer_ENSDART00000154825	Mmus_ENSMUST00000037119	94.0	S	0.0
Gfas_gfas1.m1.573.m1	Mmus_ENSMUST00000089641	94.0	S	0.0
Gfas_gfas1.m1.573.m1	Xentro_ENSXETT00000102157	94.0	S	0.0
Gfas_gfas1.m1.573.m1	Xentro_ENSXETT00000047547	94.0	S	0.0
Gfas_gfas1.m1.573.m1	Mmus_ENSMUST00000114434	94.0	S	0.0
Gfas_gfas1.m1.573.m1	Cgig_XM_011424455.3	94.0	S	0.0
Gfas_gfas1.m1.573.m1	Bflo_XM_035819204.1	94.0	S	0.0
Gfas_gfas1.m1.573.m1	Xentro_ENSXETT00000099847	94.0	S	0.0
Gfas_gfas1.m1.573.m1	Tcas_TC000922_001	94.0	S	0.0
Gfas_gfas1.m1.573.m1	Mmus_ENSMUST00000055334	94.0	S	0.0
Gfas_gfas1.m1.573.m1	Ctel_gnl_WGS_AMQN_CAPTEDRAFT_mRNA219808	94.0	S	0.0
Gfas_gfas1.m1.573.m1	Mmus_ENSMUST00000049272	94.0	S	0.0
Gfas_gfas1.m1.573.m1	Nvec_v1g129868	94.0	S	0.0
Gfas_gfas1.m1.573.m1	Mmus_ENSMUST00000047830	94.0	S	0.0
Gfas_gfas1.m1.573.m1	Bflo_XM_035801567.1	94.0	S	0.0
Gfas_gfas1.m1.573.m1	Xesp_013922-T1	94.0	S	0.0
Gfas_gfas1.m1.573.m1	Mmus_ENSMUST00000001706	94.0	S	0.0
Gfas_gfas1.m1.573.m1	Nvec_v1g58683	94.0	S	0.0
Gfas_gfas1.m1.573.m1	Xesp_022121-T1	94.0	S	0.0
Gfas_gfas1.m1.573.m1	Hsap_ENST00000400677	94.0	S	0.0
Gfas_gfas1.m1.573.m1	Hsap_ENST00000354822	94.0	S	0.0
Gfas_gfas1.m1.573.m1	Mmus_ENSMUST00000037119	94.0	S	0.0
Dgig_XM_028545809.1	Spis_XP_022791853_1	94.0	S	0.0
Dgig_XM_028545809.1	Dmel_FBtr0081625	94.0	S	0.0
Dgig_XM_028545809.1	Fspp_ffun1.m4.1444.m1	94.0	S	0.0
Dgig_XM_028545809.1	Bflo_XM_035840858.1	94.0	S	0.0
Dgig_XM_028545809.1	Hsap_ENST00000518699	94.0	S	0.0
Nvec_v1g4795	Spis_XP_022791853_1	94.0	S	0.0
Nvec_v1g4795	Dmel_FBtr0081625	94.0	S	0.0
Nvec_v1g4795	Fspp_ffun1.m4.1444.m1	94.0	S	0.0
Nvec_v1g4795	Bflo_XM_035840858.1	94.0	S	0.0
Nvec_v1g4795	Hsap_ENST00000518699	94.0	S	0.0
Xesp_009185-T1	Spis_XP_022791853_1	94.0	S	0.0
Xesp_009185-T1	Dmel_FBtr0081625	94.0	S	0.0
Xesp_009185-T1	Fspp_ffun1.m4.1444.m1	94.0	S	0.0
Xesp_009185-T1	Bflo_XM_035840858.1	94.0	S	0.0
Xesp_009185-T1	Hsap_ENST00000518699	94.0	S	0.0
Morvir_scaffold189.g37.t1	Gasp_gasp1.m3.27871.m1	100.0	S	0.0
Morvir_scaffold189.g37.t1	Mmus_ENSMUST00000047904	100.0	S	0.0
Morvir_scaffold189.g37.t1	Exapal_XM_021061872.2	100.0	S	0.0
Morvir_scaffold189.g37.t1	Spis_XP_022801040_1	100.0	S	0.0
Morvir_scaffold189.g37.t1	Gfas_gfas1.m1.4550.m1	100.0	S	0.0
Morvir_scaffold189.g37.t1	Hsap_ENST00000308618	100.0	S	0.0
Morvir_scaffold189.g37.t1	Nvec_v1g91378	100.0	S	0.0
Fspp_ffun1.m4.12735.m1	Galgal_ENSGALT00000052637	100.0	S	0.0
Fspp_ffun1.m4.12735.m1	Cgig_XM_011427832.3	100.0	S	0.0
Fspp_ffun1.m4.12735.m1	Gasp_gasp1.m3.12193.m1	100.0	S	0.0
Fspp_ffun1.m4.12735.m1	Hsap_ENST00000296921	100.0	S	0.0
Fspp_ffun1.m4.12735.m1	Exapal_XM_021041396.2	100.0	S	0.0
Fspp_ffun1.m4.12735.m1	Bflo_XM_035826124.1	100.0	S	0.0
Fspp_ffun1.m4.12735.m1	Galgal_ENSGALT00000009108	100.0	S	0.0
Fspp_ffun1.m4.12735.m1	Gasp_gasp1.m3.3946.m1	100.0	S	0.0
Fspp_ffun1.m4.12735.m1	Nvec_v1g98238	100.0	S	0.0
Hsap_ENST00000344586	Apimel_NM_001252428	100.0	S	0.0
Hhon_g07292.t1	Tadh_TriadT9507	100.0	S	0.0
Galgal_ENSGALT00000059800	Mmus_ENSMUST00000001536	45.0	S	0.0
Galgal_ENSGALT00000059800	Drer_ENSDART00000061716	45.0	S	0.0
Galgal_ENSGALT00000059800	Drer_ENSDART00000017493	45.0	S	0.0
Cgig_XM_011426485.3	Tcas_TC011744_001	92.0	S	0.0
Hsap_ENST00000422806	Spis_XP_022804770_1	50.0	S	0.0
Hsap_ENST00000422806	Mmus_ENSMUST00000067020	50.0	S	0.0
Hsap_ENST00000422806	Fspp_ffun1.m4.12110.m1	50.0	S	0.0
Galgal_ENSGALT00000105823	Drer_ENSDART00000170527	96.0	S	0.0
Galgal_ENSGALT00000105823	Spur_XM_789660.4	96.0	S	0.0
Galgal_ENSGALT00000105823	Chem_TCONS_00060494	96.0	S	0.0
Galgal_ENSGALT00000105823	Mmus_ENSMUST00000067075	96.0	S	0.0
Dmel_FBtr0082880	Mmus_ENSMUST00000072631	99.0	S	0.0
Dmel_FBtr0082880	Xentro_ENSXETT00000050951	99.0	S	0.0
Dmel_FBtr0082880	Mmus_ENSMUST00000027778	99.0	S	0.0
Dmel_FBtr0082880	Hsap_ENST00000381020	99.0	S	0.0
Xentro_ENSXETT00000047588	Spis_XP_022794643_1	100.0	S	0.0
Exapal_XM_021051226.2	Dgig_XM_028550238.1	98.0	S	0.0
Tcas_TC000926_001	Cgig_XM_011453501.3	42.0	S	0.0
Drer_ENSDART00000081396	Fspp_ffun1.m4.29465.m1	100.0	S	0.0
Apimel_XM_006571083	Ctel_gnl_WGS_AMQN_CAPTEDRAFT_mRNA219807	100.0	S	0.0
Apimel_XM_006571083	Ctel_gnl_WGS_AMQN_CAPTEDRAFT_mRNA29749	100.0	S	0.0
Apimel_XM_006571083	Bflo_XM_035818196.1	100.0	S	0.0
Xesp_015649-T1	Mmus_ENSMUST00000025521	100.0	S	0.0
Galgal_ENSGALT00000004551	Fspp_ffun1.m4.25254.m1	100.0	S	0.0
Galgal_ENSGALT00000004551	Spis_XP_022794603_1	100.0	S	0.0
Galgal_ENSGALT00000004551	Chem_TCONS_00023949	100.0	S	0.0
Spur_NM_001009577.1	Fspp_ffun1.m4.25254.m1	100.0	S	0.0
Spur_NM_001009577.1	Spis_XP_022794603_1	100.0	S	0.0
Spur_NM_001009577.1	Chem_TCONS_00023949	100.0	S	0.0
Apimel_XM_006561860	Hsap_ENST00000252971	100.0	S	0.0
Apimel_NM_001011571	Ctel_gnl_WGS_AMQN_CAPTEDRAFT_mRNA78648	74.0	S	0.0
Apimel_NM_001011571	Mmus_ENSMUST00000001709	74.0	S	0.0
Apimel_XM_016916887	Ctel_gnl_WGS_AMQN_CAPTEDRAFT_mRNA78648	74.0	S	0.0
Apimel_XM_016916887	Mmus_ENSMUST00000001709	74.0	S	0.0
Mmus_ENSMUST00000001872	Galgal_ENSGALT00000000373	64.0	S	0.0
Mmus_ENSMUST00000001872	Skow_XM_002733661.2	64.0	S	0.0
Mmus_ENSMUST00000001872	Nvec_v1g5943	64.0	S	0.0
Galgal_ENSGALT00000056540	Drer_ENSDART00000130260	100.0	S	0.0
Xentro_ENSXETT00000084717	Galgal_ENSGALT00000069688	100.0	S	0.0
Xentro_ENSXETT00000084717	Chem_TCONS_00054222	100.0	S	0.0
Xentro_ENSXETT00000084717	Spur_NM_214561.2	100.0	S	0.0
Xentro_ENSXETT00000084717	Dgig_XM_028539193.1	100.0	S	0.0
Fspp_ffun1.m4.18979.m1	Xesp_013856-T1	100.0	S	0.0
Mmus_ENSMUST00000061745	Aaur_scaffold389.g8.t1	53.0	S	0.0
Mmus_ENSMUST00000061745	Spis_XP_022790514_1	53.0	S	0.0
Mmus_ENSMUST00000061745	Fspp_ffun1.m4.26584.m1	53.0	S	0.0
Mmus_ENSMUST00000061745	Adig_XM_015914460.1	53.0	S	0.0
Drer_ENSDART00000079383	Aaur_scaffold389.g8.t1	53.0	S	0.0
Drer_ENSDART00000079383	Spis_XP_022790514_1	53.0	S	0.0
Drer_ENSDART00000079383	Fspp_ffun1.m4.26584.m1	53.0	S	0.0
Drer_ENSDART00000079383	Adig_XM_015914460.1	53.0	S	0.0
Hsap_ENST00000222726	Tcas_TC000483_001	90.0	S	0.0
Hsap_ENST00000222726	Mmus_ENSMUST00000015723	90.0	S	0.0
Hsap_ENST00000222726	Bflo_XM_035815881.1	90.0	S	0.0
Hsap_ENST00000222726	Exapal_XM_021044606.2	90.0	S	0.0
Hsap_ENST00000222726	Tadh_TriadT18102	90.0	S	0.0
Chem_TCONS_00025396	Cgig_XM_011453230.3	100.0	S	0.0
Chem_TCONS_00025396	Mmus_ENSMUST00000024159	100.0	S	0.0
Tcas_TC009351_001	Exapal_XM_021056281.2	93.0	S	0.0
Tcas_TC009351_001	Dmel_FBtr0300076	93.0	S	0.0
Tcas_TC009351_001	Apimel_XM_016915684	93.0	S	0.0
Bflo_XM_035802805.1	Mmus_ENSMUST00000001700	100.0	S	0.0
Spis_XP_022803993_1	Nvec_v1g197493	100.0	S	0.0
Spis_XP_022803993_1	Hsap_ENST00000361725	100.0	S	0.0
Dmel_FBtr0083388	Galgal_ENSGALT00000102858	100.0	S	0.0
Dmel_FBtr0083388	Xesp_015541-T1	100.0	S	0.0
Gasp_gasp1.m3.10369.m1	Cgig_XM_011416271.3	100.0	S	0.0
Xentro_ENSXETT00000035005	Tcas_TC000920_001	97.0	S	0.0
Xentro_ENSXETT00000035005	Galgal_ENSGALT00000024209	97.0	S	0.0
Xentro_ENSXETT00000035005	Morvir_scaffold273.g2.t1	97.0	S	0.0
Xentro_ENSXETT00000035005	Hsap_ENST00000382723	97.0	S	0.0
Drer_ENSDART00000167339	Dmel_FBtr0082941	100.0	S	0.0
Drer_ENSDART00000167339	Hsap_ENST00000239243	100.0	S	0.0
Drer_ENSDART00000167339	Nvec_v1g48313	100.0	S	0.0
Drer_ENSDART00000167339	Galgal_ENSGALT00000065242	100.0	S	0.0
Xentro_ENSXETT00000036133	Dmel_FBtr0082941	100.0	S	0.0
Xentro_ENSXETT00000036133	Hsap_ENST00000239243	100.0	S	0.0
Xentro_ENSXETT00000036133	Nvec_v1g48313	100.0	S	0.0
Xentro_ENSXETT00000036133	Galgal_ENSGALT00000065242	100.0	S	0.0
Skow_XM_006824407.1	Spur_XM_780913.5	100.0	S	0.0
Bflo_XM_035841216.1	Xentro_ENSXETT00000065721	100.0	S	0.0
Bflo_XM_035841216.1	Dgig_XM_028554263.1	100.0	S	0.0
Bflo_XM_035841216.1	Gasp_gasp1.m3.24581.m1	100.0	S	0.0
Bflo_XM_035841216.1	Spis_XP_022802187_1	100.0	S	0.0
Bflo_XM_035841216.1	Fspp_ffun1.m4.11751.m1	100.0	S	0.0
Exapal_XM_021043058.2	Xentro_ENSXETT00000065721	100.0	S	0.0
Exapal_XM_021043058.2	Dgig_XM_028554263.1	100.0	S	0.0
Exapal_XM_021043058.2	Gasp_gasp1.m3.24581.m1	100.0	S	0.0
Exapal_XM_021043058.2	Spis_XP_022802187_1	100.0	S	0.0
Exapal_XM_021043058.2	Fspp_ffun1.m4.11751.m1	100.0	S	0.0
Dgig_XM_028535663.1	Xesp_013920-T1	100.0	S	0.0
Exapal_XM_021044575.2	Spis_XP_022794697_1	100.0	S	0.0
Exapal_XM_021044575.2	Aaur_scaffold529.g2.t1	100.0	S	0.0
Exapal_XM_021044575.2	Gasp_gasp1.m3.987.m1	100.0	S	0.0
Exapal_XM_021044575.2	Spur_XM_003727639.3	100.0	S	0.0
Exapal_XM_021044575.2	Adig_XM_015912975.1	100.0	S	0.0
Gfas_gfas1.m1.16372.m1	Spis_XP_022794697_1	100.0	S	0.0
Gfas_gfas1.m1.16372.m1	Aaur_scaffold529.g2.t1	100.0	S	0.0
Gfas_gfas1.m1.16372.m1	Gasp_gasp1.m3.987.m1	100.0	S	0.0
Gfas_gfas1.m1.16372.m1	Spur_XM_003727639.3	100.0	S	0.0
Gfas_gfas1.m1.16372.m1	Adig_XM_015912975.1	100.0	S	0.0
Nvec_v1g123745	Dmel_FBtr0088095	43.0	S	0.0
Nvec_v1g123745	Ctel_gnl_WGS_AMQN_CAPTEDRAFT_mRNA40416	43.0	S	0.0
Nvec_v1g123745	Spur_XM_030985931.1	43.0	S	0.0
Nvec_v1g123745	Drer_ENSDART00000166129	43.0	S	0.0
Nvec_v1g123745	Dmel_FBtr0330386	43.0	S	0.0
Skow_XM_002731905.2	Dmel_FBtr0088095	43.0	S	0.0
Skow_XM_002731905.2	Ctel_gnl_WGS_AMQN_CAPTEDRAFT_mRNA40416	43.0	S	0.0
Skow_XM_002731905.2	Spur_XM_030985931.1	43.0	S	0.0
Skow_XM_002731905.2	Drer_ENSDART00000166129	43.0	S	0.0
Skow_XM_002731905.2	Dmel_FBtr0330386	43.0	S	0.0
Hsap_ENST00000225648	Cgig_XM_011440152.3	100.0	S	0.0
Hsap_ENST00000370196	Adig_XM_015913000.1	100.0	S	0.0
Dgig_XM_028537572.1	Nvec_v1g197288	100.0	S	0.0
Drer_ENSDART00000029874	Xentro_ENSXETT00000060579	75.0	S	0.0
Gfas_gfas1.m1.18035.m1	Mmus_ENSMUST00000044125	97.0	S	0.0
Drer_ENSDART00000163847	Mmus_ENSMUST00000097974	51.0	S	0.0
Drer_ENSDART00000163847	Galgal_ENSGALT00000018301	51.0	S	0.0
Drer_ENSDART00000163847	Hsap_ENST00000368592	51.0	S	0.0
Bflo_XM_035802305.1	Hsap_ENST00000326902	63.0	S	0.0
Bflo_XM_035802305.1	Dmel_FBtr0075720	63.0	S	0.0
Bflo_XM_035802305.1	Adig_XM_015903087.1	63.0	S	0.0
Bflo_XM_035802305.1	Adig_XM_015905829.1	63.0	S	0.0
Bflo_XM_035802305.1	Fspp_ffun1.m4.1443.m1	63.0	S	0.0
Bflo_XM_035802305.1	Hhon_g07174.t1	63.0	S	0.0
Bflo_XM_035802305.1	Drer_ENSDART00000008468	63.0	S	0.0
Tcas_TC011749_001	Hsap_ENST00000326902	63.0	S	0.0
Tcas_TC011749_001	Dmel_FBtr0075720	63.0	S	0.0
Tcas_TC011749_001	Adig_XM_015903087.1	63.0	S	0.0
Tcas_TC011749_001	Adig_XM_015905829.1	63.0	S	0.0
Tcas_TC011749_001	Fspp_ffun1.m4.1443.m1	63.0	S	0.0
Tcas_TC011749_001	Hhon_g07174.t1	63.0	S	0.0
Tcas_TC011749_001	Drer_ENSDART00000008468	63.0	S	0.0
Drer_ENSDART00000082355	Ctel_gnl_WGS_AMQN_CAPTEDRAFT_mRNA25827	100.0	S	0.0
Gfas_gfas1.m1.13208.m1	Xentro_ENSXETT00000007145	100.0	S	0.0
Ctel_gnl_WGS_AMQN_CAPTEDRAFT_mRNA70992	Hvul_g26228_1	100.0	S	0.0
Drer_ENSDART00000164839	Skow_NM_001164914.1	100.0	S	0.0
Drer_ENSDART00000076161	Drer_ENSDART00000078425	77.0	D	1.0
Xentro_ENSXETT00000094587	Galgal_ENSGALT00000010527	96.0	S	0.0
Xentro_ENSXETT00000094587	Fspp_ffun1.m4.1442.m1	96.0	S	0.0
Xentro_ENSXETT00000094587	Dgig_XM_028535251.1	96.0	S	0.0
Galgal_ENSGALT00000018518	Exapal_XM_021051231.2	100.0	S	0.0
Drer_ENSDART00000114035	Skow_NM_001164908.1	100.0	S	0.0
Mmus_ENSMUST00000086795	Galgal_ENSGALT00000089956	97.0	S	0.0
Mmus_ENSMUST00000086795	Cgig_XM_011457020.3	97.0	S	0.0
Xentro_ENSXETT00000021090	Galgal_ENSGALT00000089956	97.0	S	0.0
Xentro_ENSXETT00000021090	Cgig_XM_011457020.3	97.0	S	0.0
Exapal_XM_021039430.2	Skow_XM_006817477.1	100.0	S	0.0
Hsap_ENST00000295206	Xesp_022106-T1	100.0	S	0.0
Ctel_gnl_WGS_AMQN_CAPTEDRAFT_mRNA87981	Drer_ENSDART00000056748	40.0	S	0.0
Gasp_gasp1.m3.12181.m1	Hsap_ENST00000297375	99.0	S	0.0
Gasp_gasp1.m3.12181.m1	Mmus_ENSMUST00000036177	99.0	S	0.0
Hsap_ENST00000373514	Hsap_ENST00000262041	70.0	D	1.0
Nvec_v1g19034	Mmus_ENSMUST00000057054	100.0	S	0.0
Bflo_XM_035828188.1	Drer_ENSDART00000059954	72.0	S	0.0
Bflo_XM_035828188.1	Drer_ENSDART00000088618	72.0	S	0.0
Bflo_XM_035828188.1	Gfas_gfas1.m1.7116.m1	72.0	S	0.0
Bflo_XM_035828188.1	Galgal_ENSGALT00000017555	72.0	S	0.0
Bflo_XM_035828188.1	Chem_TCONS_00047310	72.0	S	0.0
Bflo_XM_035828188.1	Xentro_ENSXETT00000060367	72.0	S	0.0
Nvec_v1g128302	Gfas_gfas1.m1.7117.m1	100.0	S	0.0
Spur_XM_030985280.1	Dmel_FBtr0084086	100.0	S	0.0
Chem_TCONS_00008773	Nvec_v1g128275	100.0	S	0.0
Fspp_ffun1.m4.20257.m1	Drer_ENSDART00000165196	100.0	S	0.0
Fspp_ffun1.m4.20257.m1	Dmel_FBtr0088068	100.0	S	0.0
Fspp_ffun1.m4.20257.m1	Hsap_ENST00000643460	100.0	S	0.0
Chem_TCONS_00071932	Xesp_010186-T1	100.0	S	0.0
Ctel_gnl_WGS_AMQN_CAPTEDRAFT_mRNA196539	Gfas_gfas1.m1.7118.m1	100.0	S	0.0
Ctel_gnl_WGS_AMQN_CAPTEDRAFT_mRNA196539	Exapal_XM_021039416.2	100.0	S	0.0
Ctel_gnl_WGS_AMQN_CAPTEDRAFT_mRNA196539	Gasp_gasp1.m3.10375.m1	100.0	S	0.0
Ctel_gnl_WGS_AMQN_CAPTEDRAFT_mRNA196539	Hsap_ENST00000240306	100.0	S	0.0
Ctel_gnl_WGS_AMQN_CAPTEDRAFT_mRNA196539	Spur_XM_776199.5	100.0	S	0.0
Ctel_gnl_WGS_AMQN_CAPTEDRAFT_mRNA196539	Nvec_v1g57885	100.0	S	0.0
Adig_XM_015918195.1	Gasp_gasp1.m3.16096.m1	98.0	S	0.0
Galgal_ENSGALT00000066157	Xentro_ENSXETT00000070016	88.0	S	0.0
Hvul_g6880_1	Galgal_ENSGALT00000045267	100.0	S	0.0
Hvul_g6880_1	Apimel_XM_006559348	100.0	S	0.0
Ctel_gnl_WGS_AMQN_CAPTEDRAFT_mRNA94902	Xesp_025417-T1	100.0	S	0.0
Dmel_FBtr0290136	Hvul_g10051_1	100.0	S	0.0
Spis_XP_022800588_1	Galgal_ENSGALT00000073841	67.0	S	0.0
Spis_XP_022800588_1	Exapal_XM_021061837.2	67.0	S	0.0
Spis_XP_022800588_1	Nvec_v1g91593	67.0	S	0.0
Spis_XP_022800588_1	Adig_XM_015915222.1	67.0	S	0.0
Dgig_XM_028554382.1	Spur_XM_779393.5	90.0	S	0.0
Gasp_gasp1.m3.24803.m1	Apimel_XM_001122113	99.0	S	0.0
Gasp_gasp1.m3.24803.m1	Galgal_ENSGALT00000075534	99.0	S	0.0
Gasp_gasp1.m3.24803.m1	Drer_ENSDART00000022441	99.0	S	0.0
Gasp_gasp1.m3.24803.m1	Drer_ENSDART00000031490	99.0	S	0.0
Skow_NM_001164899.1	Mmus_ENSMUST00000040477	100.0	S	0.0
Skow_NM_001164899.1	Exapal_XM_021038953.2	100.0	S	0.0
Skow_NM_001164899.1	Galgal_ENSGALT00000078705	100.0	S	0.0
Skow_NM_001164899.1	Drer_ENSDART00000063601	100.0	S	0.0
Exapal_XM_021043048.2	Drer_ENSDART00000146056	81.0	S	0.0
Drer_ENSDART00000113388	Dmel_FBtr0113751	100.0	S	0.0
Dmel_FBtr0088586	Adig_XM_015918179.1	97.0	S	0.0
Dmel_FBtr0088586	Xentro_ENSXETT00000089378	97.0	S	0.0
Dmel_FBtr0088586	Cgig_XM_011416152.3	97.0	S	0.0
Spis_XP_022796024_1	Apimel_XM_016917914	99.0	S	0.0
Adig_XM_015925334.1	Gasp_gasp1.m3.12180.m1	99.0	S	0.0
Adig_XM_015925334.1	Gasp_gasp1.m1b.2861.m1	99.0	S	0.0
Adig_XM_015925334.1	Galgal_ENSGALT00000038779	99.0	S	0.0
Adig_XM_015925334.1	Hsap_ENST00000229307	99.0	S	0.0
Adig_XM_015925334.1	Mmus_ENSMUST00000019749	99.0	S	0.0
Adig_XM_015925334.1	Tcas_TC008952_001	99.0	S	0.0
Skow_NM_001164886.1	Gasp_gasp1.m3.12180.m1	99.0	S	0.0
Skow_NM_001164886.1	Gasp_gasp1.m1b.2861.m1	99.0	S	0.0
Skow_NM_001164886.1	Galgal_ENSGALT00000038779	99.0	S	0.0
Skow_NM_001164886.1	Hsap_ENST00000229307	99.0	S	0.0
Skow_NM_001164886.1	Mmus_ENSMUST00000019749	99.0	S	0.0
Skow_NM_001164886.1	Tcas_TC008952_001	99.0	S	0.0
Drer_ENSDART00000154825	Gfas_gfas1.m1.573.m1	92.0	S	0.0
Xesp_009185-T1	Dgig_XM_028545809.1	100.0	S	0.0
Xesp_009185-T1	Nvec_v1g4795	100.0	S	0.0
Spis_XP_022791853_1	Bflo_XM_035840858.1	100.0	S	0.0
Spis_XP_022791853_1	Dmel_FBtr0081625	100.0	S	0.0
Spis_XP_022791853_1	Hsap_ENST00000518699	100.0	S	0.0
Fspp_ffun1.m4.1444.m1	Bflo_XM_035840858.1	100.0	S	0.0
Fspp_ffun1.m4.1444.m1	Dmel_FBtr0081625	100.0	S	0.0
Fspp_ffun1.m4.1444.m1	Hsap_ENST00000518699	100.0	S	0.0
Spur_XM_003727638.3	Tcas_TC012136_001	34.0	S	0.0
Spur_XM_003727638.3	Gfas_gfas1.m1.777.m1	34.0	S	0.0
Spur_XM_003727638.3	Hsap_ENST00000222728	34.0	S	0.0
Spur_XM_003727638.3	Apimel_XM_001119904	34.0	S	0.0
Spur_XM_003727638.3	Apimel_XM_003249249	34.0	S	0.0
Spur_XM_003727638.3	Tcas_TC015928_001	34.0	S	0.0
Spur_XM_003727638.3	Xentro_ENSXETT00000050686	34.0	S	0.0
Spur_XM_003727638.3	Mmus_ENSMUST00000062829	34.0	S	0.0
Spur_XM_003727638.3	Xentro_ENSXETT00000017635	34.0	S	0.0
Spur_XM_003727638.3	Cgig_XM_011425274.3	34.0	S	0.0
Spur_XM_003727638.3	Drer_ENSDART00000025966	34.0	S	0.0
Spur_XM_003727638.3	Xentro_ENSXETT00000100718	34.0	S	0.0
Spur_XM_003727638.3	Gfas_gfas1.m1.17647.m1	34.0	S	0.0
Spur_XM_003727638.3	Bflo_XM_035832886.1	34.0	S	0.0
Spur_XM_003727638.3	Drer_ENSDART00000024256	34.0	S	0.0
Spur_XM_003727638.3	Drer_ENSDART00000130090	34.0	S	0.0
Spis_XP_022801040_1	Gasp_gasp1.m3.27871.m1	99.0	S	0.0
Spis_XP_022801040_1	Mmus_ENSMUST00000047904	99.0	S	0.0
Spis_XP_022801040_1	Exapal_XM_021061872.2	99.0	S	0.0
Spis_XP_022801040_1	Gfas_gfas1.m1.4550.m1	99.0	S	0.0
Spis_XP_022801040_1	Hsap_ENST00000308618	99.0	S	0.0
Spis_XP_022801040_1	Nvec_v1g91378	99.0	S	0.0
Skow_NM_001164907.1	Morvir_scaffold27.g7.t1	76.0	S	0.0
Skow_NM_001164907.1	Hsap_ENST00000370193	76.0	S	0.0
Skow_NM_001164907.1	Hsap_ENST00000513209	76.0	S	0.0
Skow_NM_001164907.1	Xentro_ENSXETT00000089294	76.0	S	0.0
Fspp_ffun1.m4.12110.m1	Spis_XP_022804770_1	54.0	S	0.0
Fspp_ffun1.m4.12110.m1	Mmus_ENSMUST00000067020	54.0	S	0.0
Spur_XM_789660.4	Mmus_ENSMUST00000067075	96.0	S	0.0
Spur_XM_789660.4	Chem_TCONS_00060494	96.0	S	0.0
Spur_XM_789660.4	Drer_ENSDART00000170527	96.0	S	0.0
Xentro_ENSXETT00000050951	Mmus_ENSMUST00000027778	100.0	S	0.0
Xentro_ENSXETT00000050951	Mmus_ENSMUST00000072631	100.0	S	0.0
Hsap_ENST00000381020	Mmus_ENSMUST00000027778	100.0	S	0.0
Hsap_ENST00000381020	Mmus_ENSMUST00000072631	100.0	S	0.0
Fspp_ffun1.m4.14112.m1	Cgig_XM_011416459.3	97.0	S	0.0
Adig_XM_015905823.1	Xentro_ENSXETT00000007133	36.0	S	0.0
Adig_XM_015905823.1	Fspp_ffun1.m4.14106.m1	36.0	S	0.0
Galgal_ENSGALT00000004551	Spur_NM_001009577.1	100.0	S	0.0
Spis_XP_022794603_1	Fspp_ffun1.m4.25254.m1	100.0	S	0.0
Spis_XP_022794603_1	Chem_TCONS_00023949	100.0	S	0.0
Apimel_XM_016916887	Apimel_NM_001011571	90.0	D	1.0
Ctel_gnl_WGS_AMQN_CAPTEDRAFT_mRNA78648	Mmus_ENSMUST00000001709	63.0	S	0.0
Nvec_v1g5943	Galgal_ENSGALT00000000373	52.0	S	0.0
Nvec_v1g5943	Skow_XM_002733661.2	52.0	S	0.0
Adig_XM_015912978.1	Hsap_ENST00000553456	94.0	S	0.0
Adig_XM_015912978.1	Drer_ENSDART00000023674	94.0	S	0.0
Dgig_XM_028539193.1	Galgal_ENSGALT00000069688	100.0	S	0.0
Dgig_XM_028539193.1	Spur_NM_214561.2	100.0	S	0.0
Dgig_XM_028539193.1	Chem_TCONS_00054222	100.0	S	0.0
Drer_ENSDART00000079383	Mmus_ENSMUST00000061745	54.0	S	0.0
Spis_XP_022790514_1	Aaur_scaffold389.g8.t1	100.0	S	0.0
Spis_XP_022790514_1	Fspp_ffun1.m4.26584.m1	100.0	S	0.0
Spis_XP_022790514_1	Adig_XM_015914460.1	100.0	S	0.0
Bflo_XM_035815881.1	Mmus_ENSMUST00000015723	96.0	S	0.0
Bflo_XM_035815881.1	Exapal_XM_021044606.2	96.0	S	0.0
Bflo_XM_035815881.1	Tcas_TC000483_001	96.0	S	0.0
Bflo_XM_035815881.1	Tadh_TriadT18102	96.0	S	0.0
Adig_XM_015915185.1	Morvir_scaffold95.g3.t1	100.0	S	0.0
Adig_XM_015915185.1	Fspp_ffun1.m4.1448.m1	100.0	S	0.0
Adig_XM_015915185.1	Hvul_g3831_1	100.0	S	0.0
Adig_XM_015915185.1	Gasp_gasp1.m3.2249.m1	100.0	S	0.0
Adig_XM_015909101.1	Morvir_scaffold95.g3.t1	100.0	S	0.0
Adig_XM_015909101.1	Fspp_ffun1.m4.1448.m1	100.0	S	0.0
Adig_XM_015909101.1	Hvul_g3831_1	100.0	S	0.0
Adig_XM_015909101.1	Gasp_gasp1.m3.2249.m1	100.0	S	0.0
Hvul_g24401_1	Gfas_gfas1.m1.19739.m1	96.0	S	0.0
Hvul_g24401_1	Adig_XM_015899313.1	96.0	S	0.0
Hvul_g24401_1	Fspp_ffun1.m4.23130.m1	96.0	S	0.0
Hvul_g24401_1	Tcas_TC031415_001	96.0	S	0.0
Hvul_g24401_1	Nvec_v1g80927	96.0	S	0.0
Hvul_g24401_1	Tcas_TC000917_001	96.0	S	0.0
Cgig_XM_011453230.3	Mmus_ENSMUST00000024159	100.0	S	0.0
Dmel_FBtr0300076	Exapal_XM_021056281.2	68.0	S	0.0
Dmel_FBtr0300076	Apimel_XM_016915684	68.0	S	0.0
Hsap_ENST00000361725	Nvec_v1g197493	100.0	S	0.0
Xesp_015541-T1	Galgal_ENSGALT00000102858	97.0	S	0.0
Fspp_ffun1.m4.29244.m1	Spur_XM_030985857.1	99.0	S	0.0
Fspp_ffun1.m4.29244.m1	Adig_XM_015902979.1	99.0	S	0.0
Fspp_ffun1.m4.29244.m1	Xentro_ENSXETT00000104161	99.0	S	0.0
Gasp_gasp1.m3.15756.m1	Dgig_XM_028545689.1	9.0	S	0.0
Drer_ENSDART00000023889	Fspp_ffun1.m4.1445.m1	100.0	S	0.0
Drer_ENSDART00000023889	Nvec_v1g101680	100.0	S	0.0
Drer_ENSDART00000023889	Hvul_g32708_1	100.0	S	0.0
Drer_ENSDART00000023889	Dgig_XM_028540495.1	100.0	S	0.0
Fspp_ffun1.m4.11764.m1	Xesp_022100-T1	100.0	S	0.0
Morvir_scaffold273.g2.t1	Tcas_TC000920_001	96.0	S	0.0
Morvir_scaffold273.g2.t1	Galgal_ENSGALT00000024209	96.0	S	0.0
Hsap_ENST00000382723	Tcas_TC000920_001	96.0	S	0.0
Hsap_ENST00000382723	Galgal_ENSGALT00000024209	96.0	S	0.0
Drer_ENSDART00000167339	Xentro_ENSXETT00000036133	98.0	S	0.0
Dmel_FBtr0082941	Hsap_ENST00000239243	71.0	S	0.0
Dmel_FBtr0082941	Nvec_v1g48313	71.0	S	0.0
Dmel_FBtr0082941	Galgal_ENSGALT00000065242	71.0	S	0.0
Exapal_XM_021043058.2	Bflo_XM_035841216.1	99.0	S	0.0
Spis_XP_022802187_1	Xentro_ENSXETT00000065721	67.0	S	0.0
Spis_XP_022802187_1	Dgig_XM_028554263.1	67.0	S	0.0
Spis_XP_022802187_1	Fspp_ffun1.m4.11751.m1	67.0	S	0.0
Spis_XP_022802187_1	Gasp_gasp1.m3.24581.m1	67.0	S	0.0
Exapal_XM_021044575.2	Gfas_gfas1.m1.16372.m1	100.0	S	0.0
Spis_XP_022794697_1	Spur_XM_003727639.3	100.0	S	0.0
Spis_XP_022794697_1	Adig_XM_015912975.1	100.0	S	0.0
Spis_XP_022794697_1	Aaur_scaffold529.g2.t1	100.0	S	0.0
Gasp_gasp1.m3.987.m1	Spur_XM_003727639.3	100.0	S	0.0
Gasp_gasp1.m3.987.m1	Adig_XM_015912975.1	100.0	S	0.0
Gasp_gasp1.m3.987.m1	Aaur_scaffold529.g2.t1	100.0	S	0.0
Nvec_v1g123745	Skow_XM_002731905.2	55.0	S	0.0
Galgal_ENSGALT00000025152	Hsap_ENST00000283921	100.0	S	0.0
Galgal_ENSGALT00000025152	Hsap_ENST00000496902	100.0	S	0.0
Galgal_ENSGALT00000018301	Mmus_ENSMUST00000097974	54.0	S	0.0
Galgal_ENSGALT00000018301	Hsap_ENST00000368592	54.0	S	0.0
Bflo_XM_035802305.1	Tcas_TC011749_001	43.0	S	0.0
Hsap_ENST00000326902	Dmel_FBtr0075720	29.0	S	0.0
Hsap_ENST00000326902	Adig_XM_015903087.1	29.0	S	0.0
Hsap_ENST00000326902	Adig_XM_015905829.1	29.0	S	0.0
Hsap_ENST00000326902	Fspp_ffun1.m4.1443.m1	29.0	S	0.0
Hsap_ENST00000326902	Drer_ENSDART00000008468	29.0	S	0.0
Hhon_g07174.t1	Dmel_FBtr0075720	29.0	S	0.0
Hhon_g07174.t1	Adig_XM_015903087.1	29.0	S	0.0
Hhon_g07174.t1	Adig_XM_015905829.1	29.0	S	0.0
Hhon_g07174.t1	Fspp_ffun1.m4.1443.m1	29.0	S	0.0
Hhon_g07174.t1	Drer_ENSDART00000008468	29.0	S	0.0
Dgig_XM_028535251.1	Galgal_ENSGALT00000010527	96.0	S	0.0
Dgig_XM_028535251.1	Fspp_ffun1.m4.1442.m1	96.0	S	0.0
Mmus_ENSMUST00000086795	Xentro_ENSXETT00000021090	98.0	S	0.0
Galgal_ENSGALT00000089956	Cgig_XM_011457020.3	100.0	S	0.0
Hsap_ENST00000297375	Mmus_ENSMUST00000036177	100.0	S	0.0
Hsap_ENST00000643460	Drer_ENSDART00000165196	100.0	S	0.0
Hsap_ENST00000643460	Dmel_FBtr0088068	100.0	S	0.0
Exapal_XM_021039416.2	Gfas_gfas1.m1.7118.m1	100.0	S	0.0
Exapal_XM_021039416.2	Gasp_gasp1.m3.10375.m1	100.0	S	0.0
Exapal_XM_021039416.2	Hsap_ENST00000240306	100.0	S	0.0
Exapal_XM_021039416.2	Spur_XM_776199.5	100.0	S	0.0
Exapal_XM_021039416.2	Nvec_v1g57885	100.0	S	0.0
Aaur_scaffold1413.g2.t1	Drer_ENSDART00000017191	77.0	S	0.0
Aaur_scaffold1413.g2.t1	Galgal_ENSGALT00000046008	77.0	S	0.0
Aaur_scaffold1413.g2.t1	Galgal_ENSGALT00000052233	77.0	S	0.0
Aaur_scaffold1413.g2.t1	Hsap_ENST00000330070	77.0	S	0.0
Aaur_scaffold1413.g2.t1	Mmus_ENSMUST00000100523	77.0	S	0.0
Aaur_scaffold1413.g2.t1	Dmel_FBtr0074430	77.0	S	0.0
Exapal_XM_021051233.2	Drer_ENSDART00000017191	77.0	S	0.0
Exapal_XM_021051233.2	Galgal_ENSGALT00000046008	77.0	S	0.0
Exapal_XM_021051233.2	Galgal_ENSGALT00000052233	77.0	S	0.0
Exapal_XM_021051233.2	Hsap_ENST00000330070	77.0	S	0.0
Exapal_XM_021051233.2	Mmus_ENSMUST00000100523	77.0	S	0.0
Exapal_XM_021051233.2	Dmel_FBtr0074430	77.0	S	0.0
Apimel_XM_006559348	Galgal_ENSGALT00000045267	98.0	S	0.0
Xentro_ENSXETT00000003767	Mmus_ENSMUST00000021922	100.0	S	0.0
Xentro_ENSXETT00000003767	Hsap_ENST00000331462	100.0	S	0.0
Gasp_gasp1.m3.3948.m1	Mmus_ENSMUST00000048794	55.0	S	0.0
Gasp_gasp1.m3.3948.m1	Bflo_XM_035801577.1	55.0	S	0.0
Gasp_gasp1.m3.3948.m1	Drer_ENSDART00000136415	55.0	S	0.0
Gasp_gasp1.m3.3948.m1	Mmus_ENSMUST00000019117	55.0	S	0.0
Gasp_gasp1.m3.3948.m1	Hsap_ENST00000239174	55.0	S	0.0
Gasp_gasp1.m3.3948.m1	Skow_NM_001164900.1	55.0	S	0.0
Dmel_FBtr0474171	Mmus_ENSMUST00000048794	55.0	S	0.0
Dmel_FBtr0474171	Bflo_XM_035801577.1	55.0	S	0.0
Dmel_FBtr0474171	Drer_ENSDART00000136415	55.0	S	0.0
Dmel_FBtr0474171	Mmus_ENSMUST00000019117	55.0	S	0.0
Dmel_FBtr0474171	Hsap_ENST00000239174	55.0	S	0.0
Dmel_FBtr0474171	Skow_NM_001164900.1	55.0	S	0.0
Xentro_ENSXETT00000001600	Mmus_ENSMUST00000048794	55.0	S	0.0
Xentro_ENSXETT00000001600	Bflo_XM_035801577.1	55.0	S	0.0
Xentro_ENSXETT00000001600	Drer_ENSDART00000136415	55.0	S	0.0
Xentro_ENSXETT00000001600	Mmus_ENSMUST00000019117	55.0	S	0.0
Xentro_ENSXETT00000001600	Hsap_ENST00000239174	55.0	S	0.0
Xentro_ENSXETT00000001600	Skow_NM_001164900.1	55.0	S	0.0
Apimel_XM_016917155	Mmus_ENSMUST00000048794	55.0	S	0.0
Apimel_XM_016917155	Bflo_XM_035801577.1	55.0	S	0.0
Apimel_XM_016917155	Drer_ENSDART00000136415	55.0	S	0.0
Apimel_XM_016917155	Mmus_ENSMUST00000019117	55.0	S	0.0
Apimel_XM_016917155	Hsap_ENST00000239174	55.0	S	0.0
Apimel_XM_016917155	Skow_NM_001164900.1	55.0	S	0.0
Xentro_ENSXETT00000057734	Mmus_ENSMUST00000048794	55.0	S	0.0
Xentro_ENSXETT00000057734	Bflo_XM_035801577.1	55.0	S	0.0
Xentro_ENSXETT00000057734	Drer_ENSDART00000136415	55.0	S	0.0
Xentro_ENSXETT00000057734	Mmus_ENSMUST00000019117	55.0	S	0.0
Xentro_ENSXETT00000057734	Hsap_ENST00000239174	55.0	S	0.0
Xentro_ENSXETT00000057734	Skow_NM_001164900.1	55.0	S	0.0
Adig_XM_015915222.1	Galgal_ENSGALT00000073841	67.0	S	0.0
Adig_XM_015915222.1	Exapal_XM_021061837.2	67.0	S	0.0
Adig_XM_015915222.1	Nvec_v1g91593	67.0	S	0.0
Drer_ENSDART00000063601	Mmus_ENSMUST00000040477	98.0	S	0.0
Drer_ENSDART00000063601	Galgal_ENSGALT00000078705	98.0	S	0.0
Drer_ENSDART00000063601	Exapal_XM_021038953.2	98.0	S	0.0
Xentro_ENSXETT00000089378	Adig_XM_015918179.1	97.0	S	0.0
Xentro_ENSXETT00000089378	Cgig_XM_011416152.3	97.0	S	0.0
Adig_XM_015925334.1	Skow_NM_001164886.1	100.0	S	0.0
Tcas_TC008952_001	Gasp_gasp1.m3.12180.m1	95.0	S	0.0
Tcas_TC008952_001	Gasp_gasp1.m1b.2861.m1	95.0	S	0.0
Tcas_TC008952_001	Galgal_ENSGALT00000038779	95.0	S	0.0
Tcas_TC008952_001	Hsap_ENST00000229307	95.0	S	0.0
Tcas_TC008952_001	Mmus_ENSMUST00000019749	95.0	S	0.0
Mmus_ENSMUST00000001706	Tcas_TC000922_001	100.0	S	0.0
Gfas_gfas1.m1.13832.m1	Xentro_ENSXETT00000050688	100.0	S	0.0
Gfas_gfas1.m1.13832.m1	Morvir_scaffold70.g42.t1	100.0	S	0.0
Gfas_gfas1.m1.13832.m1	Mmus_ENSMUST00000041183	100.0	S	0.0
Gfas_gfas1.m1.13832.m1	Hsap_ENST00000234198	100.0	S	0.0
Gfas_gfas1.m1.13832.m1	Hsap_ENST00000312492	100.0	S	0.0
Gasp_gasp1.m3.10613.m1	Drer_ENSDART00000169480	100.0	S	0.0
Gasp_gasp1.m3.10613.m1	Dgig_XM_028547339.1	100.0	S	0.0
Gasp_gasp1.m3.10613.m1	Drer_ENSDART00000082359	100.0	S	0.0
Gasp_gasp1.m3.10613.m1	Drer_ENSDART00000025449	100.0	S	0.0
Gasp_gasp1.m3.10613.m1	Hsap_ENST00000303460	100.0	S	0.0
Gasp_gasp1.m3.10613.m1	Fspp_ffun1.m4.14099.m1	100.0	S	0.0
Gasp_gasp1.m3.10613.m1	Nvec_v1g90956	100.0	S	0.0
Gasp_gasp1.m3.10613.m1	Nvec_v1g89029	100.0	S	0.0
Gasp_gasp1.m3.10613.m1	Chem_TCONS_00038629	100.0	S	0.0
Gasp_gasp1.m3.10613.m1	Hsap_ENST00000239151	100.0	S	0.0
Skow_NM_001164938.1	Spur_XM_003727637.3	70.0	S	0.0
Dgig_XM_028545809.1	Nvec_v1g4795	100.0	S	0.0
Spis_XP_022791853_1	Fspp_ffun1.m4.1444.m1	100.0	S	0.0
Hsap_ENST00000518699	Bflo_XM_035840858.1	97.0	S	0.0
Hsap_ENST00000518699	Dmel_FBtr0081625	97.0	S	0.0
Cgig_XM_011457262.3	Hsap_ENST00000006015	100.0	S	0.0
Cgig_XM_011457262.3	Dmel_FBtr0083347	100.0	S	0.0
Cgig_XM_011457262.3	Dgig_XM_028538948.1	100.0	S	0.0
Cgig_XM_011457262.3	Fspp_ffun1.m4.26587.m1	100.0	S	0.0
Cgig_XM_011457262.3	Apimel_XM_016917154	100.0	S	0.0
Cgig_XM_011457262.3	Gasp_gasp1.m3.21838.m1	100.0	S	0.0
Cgig_XM_011457262.3	Mmus_ENSMUST00000160937	100.0	S	0.0
Cgig_XM_011457262.3	Apimel_XM_026445701	100.0	S	0.0
Ctel_gnl_WGS_AMQN_CAPTEDRAFT_mRNA225442	Hsap_ENST00000006015	100.0	S	0.0
Ctel_gnl_WGS_AMQN_CAPTEDRAFT_mRNA225442	Dmel_FBtr0083347	100.0	S	0.0
Ctel_gnl_WGS_AMQN_CAPTEDRAFT_mRNA225442	Dgig_XM_028538948.1	100.0	S	0.0
Ctel_gnl_WGS_AMQN_CAPTEDRAFT_mRNA225442	Fspp_ffun1.m4.26587.m1	100.0	S	0.0
Ctel_gnl_WGS_AMQN_CAPTEDRAFT_mRNA225442	Apimel_XM_016917154	100.0	S	0.0
Ctel_gnl_WGS_AMQN_CAPTEDRAFT_mRNA225442	Gasp_gasp1.m3.21838.m1	100.0	S	0.0
Ctel_gnl_WGS_AMQN_CAPTEDRAFT_mRNA225442	Mmus_ENSMUST00000160937	100.0	S	0.0
Ctel_gnl_WGS_AMQN_CAPTEDRAFT_mRNA225442	Apimel_XM_026445701	100.0	S	0.0
Gasp_gasp1.m3.27871.m1	Mmus_ENSMUST00000047904	55.0	S	0.0
Gasp_gasp1.m3.27871.m1	Exapal_XM_021061872.2	55.0	S	0.0
Gasp_gasp1.m3.27871.m1	Gfas_gfas1.m1.4550.m1	55.0	S	0.0
Gasp_gasp1.m3.27871.m1	Hsap_ENST00000308618	55.0	S	0.0
Gasp_gasp1.m3.27871.m1	Nvec_v1g91378	55.0	S	0.0
Cgig_XM_011427832.3	Galgal_ENSGALT00000052637	83.0	S	0.0
Exapal_XM_021041396.2	Gasp_gasp1.m3.12193.m1	98.0	S	0.0
Exapal_XM_021041396.2	Hsap_ENST00000296921	98.0	S	0.0
Exapal_XM_021041396.2	Bflo_XM_035826124.1	98.0	S	0.0
Exapal_XM_021041396.2	Galgal_ENSGALT00000009108	98.0	S	0.0
Exapal_XM_021041396.2	Gasp_gasp1.m3.3946.m1	98.0	S	0.0
Exapal_XM_021041396.2	Nvec_v1g98238	98.0	S	0.0
Skow_XM_002732004.2	Galgal_ENSGALT00000045446	99.0	S	0.0
Skow_XM_002732004.2	Gfas_gfas1.m1.13647.m1	99.0	S	0.0
Skow_XM_002732004.2	Galgal_ENSGALT00000072662	99.0	S	0.0
Skow_XM_002732004.2	Aaur_scaffold329.g9.t1	99.0	S	0.0
Skow_XM_002732004.2	Gfas_gfas1.m1.13639.m1	99.0	S	0.0
Skow_XM_002732004.2	Adig_XM_015918181.1	99.0	S	0.0
Skow_XM_002732004.2	Exapal_XM_021043043.2	99.0	S	0.0
Apimel_XM_026445909	Galgal_ENSGALT00000045446	99.0	S	0.0
Apimel_XM_026445909	Gfas_gfas1.m1.13647.m1	99.0	S	0.0
Apimel_XM_026445909	Galgal_ENSGALT00000072662	99.0	S	0.0
Apimel_XM_026445909	Aaur_scaffold329.g9.t1	99.0	S	0.0
Apimel_XM_026445909	Gfas_gfas1.m1.13639.m1	99.0	S	0.0
Apimel_XM_026445909	Adig_XM_015918181.1	99.0	S	0.0
Apimel_XM_026445909	Exapal_XM_021043043.2	99.0	S	0.0
Tcas_TC032769_002	Cgig_XM_011421958.3	87.0	S	0.0
Tcas_TC032769_002	Bflo_XM_035831872.1	87.0	S	0.0
Tcas_TC032769_002	Apimel_NM_001252430	87.0	S	0.0
Dmel_FBtr0335152	Cgig_XM_011421958.3	87.0	S	0.0
Dmel_FBtr0335152	Bflo_XM_035831872.1	87.0	S	0.0
Dmel_FBtr0335152	Apimel_NM_001252430	87.0	S	0.0
Aaur_scaffold1851.g1.t1	Xentro_ENSXETT00000101088	27.0	S	0.0
Aaur_scaffold1851.g1.t1	Bflo_XM_035801580.1	27.0	S	0.0
Aaur_scaffold1851.g1.t1	Dmel_FBtr0085090	27.0	S	0.0
Aaur_scaffold1851.g1.t1	Xesp_009183-T1	27.0	S	0.0
Aaur_scaffold1851.g1.t1	Ctel_gnl_WGS_AMQN_CAPTEDRAFT_mRNA183448	27.0	S	0.0
Aaur_scaffold1851.g1.t1	Drer_ENSDART00000111227	27.0	S	0.0
Aaur_scaffold1851.g1.t1	Spis_XP_022803267_1	27.0	S	0.0
Aaur_scaffold1851.g1.t1	Gasp_gasp1.m3.12179.m1	27.0	S	0.0
Aaur_scaffold1851.g1.t1	Galgal_ENSGALT00000078475	27.0	S	0.0
Aaur_scaffold1851.g1.t1	Apimel_XM_001120703	27.0	S	0.0
Aaur_scaffold1851.g1.t1	Ctel_gnl_WGS_AMQN_CAPTEDRAFT_mRNA149640	27.0	S	0.0
Aaur_scaffold1851.g1.t1	Hsap_ENST00000470747	27.0	S	0.0
Aaur_scaffold1851.g1.t1	Drer_ENSDART00000170767	27.0	S	0.0
Aaur_scaffold1851.g1.t1	Xentro_ENSXETT00000060673	27.0	S	0.0
Aaur_scaffold1851.g1.t1	Bflo_XM_035844325.1	27.0	S	0.0
Aaur_scaffold1851.g1.t1	Nvec_v1g117688	27.0	S	0.0
Aaur_scaffold1851.g1.t1	Drer_ENSDART00000103147	27.0	S	0.0
Aaur_scaffold1851.g1.t1	Xentro_ENSXETT00000050671	27.0	S	0.0
Aaur_scaffold1851.g1.t1	Xentro_ENSXETT00000057392	27.0	S	0.0
Aaur_scaffold1851.g1.t1	Xentro_ENSXETT00000097247	27.0	S	0.0
Aaur_scaffold1851.g1.t1	Skow_XM_006820387.1	27.0	S	0.0
Aaur_scaffold1851.g1.t1	Hsap_ENST00000243103	27.0	S	0.0
Aaur_scaffold1851.g1.t1	Fspp_ffun1.m4.1446.m1	27.0	S	0.0
Aaur_scaffold1851.g1.t1	Adig_XM_015917756.1	27.0	S	0.0
Aaur_scaffold1851.g1.t1	Hsap_ENST00000649031	27.0	S	0.0
Aaur_scaffold1851.g1.t1	Hsap_ENST00000249499	27.0	S	0.0
Aaur_scaffold1851.g1.t1	Adig_XM_015910647.1	27.0	S	0.0
Aaur_scaffold1851.g1.t1	Mmus_ENSMUST00000001699	27.0	S	0.0
Aaur_scaffold1851.g1.t1	Drer_ENSDART00000078428	27.0	S	0.0
Aaur_scaffold1851.g1.t1	Spur_NM_214635.1	27.0	S	0.0
Aaur_scaffold1851.g1.t1	Drer_ENSDART00000171610	27.0	S	0.0
Aaur_scaffold1851.g1.t1	Xentro_ENSXETT00000016487	27.0	S	0.0
Aaur_scaffold1851.g1.t1	Galgal_ENSGALT00000001947	27.0	S	0.0
Aaur_scaffold1851.g1.t1	Drer_ENSDART00000082339	27.0	S	0.0
Aaur_scaffold1851.g1.t1	Galgal_ENSGALT00000060359	27.0	S	0.0
Aaur_scaffold1851.g1.t1	Galgal_ENSGALT00000056432	27.0	S	0.0
Aaur_scaffold1851.g1.t1	Bflo_XM_035802726.1	27.0	S	0.0
Aaur_scaffold1851.g1.t1	Skow_NM_001164942.1	27.0	S	0.0
Aaur_scaffold1851.g1.t1	Gfas_gfas1.m1.855.m1	27.0	S	0.0
Aaur_scaffold1851.g1.t1	Mmus_ENSMUST00000062709	27.0	S	0.0
Aaur_scaffold1851.g1.t1	Fspp_ffun1.m4.12105.m1	27.0	S	0.0
Aaur_scaffold1851.g1.t1	Cgig_XM_011445848.3	27.0	S	0.0
Aaur_scaffold1851.g1.t1	Galgal_ENSGALT00000087671	27.0	S	0.0
Aaur_scaffold1851.g1.t1	Drer_ENSDART00000011520	27.0	S	0.0
Aaur_scaffold1851.g1.t1	Hsap_ENST00000290295	27.0	S	0.0
Aaur_scaffold1851.g1.t1	Galgal_ENSGALT00000078912	27.0	S	0.0
Aaur_scaffold1851.g1.t1	Drer_ENSDART00000160240	27.0	S	0.0
Aaur_scaffold1851.g1.t1	Galgal_ENSGALT00000045192	27.0	S	0.0
Aaur_scaffold1851.g1.t1	Xesp_021558-T1	27.0	S	0.0
Aaur_scaffold1851.g1.t1	Xesp_013548-T1	27.0	S	0.0
Aaur_scaffold1851.g1.t1	Gasp_gasp1.m3.4132.m1	27.0	S	0.0
Aaur_scaffold1851.g1.t1	Bflo_XM_035818195.1	27.0	S	0.0
Aaur_scaffold1851.g1.t1	Cgig_XM_011428340.3	27.0	S	0.0
Aaur_scaffold1851.g1.t1	Mmus_ENSMUST00000000010	27.0	S	0.0
Aaur_scaffold1851.g1.t1	Hsap_ENST00000392539	27.0	S	0.0
Aaur_scaffold1851.g1.t1	Mmus_ENSMUST00000022646	27.0	S	0.0
Aaur_scaffold1851.g1.t1	Mmus_ENSMUST00000062437	27.0	S	0.0
Aaur_scaffold1851.g1.t1	Ctel_gnl_WGS_AMQN_CAPTEDRAFT_mRNA70154	27.0	S	0.0
Aaur_scaffold1851.g1.t1	Skow_XM_006811515.1	27.0	S	0.0
Aaur_scaffold1851.g1.t1	Bflo_XM_035801576.1	27.0	S	0.0
Aaur_scaffold1851.g1.t1	Mmus_ENSMUST00000001878	27.0	S	0.0
Aaur_scaffold1851.g1.t1	Mmus_ENSMUST00000062216	27.0	S	0.0
Aaur_scaffold1851.g1.t1	Spis_XP_022794681_1	27.0	S	0.0
Aaur_scaffold1851.g1.t1	Mmus_ENSMUST00000059272	27.0	S	0.0
Aaur_scaffold1851.g1.t1	Tcas_TC000889_002	27.0	S	0.0
Aaur_scaffold1851.g1.t1	Hsap_ENST00000406506	27.0	S	0.0
Aaur_scaffold1851.g1.t1	Bflo_XM_035844336.1	27.0	S	0.0
Aaur_scaffold1851.g1.t1	Fspp_ffun1.m4.4455.m1	27.0	S	0.0
Aaur_scaffold1851.g1.t1	Bflo_XM_035844330.1	27.0	S	0.0
Aaur_scaffold1851.g1.t1	Apimel_XM_006565160	27.0	S	0.0
Aaur_scaffold1851.g1.t1	Dmel_FBtr0332438	27.0	S	0.0
Aaur_scaffold1851.g1.t1	Skow_XM_006815656.1	27.0	S	0.0
Aaur_scaffold1851.g1.t1	Hsap_ENST00000332700	27.0	S	0.0
Aaur_scaffold1851.g1.t1	Hsap_ENST00000648378	27.0	S	0.0
Aaur_scaffold1851.g1.t1	Galgal_ENSGALT00000029909	27.0	S	0.0
Aaur_scaffold1851.g1.t1	Gfas_gfas1.m1.2230.m1	27.0	S	0.0
Aaur_scaffold1851.g1.t1	Drer_ENSDART00000052662	27.0	S	0.0
Aaur_scaffold1851.g1.t1	Mmus_ENSMUST00000047993	27.0	S	0.0
Aaur_scaffold1851.g1.t1	Drer_ENSDART00000139319	27.0	S	0.0
Aaur_scaffold1851.g1.t1	Skow_NM_001171223.1	27.0	S	0.0
Aaur_scaffold1851.g1.t1	Tcas_TC000424_001	27.0	S	0.0
Aaur_scaffold1851.g1.t1	Drer_ENSDART00000170593	27.0	S	0.0
Aaur_scaffold1851.g1.t1	Exapal_XM_021049473.2	27.0	S	0.0
Aaur_scaffold1851.g1.t1	Cgig_XM_011445847.3	27.0	S	0.0
Aaur_scaffold1851.g1.t1	Mmus_ENSMUST00000048026	27.0	S	0.0
Aaur_scaffold1851.g1.t1	Morvir_scaffold85.g37.t1	27.0	S	0.0
Aaur_scaffold1851.g1.t1	Mmus_ENSMUST00000142312	27.0	S	0.0
Aaur_scaffold1851.g1.t1	Spis_XP_022796023_1	27.0	S	0.0
Aaur_scaffold1851.g1.t1	Drer_ENSDART00000031700	27.0	S	0.0
Aaur_scaffold1851.g1.t1	Ctel_gnl_WGS_AMQN_CAPTEDRAFT_mRNA126009	27.0	S	0.0
Aaur_scaffold1851.g1.t1	Drer_ENSDART00000006043	27.0	S	0.0
Aaur_scaffold1851.g1.t1	Skow_NM_001168018.1	27.0	S	0.0
Aaur_scaffold1851.g1.t1	Drer_ENSDART00000046766	27.0	S	0.0
Aaur_scaffold1851.g1.t1	Drer_ENSDART00000014176	27.0	S	0.0
Aaur_scaffold1851.g1.t1	Drer_ENSDART00000127384	27.0	S	0.0
Aaur_scaffold1851.g1.t1	Hsap_ENST00000295886	27.0	S	0.0
Aaur_scaffold1851.g1.t1	Mmus_ENSMUST00000001608	27.0	S	0.0
Aaur_scaffold1851.g1.t1	Cgig_XM_011421520.3	27.0	S	0.0
Aaur_scaffold1851.g1.t1	Hsap_ENST00000249504	27.0	S	0.0
Aaur_scaffold1851.g1.t1	Drer_ENSDART00000082354	27.0	S	0.0
Aaur_scaffold1851.g1.t1	Bflo_XM_035844349.1	27.0	S	0.0
Aaur_scaffold1851.g1.t1	Mmus_ENSMUST00000063116	27.0	S	0.0
Aaur_scaffold1851.g1.t1	Apimel_XM_006559367	27.0	S	0.0
Aaur_scaffold1851.g1.t1	Hsap_ENST00000243056	27.0	S	0.0
Aaur_scaffold1851.g1.t1	Skow_NM_001164941.1	27.0	S	0.0
Aaur_scaffold1851.g1.t1	Spur_NM_214609.1	27.0	S	0.0
Aaur_scaffold1851.g1.t1	Apimel_XM_396835	27.0	S	0.0
Aaur_scaffold1851.g1.t1	Mmus_ENSMUST00000001711	27.0	S	0.0
Aaur_scaffold1851.g1.t1	Dmel_FBtr0084111	27.0	S	0.0
Aaur_scaffold1851.g1.t1	Gasp_gasp1.m3.3944.m1	27.0	S	0.0
Aaur_scaffold1851.g1.t1	Drer_ENSDART00000188819	27.0	S	0.0
Drer_ENSDART00000061716	Mmus_ENSMUST00000001536	100.0	S	0.0
Spis_XP_022804770_1	Mmus_ENSMUST00000067020	54.0	S	0.0
Drer_ENSDART00000170527	Chem_TCONS_00060494	100.0	S	0.0
Drer_ENSDART00000170527	Mmus_ENSMUST00000067075	100.0	S	0.0
Hsap_ENST00000381020	Xentro_ENSXETT00000050951	99.0	S	0.0
Mmus_ENSMUST00000027778	Mmus_ENSMUST00000072631	100.0	D	1.0
Fspp_ffun1.m4.14106.m1	Xentro_ENSXETT00000007133	4.0	S	0.0
Bflo_XM_035818196.1	Ctel_gnl_WGS_AMQN_CAPTEDRAFT_mRNA29749	100.0	S	0.0
Chem_TCONS_00023949	Fspp_ffun1.m4.25254.m1	97.0	S	0.0
Galgal_ENSGALT00000000373	Skow_XM_002733661.2	78.0	S	0.0
Hsap_ENST00000553456	Drer_ENSDART00000023674	100.0	S	0.0
Chem_TCONS_00054222	Galgal_ENSGALT00000069688	100.0	S	0.0
Chem_TCONS_00054222	Spur_NM_214561.2	100.0	S	0.0
Adig_XM_015914460.1	Aaur_scaffold389.g8.t1	98.0	S	0.0
Adig_XM_015914460.1	Fspp_ffun1.m4.26584.m1	98.0	S	0.0
Exapal_XM_021044606.2	Tadh_TriadT18102	95.0	S	0.0
Exapal_XM_021044606.2	Tcas_TC000483_001	95.0	S	0.0
Mmus_ENSMUST00000015723	Tadh_TriadT18102	95.0	S	0.0
Mmus_ENSMUST00000015723	Tcas_TC000483_001	95.0	S	0.0
Adig_XM_015915185.1	Adig_XM_015909101.1	100.0	D	1.0
Morvir_scaffold95.g3.t1	Hvul_g3831_1	99.0	S	0.0
Morvir_scaffold95.g3.t1	Fspp_ffun1.m4.1448.m1	99.0	S	0.0
Morvir_scaffold95.g3.t1	Gasp_gasp1.m3.2249.m1	99.0	S	0.0
Nvec_v1g80927	Gfas_gfas1.m1.19739.m1	95.0	S	0.0
Nvec_v1g80927	Adig_XM_015899313.1	95.0	S	0.0
Nvec_v1g80927	Fspp_ffun1.m4.23130.m1	95.0	S	0.0
Nvec_v1g80927	Tcas_TC031415_001	95.0	S	0.0
Nvec_v1g80927	Tcas_TC000917_001	95.0	S	0.0
Apimel_XM_016915684	Exapal_XM_021056281.2	91.0	S	0.0
Adig_XM_015902979.1	Spur_XM_030985857.1	99.0	S	0.0
Adig_XM_015902979.1	Xentro_ENSXETT00000104161	99.0	S	0.0
Hvul_g32708_1	Fspp_ffun1.m4.1445.m1	100.0	S	0.0
Hvul_g32708_1	Nvec_v1g101680	100.0	S	0.0
Hvul_g32708_1	Dgig_XM_028540495.1	100.0	S	0.0
Hsap_ENST00000382723	Morvir_scaffold273.g2.t1	99.0	S	0.0
Galgal_ENSGALT00000024209	Tcas_TC000920_001	97.0	S	0.0
Galgal_ENSGALT00000065242	Hsap_ENST00000239243	71.0	S	0.0
Galgal_ENSGALT00000065242	Nvec_v1g48313	71.0	S	0.0
Gasp_gasp1.m3.24581.m1	Xentro_ENSXETT00000065721	40.0	S	0.0
Gasp_gasp1.m3.24581.m1	Dgig_XM_028554263.1	40.0	S	0.0
Gasp_gasp1.m3.24581.m1	Fspp_ffun1.m4.11751.m1	40.0	S	0.0
Gasp_gasp1.m3.987.m1	Spis_XP_022794697_1	99.0	S	0.0
Aaur_scaffold529.g2.t1	Spur_XM_003727639.3	96.0	S	0.0
Aaur_scaffold529.g2.t1	Adig_XM_015912975.1	96.0	S	0.0
Dmel_FBtr0088095	Spur_XM_030985931.1	100.0	S	0.0
Drer_ENSDART00000166129	Dmel_FBtr0330386	50.0	S	0.0
Drer_ENSDART00000166129	Ctel_gnl_WGS_AMQN_CAPTEDRAFT_mRNA40416	50.0	S	0.0
Hsap_ENST00000283921	Hsap_ENST00000496902	100.0	D	1.0
Xentro_ENSXETT00000060604	Drer_ENSDART00000113087	63.0	S	0.0
Drer_ENSDART00000104612	Gasp_gasp1.m3.18420.m1	2.0	S	0.0
Drer_ENSDART00000104612	Mmus_ENSMUST00000046093	2.0	S	0.0
Drer_ENSDART00000104612	Tcas_TC012748_001	2.0	S	0.0
Fspp_ffun1.m4.29243.m1	Gasp_gasp1.m3.18420.m1	2.0	S	0.0
Fspp_ffun1.m4.29243.m1	Mmus_ENSMUST00000046093	2.0	S	0.0
Fspp_ffun1.m4.29243.m1	Tcas_TC012748_001	2.0	S	0.0
Hsap_ENST00000368592	Mmus_ENSMUST00000097974	87.0	S	0.0
Hhon_g07174.t1	Hsap_ENST00000326902	99.0	S	0.0
Fspp_ffun1.m4.1443.m1	Dmel_FBtr0075720	37.0	S	0.0
Fspp_ffun1.m4.1443.m1	Adig_XM_015903087.1	37.0	S	0.0
Fspp_ffun1.m4.1443.m1	Adig_XM_015905829.1	37.0	S	0.0
Fspp_ffun1.m4.1443.m1	Drer_ENSDART00000008468	37.0	S	0.0
Fspp_ffun1.m4.1442.m1	Galgal_ENSGALT00000010527	100.0	S	0.0
Drer_ENSDART00000059954	Gfas_gfas1.m1.7116.m1	100.0	S	0.0
Drer_ENSDART00000059954	Galgal_ENSGALT00000017555	100.0	S	0.0
Drer_ENSDART00000059954	Chem_TCONS_00047310	100.0	S	0.0
Drer_ENSDART00000059954	Xentro_ENSXETT00000060367	100.0	S	0.0
Dmel_FBtr0088068	Drer_ENSDART00000165196	100.0	S	0.0
Gfas_gfas1.m1.7118.m1	Spur_XM_776199.5	98.0	S	0.0
Gfas_gfas1.m1.7118.m1	Gasp_gasp1.m3.10375.m1	98.0	S	0.0
Gfas_gfas1.m1.7118.m1	Nvec_v1g57885	98.0	S	0.0
Gfas_gfas1.m1.7118.m1	Hsap_ENST00000240306	98.0	S	0.0
Aaur_scaffold1413.g2.t1	Exapal_XM_021051233.2	100.0	S	0.0
Hsap_ENST00000331462	Mmus_ENSMUST00000021922	100.0	S	0.0
Bflo_XM_035801577.1	Mmus_ENSMUST00000048794	55.0	S	0.0
Bflo_XM_035801577.1	Drer_ENSDART00000136415	55.0	S	0.0
Bflo_XM_035801577.1	Mmus_ENSMUST00000019117	55.0	S	0.0
Bflo_XM_035801577.1	Hsap_ENST00000239174	55.0	S	0.0
Bflo_XM_035801577.1	Skow_NM_001164900.1	55.0	S	0.0
Galgal_ENSGALT00000073841	Exapal_XM_021061837.2	73.0	S	0.0
Galgal_ENSGALT00000073841	Nvec_v1g91593	73.0	S	0.0
Apimel_XM_001122113	Galgal_ENSGALT00000075534	86.0	S	0.0
Apimel_XM_001122113	Drer_ENSDART00000031490	86.0	S	0.0
Galgal_ENSGALT00000078705	Mmus_ENSMUST00000040477	100.0	S	0.0
Galgal_ENSGALT00000078705	Exapal_XM_021038953.2	100.0	S	0.0
Adig_XM_015918179.1	Cgig_XM_011416152.3	99.0	S	0.0
Morvir_scaffold70.g42.t1	Hsap_ENST00000312492	100.0	S	0.0
Morvir_scaffold70.g42.t1	Hsap_ENST00000234198	100.0	S	0.0
Morvir_scaffold70.g42.t1	Mmus_ENSMUST00000041183	100.0	S	0.0
Xentro_ENSXETT00000050688	Hsap_ENST00000312492	100.0	S	0.0
Xentro_ENSXETT00000050688	Hsap_ENST00000234198	100.0	S	0.0
Xentro_ENSXETT00000050688	Mmus_ENSMUST00000041183	100.0	S	0.0
Mmus_ENSMUST00000057178	Gasp_gasp1.m3.12278.m1	98.0	S	0.0
Mmus_ENSMUST00000057178	Gasp_gasp1.m3.12691.m1	98.0	S	0.0
Mmus_ENSMUST00000057178	Spis_XP_022782910_1	98.0	S	0.0
Ctel_gnl_WGS_AMQN_CAPTEDRAFT_mRNA168122	Gasp_gasp1.m3.12278.m1	98.0	S	0.0
Ctel_gnl_WGS_AMQN_CAPTEDRAFT_mRNA168122	Gasp_gasp1.m3.12691.m1	98.0	S	0.0
Ctel_gnl_WGS_AMQN_CAPTEDRAFT_mRNA168122	Spis_XP_022782910_1	98.0	S	0.0
Dmel_FBtr0081625	Bflo_XM_035840858.1	97.0	S	0.0
Drer_ENSDART00000024256	Xentro_ENSXETT00000017635	93.0	S	0.0
Drer_ENSDART00000024256	Apimel_XM_001119904	93.0	S	0.0
Drer_ENSDART00000024256	Gfas_gfas1.m1.777.m1	93.0	S	0.0
Drer_ENSDART00000024256	Gfas_gfas1.m1.17647.m1	93.0	S	0.0
Drer_ENSDART00000025966	Xentro_ENSXETT00000017635	93.0	S	0.0
Drer_ENSDART00000025966	Apimel_XM_001119904	93.0	S	0.0
Drer_ENSDART00000025966	Gfas_gfas1.m1.777.m1	93.0	S	0.0
Drer_ENSDART00000025966	Gfas_gfas1.m1.17647.m1	93.0	S	0.0
Cgig_XM_011457262.3	Ctel_gnl_WGS_AMQN_CAPTEDRAFT_mRNA225442	100.0	S	0.0
Gfas_gfas1.m1.4550.m1	Mmus_ENSMUST00000047904	55.0	S	0.0
Gfas_gfas1.m1.4550.m1	Exapal_XM_021061872.2	55.0	S	0.0
Gfas_gfas1.m1.4550.m1	Nvec_v1g91378	55.0	S	0.0
Gfas_gfas1.m1.4550.m1	Hsap_ENST00000308618	55.0	S	0.0
Bflo_XM_035826124.1	Gasp_gasp1.m3.12193.m1	46.0	S	0.0
Bflo_XM_035826124.1	Hsap_ENST00000296921	46.0	S	0.0
Bflo_XM_035826124.1	Galgal_ENSGALT00000009108	46.0	S	0.0
Bflo_XM_035826124.1	Gasp_gasp1.m3.3946.m1	46.0	S	0.0
Bflo_XM_035826124.1	Nvec_v1g98238	46.0	S	0.0
Hsap_ENST00000370193	Morvir_scaffold27.g7.t1	100.0	S	0.0
Hsap_ENST00000370193	Xentro_ENSXETT00000089294	100.0	S	0.0
Skow_XM_002732004.2	Apimel_XM_026445909	100.0	S	0.0
Exapal_XM_021043043.2	Galgal_ENSGALT00000045446	100.0	S	0.0
Exapal_XM_021043043.2	Gfas_gfas1.m1.13647.m1	100.0	S	0.0
Exapal_XM_021043043.2	Galgal_ENSGALT00000072662	100.0	S	0.0
Exapal_XM_021043043.2	Aaur_scaffold329.g9.t1	100.0	S	0.0
Exapal_XM_021043043.2	Gfas_gfas1.m1.13639.m1	100.0	S	0.0
Exapal_XM_021043043.2	Adig_XM_015918181.1	100.0	S	0.0
Xesp_017090-T1	Hsap_ENST00000377142	100.0	S	0.0
Xesp_017090-T1	Spis_XP_022786406_1	100.0	S	0.0
Xesp_017090-T1	Aaur_scaffold919.g4.t1	100.0	S	0.0
Drer_ENSDART00000159746	Hsap_ENST00000377142	100.0	S	0.0
Drer_ENSDART00000159746	Spis_XP_022786406_1	100.0	S	0.0
Drer_ENSDART00000159746	Aaur_scaffold919.g4.t1	100.0	S	0.0
Tcas_TC032769_002	Dmel_FBtr0335152	60.0	S	0.0
Bflo_XM_035831872.1	Cgig_XM_011421958.3	52.0	S	0.0
Bflo_XM_035831872.1	Apimel_NM_001252430	52.0	S	0.0
Ctel_gnl_WGS_AMQN_CAPTEDRAFT_mRNA121761	Galgal_ENSGALT00000079346	99.0	S	0.0
Chem_TCONS_00060494	Mmus_ENSMUST00000067075	100.0	S	0.0
Spur_NM_214561.2	Galgal_ENSGALT00000069688	100.0	S	0.0
Fspp_ffun1.m4.26584.m1	Aaur_scaffold389.g8.t1	95.0	S	0.0
Mmus_ENSMUST00000015723	Exapal_XM_021044606.2	69.0	S	0.0
Tcas_TC000483_001	Tadh_TriadT18102	100.0	S	0.0
Fspp_ffun1.m4.1448.m1	Hvul_g3831_1	99.0	S	0.0
Fspp_ffun1.m4.1448.m1	Gasp_gasp1.m3.2249.m1	99.0	S	0.0
Spur_XM_030985857.1	Xentro_ENSXETT00000104161	99.0	S	0.0
Dgig_XM_028540495.1	Fspp_ffun1.m4.1445.m1	100.0	S	0.0
Dgig_XM_028540495.1	Nvec_v1g101680	100.0	S	0.0
Hsap_ENST00000239243	Nvec_v1g48313	100.0	S	0.0
Fspp_ffun1.m4.11751.m1	Xentro_ENSXETT00000065721	40.0	S	0.0
Fspp_ffun1.m4.11751.m1	Dgig_XM_028554263.1	40.0	S	0.0
Adig_XM_015912975.1	Spur_XM_003727639.3	100.0	S	0.0
Ctel_gnl_WGS_AMQN_CAPTEDRAFT_mRNA40416	Dmel_FBtr0330386	97.0	S	0.0
Galgal_ENSGALT00000054475	Xentro_ENSXETT00000046719	11.0	S	0.0
Galgal_ENSGALT00000054475	Drer_ENSDART00000015333	11.0	S	0.0
Xentro_ENSXETT00000076634	Drer_ENSDART00000082344	91.0	S	0.0
Xentro_ENSXETT00000076634	Tcas_TC014200_001	91.0	S	0.0
Drer_ENSDART00000104612	Fspp_ffun1.m4.29243.m1	4.0	S	0.0
Tcas_TC012748_001	Gasp_gasp1.m3.18420.m1	16.0	S	0.0
Tcas_TC012748_001	Mmus_ENSMUST00000046093	16.0	S	0.0
Dmel_FBtr0075720	Adig_XM_015903087.1	96.0	S	0.0
Dmel_FBtr0075720	Adig_XM_015905829.1	96.0	S	0.0
Dmel_FBtr0075720	Drer_ENSDART00000008468	96.0	S	0.0
Gfas_gfas1.m1.7116.m1	Galgal_ENSGALT00000017555	100.0	S	0.0
Gfas_gfas1.m1.7116.m1	Chem_TCONS_00047310	100.0	S	0.0
Gfas_gfas1.m1.7116.m1	Xentro_ENSXETT00000060367	100.0	S	0.0
Gasp_gasp1.m3.10375.m1	Spur_XM_776199.5	85.0	S	0.0
Gasp_gasp1.m3.10375.m1	Nvec_v1g57885	85.0	S	0.0
Gasp_gasp1.m3.10375.m1	Hsap_ENST00000240306	85.0	S	0.0
Drer_ENSDART00000017191	Galgal_ENSGALT00000046008	100.0	S	0.0
Drer_ENSDART00000017191	Dmel_FBtr0074430	100.0	S	0.0
Drer_ENSDART00000017191	Mmus_ENSMUST00000100523	100.0	S	0.0
Drer_ENSDART00000017191	Hsap_ENST00000330070	100.0	S	0.0
Dmel_FBtr0474171	Apimel_XM_016917155	100.0	S	0.0
Dmel_FBtr0474171	Gasp_gasp1.m3.3948.m1	100.0	S	0.0
Dmel_FBtr0474171	Xentro_ENSXETT00000001600	100.0	S	0.0
Exapal_XM_021061837.2	Nvec_v1g91593	100.0	S	0.0
Galgal_ENSGALT00000075534	Drer_ENSDART00000031490	100.0	S	0.0
Exapal_XM_021038953.2	Mmus_ENSMUST00000040477	100.0	S	0.0
Hsap_ENST00000229307	Gasp_gasp1.m3.12180.m1	100.0	S	0.0
Galgal_ENSGALT00000038779	Mmus_ENSMUST00000019749	96.0	S	0.0
Galgal_ENSGALT00000038779	Gasp_gasp1.m1b.2861.m1	96.0	S	0.0
Hsap_ENST00000354822	Ctel_gnl_WGS_AMQN_CAPTEDRAFT_mRNA219808	100.0	S	0.0
Morvir_scaffold70.g42.t1	Xentro_ENSXETT00000050688	100.0	S	0.0
Mmus_ENSMUST00000041183	Hsap_ENST00000312492	98.0	S	0.0
Mmus_ENSMUST00000041183	Hsap_ENST00000234198	98.0	S	0.0
Nvec_v1g89029	Hsap_ENST00000303460	100.0	S	0.0
Fspp_ffun1.m4.14099.m1	Drer_ENSDART00000169480	90.0	S	0.0
Fspp_ffun1.m4.14099.m1	Dgig_XM_028547339.1	90.0	S	0.0
Fspp_ffun1.m4.14099.m1	Drer_ENSDART00000082359	90.0	S	0.0
Fspp_ffun1.m4.14099.m1	Drer_ENSDART00000025449	90.0	S	0.0
Fspp_ffun1.m4.14099.m1	Nvec_v1g90956	90.0	S	0.0
Fspp_ffun1.m4.14099.m1	Chem_TCONS_00038629	90.0	S	0.0
Fspp_ffun1.m4.14099.m1	Hsap_ENST00000239151	90.0	S	0.0
Mmus_ENSMUST00000057178	Ctel_gnl_WGS_AMQN_CAPTEDRAFT_mRNA168122	100.0	S	0.0
Hsap_ENST00000233638	Skow_NM_001164909.1	100.0	S	0.0
Drer_ENSDART00000024256	Drer_ENSDART00000025966	71.0	D	1.0
Cgig_XM_011425274.3	Tcas_TC012136_001	100.0	S	0.0
Cgig_XM_011425274.3	Hsap_ENST00000222728	100.0	S	0.0
Cgig_XM_011425274.3	Mmus_ENSMUST00000062829	100.0	S	0.0
Bflo_XM_035832886.1	Tcas_TC015928_001	100.0	S	0.0
Bflo_XM_035832886.1	Apimel_XM_003249249	100.0	S	0.0
Bflo_XM_035832886.1	Xentro_ENSXETT00000050686	100.0	S	0.0
Bflo_XM_035832886.1	Xentro_ENSXETT00000100718	100.0	S	0.0
Bflo_XM_035832886.1	Drer_ENSDART00000130090	100.0	S	0.0
Mmus_ENSMUST00000160937	Apimel_XM_016917154	100.0	S	0.0
Mmus_ENSMUST00000160937	Gasp_gasp1.m3.21838.m1	100.0	S	0.0
Fspp_ffun1.m4.26587.m1	Dgig_XM_028538948.1	100.0	S	0.0
Fspp_ffun1.m4.26587.m1	Apimel_XM_026445701	100.0	S	0.0
Fspp_ffun1.m4.26587.m1	Dmel_FBtr0083347	100.0	S	0.0
Hsap_ENST00000006015	Dgig_XM_028538948.1	100.0	S	0.0
Hsap_ENST00000006015	Apimel_XM_026445701	100.0	S	0.0
Hsap_ENST00000006015	Dmel_FBtr0083347	100.0	S	0.0
Spur_NM_214560.1	Spis_XP_022804023_1	80.0	S	0.0
Spur_NM_214560.1	Galgal_ENSGALT00000082443	80.0	S	0.0
Spur_NM_214560.1	Xentro_ENSXETT00000050677	80.0	S	0.0
Spur_NM_214560.1	Drer_ENSDART00000190070	80.0	S	0.0
Spur_NM_214560.1	Hsap_ENST00000239144	80.0	S	0.0
Spur_NM_214560.1	Drer_ENSDART00000076154	80.0	S	0.0
Spur_NM_214560.1	Xentro_ENSXETT00000063401	80.0	S	0.0
Spur_NM_214560.1	Xentro_ENSXETT00000068002	80.0	S	0.0
Spur_NM_214560.1	Ctel_gnl_WGS_AMQN_CAPTEDRAFT_mRNA94879	80.0	S	0.0
Spur_NM_214560.1	Mmus_ENSMUST00000001703	80.0	S	0.0
Spur_NM_214560.1	Xentro_ENSXETT00000050682	80.0	S	0.0
Spur_NM_214560.1	Galgal_ENSGALT00000100823	80.0	S	0.0
Spur_NM_214560.1	Ctel_gnl_WGS_AMQN_CAPTEDRAFT_mRNA222072	80.0	S	0.0
Spur_NM_214560.1	Dmel_FBtr0081647	80.0	S	0.0
Spur_NM_214560.1	Gasp_gasp1.m3.24801.m1	80.0	S	0.0
Cgig_XM_011426481.3	Spis_XP_022804023_1	80.0	S	0.0
Cgig_XM_011426481.3	Galgal_ENSGALT00000082443	80.0	S	0.0
Cgig_XM_011426481.3	Xentro_ENSXETT00000050677	80.0	S	0.0
Cgig_XM_011426481.3	Drer_ENSDART00000190070	80.0	S	0.0
Cgig_XM_011426481.3	Hsap_ENST00000239144	80.0	S	0.0
Cgig_XM_011426481.3	Drer_ENSDART00000076154	80.0	S	0.0
Cgig_XM_011426481.3	Xentro_ENSXETT00000063401	80.0	S	0.0
Cgig_XM_011426481.3	Xentro_ENSXETT00000068002	80.0	S	0.0
Cgig_XM_011426481.3	Ctel_gnl_WGS_AMQN_CAPTEDRAFT_mRNA94879	80.0	S	0.0
Cgig_XM_011426481.3	Mmus_ENSMUST00000001703	80.0	S	0.0
Cgig_XM_011426481.3	Xentro_ENSXETT00000050682	80.0	S	0.0
Cgig_XM_011426481.3	Galgal_ENSGALT00000100823	80.0	S	0.0
Cgig_XM_011426481.3	Ctel_gnl_WGS_AMQN_CAPTEDRAFT_mRNA222072	80.0	S	0.0
Cgig_XM_011426481.3	Dmel_FBtr0081647	80.0	S	0.0
Cgig_XM_011426481.3	Gasp_gasp1.m3.24801.m1	80.0	S	0.0
Skow_XM_002730729.1	Spis_XP_022804023_1	80.0	S	0.0
Skow_XM_002730729.1	Galgal_ENSGALT00000082443	80.0	S	0.0
Skow_XM_002730729.1	Xentro_ENSXETT00000050677	80.0	S	0.0
Skow_XM_002730729.1	Drer_ENSDART00000190070	80.0	S	0.0
Skow_XM_002730729.1	Hsap_ENST00000239144	80.0	S	0.0
Skow_XM_002730729.1	Drer_ENSDART00000076154	80.0	S	0.0
Skow_XM_002730729.1	Xentro_ENSXETT00000063401	80.0	S	0.0
Skow_XM_002730729.1	Xentro_ENSXETT00000068002	80.0	S	0.0
Skow_XM_002730729.1	Ctel_gnl_WGS_AMQN_CAPTEDRAFT_mRNA94879	80.0	S	0.0
Skow_XM_002730729.1	Mmus_ENSMUST00000001703	80.0	S	0.0
Skow_XM_002730729.1	Xentro_ENSXETT00000050682	80.0	S	0.0
Skow_XM_002730729.1	Galgal_ENSGALT00000100823	80.0	S	0.0
Skow_XM_002730729.1	Ctel_gnl_WGS_AMQN_CAPTEDRAFT_mRNA222072	80.0	S	0.0
Skow_XM_002730729.1	Dmel_FBtr0081647	80.0	S	0.0
Skow_XM_002730729.1	Gasp_gasp1.m3.24801.m1	80.0	S	0.0
Mmus_ENSMUST00000047904	Exapal_XM_021061872.2	55.0	S	0.0
Mmus_ENSMUST00000047904	Nvec_v1g91378	55.0	S	0.0
Mmus_ENSMUST00000047904	Hsap_ENST00000308618	55.0	S	0.0
Nvec_v1g98238	Hsap_ENST00000296921	100.0	S	0.0
Nvec_v1g98238	Galgal_ENSGALT00000009108	100.0	S	0.0
Nvec_v1g98238	Gasp_gasp1.m3.3946.m1	100.0	S	0.0
Nvec_v1g98238	Gasp_gasp1.m3.12193.m1	100.0	S	0.0
Xentro_ENSXETT00000089294	Morvir_scaffold27.g7.t1	100.0	S	0.0
Drer_ENSDART00000159746	Xesp_017090-T1	100.0	S	0.0
Aaur_scaffold919.g4.t1	Hsap_ENST00000377142	91.0	S	0.0
Aaur_scaffold919.g4.t1	Spis_XP_022786406_1	91.0	S	0.0
Aaur_scaffold1387.g2.t1	Morvir_scaffold340.g1.t1	100.0	S	0.0
Aaur_scaffold1387.g2.t1	Nvec_v1g59496	100.0	S	0.0
Aaur_scaffold1387.g2.t1	Dgig_XM_028547334.1	100.0	S	0.0
Nvec_v1g80405	Skow_NM_001164896.1	100.0	S	0.0
Nvec_v1g80405	Cgig_XM_011414579.3	100.0	S	0.0
Nvec_v1g80405	Spis_XP_022784688_1	100.0	S	0.0
Nvec_v1g80405	Fspp_ffun1.m4.6493.m1	100.0	S	0.0
Nvec_v1g80405	Ctel_gnl_WGS_AMQN_CAPTEDRAFT_mRNA168125	100.0	S	0.0
Tcas_TC009469_001	Skow_NM_001164896.1	100.0	S	0.0
Tcas_TC009469_001	Cgig_XM_011414579.3	100.0	S	0.0
Tcas_TC009469_001	Spis_XP_022784688_1	100.0	S	0.0
Tcas_TC009469_001	Fspp_ffun1.m4.6493.m1	100.0	S	0.0
Tcas_TC009469_001	Ctel_gnl_WGS_AMQN_CAPTEDRAFT_mRNA168125	100.0	S	0.0
Apimel_NM_001252430	Cgig_XM_011421958.3	97.0	S	0.0
Gasp_gasp1.m3.2249.m1	Hvul_g3831_1	66.0	S	0.0
Fspp_ffun1.m4.23130.m1	Tcas_TC000917_001	100.0	S	0.0
Tcas_TC031415_001	Gfas_gfas1.m1.19739.m1	94.0	S	0.0
Tcas_TC031415_001	Adig_XM_015899313.1	94.0	S	0.0
Nvec_v1g101680	Fspp_ffun1.m4.1445.m1	96.0	S	0.0
Dgig_XM_028554263.1	Xentro_ENSXETT00000065721	48.0	S	0.0
Xentro_ENSXETT00000046719	Drer_ENSDART00000015333	100.0	S	0.0
Tcas_TC014200_001	Drer_ENSDART00000082344	100.0	S	0.0
Gasp_gasp1.m3.18420.m1	Mmus_ENSMUST00000046093	100.0	S	0.0
Galgal_ENSGALT00000017555	Chem_TCONS_00047310	100.0	S	0.0
Galgal_ENSGALT00000017555	Xentro_ENSXETT00000060367	100.0	S	0.0
Spur_XM_776199.5	Nvec_v1g57885	63.0	S	0.0
Spur_XM_776199.5	Hsap_ENST00000240306	63.0	S	0.0
Galgal_ENSGALT00000046008	Hsap_ENST00000330070	88.0	S	0.0
Galgal_ENSGALT00000046008	Dmel_FBtr0074430	88.0	S	0.0
Galgal_ENSGALT00000046008	Mmus_ENSMUST00000100523	88.0	S	0.0
Xentro_ENSXETT00000001600	Apimel_XM_016917155	100.0	S	0.0
Xentro_ENSXETT00000001600	Gasp_gasp1.m3.3948.m1	100.0	S	0.0
Hsap_ENST00000239174	Mmus_ENSMUST00000019117	100.0	S	0.0
Mmus_ENSMUST00000048794	Drer_ENSDART00000136415	93.0	S	0.0
Mmus_ENSMUST00000048794	Skow_NM_001164900.1	93.0	S	0.0
Mmus_ENSMUST00000019749	Gasp_gasp1.m1b.2861.m1	100.0	S	0.0
Hsap_ENST00000312492	Hsap_ENST00000234198	98.0	D	1.0
Gasp_gasp1.m3.12691.m1	Spis_XP_022782910_1	93.0	S	0.0
Dmel_FBtr0081621	Gasp_gasp1.m3.982.m1	100.0	S	0.0
Dmel_FBtr0081621	Ctel_gnl_WGS_AMQN_CAPTEDRAFT_mRNA41929	100.0	S	0.0
Bflo_XM_035801578.1	Mmus_ENSMUST00000026236	72.0	S	0.0
Bflo_XM_035801578.1	Nvec_v1g81163	72.0	S	0.0
Bflo_XM_035801578.1	Cgig_XM_034446789.1	72.0	S	0.0
Bflo_XM_035801578.1	Apimel_XM_001120208	72.0	S	0.0
Bflo_XM_035801578.1	Fspp_ffun1.m4.7310.m1	72.0	S	0.0
Bflo_XM_035801578.1	Galgal_ENSGALT00000038691	72.0	S	0.0
Bflo_XM_035801578.1	Dgig_XM_028535792.1	72.0	S	0.0
Bflo_XM_035801578.1	Drer_ENSDART00000078453	72.0	S	0.0
Bflo_XM_035801578.1	Dgig_XM_028553282.1	72.0	S	0.0
Bflo_XM_035801578.1	Mmus_ENSMUST00000000704	72.0	S	0.0
Bflo_XM_035801578.1	Xentro_ENSXETT00000016495	72.0	S	0.0
Bflo_XM_035801578.1	Xentro_ENSXETT00000003765	72.0	S	0.0
Bflo_XM_035801578.1	Cgig_XM_011435248.3	72.0	S	0.0
Bflo_XM_035801578.1	Dmel_FBtr0084037	72.0	S	0.0
Bflo_XM_035801578.1	Galgal_ENSGALT00000098611	72.0	S	0.0
Bflo_XM_035801578.1	Hsap_ENST00000306324	72.0	S	0.0
Bflo_XM_035801578.1	Tcas_TC034733_001	72.0	S	0.0
Bflo_XM_035801578.1	Hsap_ENST00000306318	72.0	S	0.0
Bflo_XM_035801578.1	Fspp_ffun1.m4.4260.m1	72.0	S	0.0
Skow_NM_001164913.1	Mmus_ENSMUST00000026236	72.0	S	0.0
Skow_NM_001164913.1	Nvec_v1g81163	72.0	S	0.0
Skow_NM_001164913.1	Cgig_XM_034446789.1	72.0	S	0.0
Skow_NM_001164913.1	Apimel_XM_001120208	72.0	S	0.0
Skow_NM_001164913.1	Fspp_ffun1.m4.7310.m1	72.0	S	0.0
Skow_NM_001164913.1	Galgal_ENSGALT00000038691	72.0	S	0.0
Skow_NM_001164913.1	Dgig_XM_028535792.1	72.0	S	0.0
Skow_NM_001164913.1	Drer_ENSDART00000078453	72.0	S	0.0
Skow_NM_001164913.1	Dgig_XM_028553282.1	72.0	S	0.0
Skow_NM_001164913.1	Mmus_ENSMUST00000000704	72.0	S	0.0
Skow_NM_001164913.1	Xentro_ENSXETT00000016495	72.0	S	0.0
Skow_NM_001164913.1	Xentro_ENSXETT00000003765	72.0	S	0.0
Skow_NM_001164913.1	Cgig_XM_011435248.3	72.0	S	0.0
Skow_NM_001164913.1	Dmel_FBtr0084037	72.0	S	0.0
Skow_NM_001164913.1	Galgal_ENSGALT00000098611	72.0	S	0.0
Skow_NM_001164913.1	Hsap_ENST00000306324	72.0	S	0.0
Skow_NM_001164913.1	Tcas_TC034733_001	72.0	S	0.0
Skow_NM_001164913.1	Hsap_ENST00000306318	72.0	S	0.0
Skow_NM_001164913.1	Fspp_ffun1.m4.4260.m1	72.0	S	0.0
Xentro_ENSXETT00000017635	Gfas_gfas1.m1.777.m1	94.0	S	0.0
Apimel_XM_001119904	Gfas_gfas1.m1.17647.m1	100.0	S	0.0
Tcas_TC012136_001	Hsap_ENST00000222728	85.0	S	0.0
Tcas_TC012136_001	Mmus_ENSMUST00000062829	85.0	S	0.0
Drer_ENSDART00000130090	Tcas_TC015928_001	97.0	S	0.0
Drer_ENSDART00000130090	Apimel_XM_003249249	97.0	S	0.0
Drer_ENSDART00000130090	Xentro_ENSXETT00000050686	97.0	S	0.0
Drer_ENSDART00000130090	Xentro_ENSXETT00000100718	97.0	S	0.0
Apimel_XM_016917154	Gasp_gasp1.m3.21838.m1	100.0	S	0.0
Hsap_ENST00000006015	Fspp_ffun1.m4.26587.m1	100.0	S	0.0
Dgig_XM_028538948.1	Dmel_FBtr0083347	100.0	S	0.0
Dgig_XM_028538948.1	Apimel_XM_026445701	100.0	S	0.0
Bflo_XM_035801584.1	Tcas_TC000912_001	73.0	S	0.0
Bflo_XM_035801584.1	Xesp_007812-T1	73.0	S	0.0
Bflo_XM_035801584.1	Gfas_gfas1.m1.775.m1	73.0	S	0.0
Mmus_ENSMUST00000036954	Skow_NM_001164943.1	78.0	S	0.0
Mmus_ENSMUST00000036954	Xentro_ENSXETT00000001611	78.0	S	0.0
Mmus_ENSMUST00000036954	Xentro_ENSXETT00000001606	78.0	S	0.0
Mmus_ENSMUST00000036954	Galgal_ENSGALT00000067000	78.0	S	0.0
Mmus_ENSMUST00000036954	Cgig_XM_011416143.3	78.0	S	0.0
Mmus_ENSMUST00000036954	Gfas_gfas1.m1.20981.m1	78.0	S	0.0
Mmus_ENSMUST00000036954	Nvec_v1g60933	78.0	S	0.0
Mmus_ENSMUST00000036954	Aaur_scaffold28.g36.t1	78.0	S	0.0
Mmus_ENSMUST00000036954	Galgal_ENSGALT00000050440	78.0	S	0.0
Dmel_FBtr0083384	Skow_NM_001164943.1	78.0	S	0.0
Dmel_FBtr0083384	Xentro_ENSXETT00000001611	78.0	S	0.0
Dmel_FBtr0083384	Xentro_ENSXETT00000001606	78.0	S	0.0
Dmel_FBtr0083384	Galgal_ENSGALT00000067000	78.0	S	0.0
Dmel_FBtr0083384	Cgig_XM_011416143.3	78.0	S	0.0
Dmel_FBtr0083384	Gfas_gfas1.m1.20981.m1	78.0	S	0.0
Dmel_FBtr0083384	Nvec_v1g60933	78.0	S	0.0
Dmel_FBtr0083384	Aaur_scaffold28.g36.t1	78.0	S	0.0
Dmel_FBtr0083384	Galgal_ENSGALT00000050440	78.0	S	0.0
Skow_XM_002730729.1	Spur_NM_214560.1	83.0	S	0.0
Skow_XM_002730729.1	Cgig_XM_011426481.3	83.0	S	0.0
Nvec_v1g91378	Exapal_XM_021061872.2	77.0	S	0.0
Nvec_v1g91378	Hsap_ENST00000308618	77.0	S	0.0
Hsap_ENST00000296921	Galgal_ENSGALT00000009108	100.0	S	0.0
Hsap_ENST00000296921	Gasp_gasp1.m3.3946.m1	100.0	S	0.0
Hsap_ENST00000296921	Gasp_gasp1.m3.12193.m1	100.0	S	0.0
Adig_XM_015918181.1	Gfas_gfas1.m1.13647.m1	100.0	S	0.0
Adig_XM_015918181.1	Aaur_scaffold329.g9.t1	100.0	S	0.0
Adig_XM_015918181.1	Gfas_gfas1.m1.13639.m1	100.0	S	0.0
Adig_XM_015918181.1	Galgal_ENSGALT00000045446	100.0	S	0.0
Hsap_ENST00000377142	Spis_XP_022786406_1	99.0	S	0.0
Nvec_v1g59496	Morvir_scaffold340.g1.t1	100.0	S	0.0
Nvec_v1g59496	Dgig_XM_028547334.1	100.0	S	0.0
Nvec_v1g80405	Tcas_TC009469_001	100.0	S	0.0
Cgig_XM_011414579.3	Skow_NM_001164896.1	100.0	S	0.0
Cgig_XM_011414579.3	Fspp_ffun1.m4.6493.m1	100.0	S	0.0
Cgig_XM_011414579.3	Spis_XP_022784688_1	100.0	S	0.0
Cgig_XM_011414579.3	Ctel_gnl_WGS_AMQN_CAPTEDRAFT_mRNA168125	100.0	S	0.0
Exapal_XM_021037513.2	Hvul_g18245_1	99.0	S	0.0
Exapal_XM_021037513.2	Nvec_v1g128296	99.0	S	0.0
Exapal_XM_021037513.2	Galgal_ENSGALT00000039481	99.0	S	0.0
Exapal_XM_021037513.2	Spis_XP_022804456_1	99.0	S	0.0
Exapal_XM_021037513.2	Drer_ENSDART00000114973	99.0	S	0.0
Exapal_XM_021037513.2	Bflo_XM_035801524.1	99.0	S	0.0
Exapal_XM_021037513.2	Ctel_gnl_WGS_AMQN_CAPTEDRAFT_mRNA30886	99.0	S	0.0
Gasp_gasp1.m3.27866.m1	Hvul_g18245_1	99.0	S	0.0
Gasp_gasp1.m3.27866.m1	Nvec_v1g128296	99.0	S	0.0
Gasp_gasp1.m3.27866.m1	Galgal_ENSGALT00000039481	99.0	S	0.0
Gasp_gasp1.m3.27866.m1	Spis_XP_022804456_1	99.0	S	0.0
Gasp_gasp1.m3.27866.m1	Drer_ENSDART00000114973	99.0	S	0.0
Gasp_gasp1.m3.27866.m1	Bflo_XM_035801524.1	99.0	S	0.0
Gasp_gasp1.m3.27866.m1	Ctel_gnl_WGS_AMQN_CAPTEDRAFT_mRNA30886	99.0	S	0.0
Gfas_gfas1.m1.855.m1	Spur_NM_214609.1	100.0	S	0.0
Gfas_gfas1.m1.855.m1	Gasp_gasp1.m3.4132.m1	100.0	S	0.0
Gfas_gfas1.m1.855.m1	Ctel_gnl_WGS_AMQN_CAPTEDRAFT_mRNA149640	100.0	S	0.0
Skow_NM_001164942.1	Spur_NM_214609.1	100.0	S	0.0
Skow_NM_001164942.1	Gasp_gasp1.m3.4132.m1	100.0	S	0.0
Skow_NM_001164942.1	Ctel_gnl_WGS_AMQN_CAPTEDRAFT_mRNA149640	100.0	S	0.0
Adig_XM_015899313.1	Gfas_gfas1.m1.19739.m1	96.0	S	0.0
Adig_XM_015903087.1	Drer_ENSDART00000008468	95.0	S	0.0
Xentro_ENSXETT00000060367	Chem_TCONS_00047310	100.0	S	0.0
Hsap_ENST00000240306	Nvec_v1g57885	73.0	S	0.0
Dmel_FBtr0074430	Hsap_ENST00000330070	72.0	S	0.0
Dmel_FBtr0074430	Mmus_ENSMUST00000100523	72.0	S	0.0
Gasp_gasp1.m3.3948.m1	Apimel_XM_016917155	100.0	S	0.0
Skow_NM_001164900.1	Drer_ENSDART00000136415	100.0	S	0.0
Ctel_gnl_WGS_AMQN_CAPTEDRAFT_mRNA41929	Gasp_gasp1.m3.982.m1	98.0	S	0.0
Bflo_XM_035801578.1	Skow_NM_001164913.1	80.0	S	0.0
Mmus_ENSMUST00000062829	Hsap_ENST00000222728	100.0	S	0.0
Apimel_XM_026445701	Dmel_FBtr0083347	100.0	S	0.0
Xesp_007812-T1	Tcas_TC000912_001	100.0	S	0.0
Xesp_007812-T1	Gfas_gfas1.m1.775.m1	100.0	S	0.0
Dmel_FBtr0083384	Mmus_ENSMUST00000036954	100.0	S	0.0
Cgig_XM_011426481.3	Spur_NM_214560.1	100.0	S	0.0
Hsap_ENST00000308618	Exapal_XM_021061872.2	100.0	S	0.0
Morvir_scaffold340.g1.t1	Dgig_XM_028547334.1	100.0	S	0.0
Ctel_gnl_WGS_AMQN_CAPTEDRAFT_mRNA168125	Skow_NM_001164896.1	100.0	S	0.0
Ctel_gnl_WGS_AMQN_CAPTEDRAFT_mRNA168125	Fspp_ffun1.m4.6493.m1	100.0	S	0.0
Ctel_gnl_WGS_AMQN_CAPTEDRAFT_mRNA168125	Spis_XP_022784688_1	100.0	S	0.0
Drer_ENSDART00000186290	Drer_ENSDART00000188612	97.0	D	1.0
Gasp_gasp1.m1b.6286.m1	Drer_ENSDART00000133457	100.0	S	0.0
Gasp_gasp1.m1b.6286.m1	Skow_NM_001164937.1	100.0	S	0.0
Xentro_ENSXETT00000072778	Drer_ENSDART00000133457	100.0	S	0.0
Xentro_ENSXETT00000072778	Skow_NM_001164937.1	100.0	S	0.0
Gasp_gasp1.m3.27866.m1	Exapal_XM_021037513.2	100.0	S	0.0
Bflo_XM_035801524.1	Hvul_g18245_1	100.0	S	0.0
Bflo_XM_035801524.1	Nvec_v1g128296	100.0	S	0.0
Bflo_XM_035801524.1	Galgal_ENSGALT00000039481	100.0	S	0.0
Bflo_XM_035801524.1	Spis_XP_022804456_1	100.0	S	0.0
Bflo_XM_035801524.1	Drer_ENSDART00000114973	100.0	S	0.0
Bflo_XM_035801524.1	Ctel_gnl_WGS_AMQN_CAPTEDRAFT_mRNA30886	100.0	S	0.0
Drer_ENSDART00000160240	Cgig_XM_011445847.3	77.0	S	0.0
Drer_ENSDART00000160240	Dmel_FBtr0084111	77.0	S	0.0
Drer_ENSDART00000160240	Galgal_ENSGALT00000078475	77.0	S	0.0
Drer_ENSDART00000160240	Mmus_ENSMUST00000048026	77.0	S	0.0
Drer_ENSDART00000006043	Cgig_XM_011445847.3	77.0	S	0.0
Drer_ENSDART00000006043	Dmel_FBtr0084111	77.0	S	0.0
Drer_ENSDART00000006043	Galgal_ENSGALT00000078475	77.0	S	0.0
Drer_ENSDART00000006043	Mmus_ENSMUST00000048026	77.0	S	0.0
Bflo_XM_035844330.1	Bflo_XM_035802726.1	78.0	D	1.0
Skow_NM_001164942.1	Gfas_gfas1.m1.855.m1	85.0	S	0.0
Gasp_gasp1.m3.4132.m1	Ctel_gnl_WGS_AMQN_CAPTEDRAFT_mRNA149640	75.0	S	0.0
Gasp_gasp1.m3.4132.m1	Spur_NM_214609.1	75.0	S	0.0
Hsap_ENST00000330070	Mmus_ENSMUST00000100523	100.0	S	0.0
Hsap_ENST00000400677	Xesp_022121-T1	100.0	S	0.0
Hsap_ENST00000400677	Mmus_ENSMUST00000114434	100.0	S	0.0
Cgig_XM_011424455.3	Xesp_022121-T1	100.0	S	0.0
Cgig_XM_011424455.3	Mmus_ENSMUST00000114434	100.0	S	0.0
Bflo_XM_035819204.1	Xentro_ENSXETT00000047547	100.0	S	0.0
Bflo_XM_035819204.1	Nvec_v1g58683	100.0	S	0.0
Bflo_XM_035819204.1	Mmus_ENSMUST00000055334	100.0	S	0.0
Bflo_XM_035819204.1	Nvec_v1g129868	100.0	S	0.0
Drer_ENSDART00000025449	Nvec_v1g90956	100.0	S	0.0
Chem_TCONS_00038629	Drer_ENSDART00000082359	91.0	S	0.0
Chem_TCONS_00038629	Hsap_ENST00000239151	91.0	S	0.0
Chem_TCONS_00038629	Dgig_XM_028547339.1	91.0	S	0.0
Fspp_ffun1.m4.7310.m1	Dgig_XM_028535792.1	100.0	S	0.0
Fspp_ffun1.m4.7310.m1	Galgal_ENSGALT00000098611	100.0	S	0.0
Fspp_ffun1.m4.7310.m1	Cgig_XM_034446789.1	100.0	S	0.0
Fspp_ffun1.m4.7310.m1	Tcas_TC034733_001	100.0	S	0.0
Fspp_ffun1.m4.7310.m1	Apimel_XM_001120208	100.0	S	0.0
Drer_ENSDART00000078453	Dgig_XM_028535792.1	100.0	S	0.0
Drer_ENSDART00000078453	Galgal_ENSGALT00000098611	100.0	S	0.0
Drer_ENSDART00000078453	Cgig_XM_034446789.1	100.0	S	0.0
Drer_ENSDART00000078453	Tcas_TC034733_001	100.0	S	0.0
Drer_ENSDART00000078453	Apimel_XM_001120208	100.0	S	0.0
Nvec_v1g81163	Dgig_XM_028535792.1	100.0	S	0.0
Nvec_v1g81163	Galgal_ENSGALT00000098611	100.0	S	0.0
Nvec_v1g81163	Cgig_XM_034446789.1	100.0	S	0.0
Nvec_v1g81163	Tcas_TC034733_001	100.0	S	0.0
Nvec_v1g81163	Apimel_XM_001120208	100.0	S	0.0
Mmus_ENSMUST00000000704	Dgig_XM_028535792.1	100.0	S	0.0
Mmus_ENSMUST00000000704	Galgal_ENSGALT00000098611	100.0	S	0.0
Mmus_ENSMUST00000000704	Cgig_XM_034446789.1	100.0	S	0.0
Mmus_ENSMUST00000000704	Tcas_TC034733_001	100.0	S	0.0
Mmus_ENSMUST00000000704	Apimel_XM_001120208	100.0	S	0.0
Xentro_ENSXETT00000100718	Tcas_TC015928_001	97.0	S	0.0
Xentro_ENSXETT00000100718	Apimel_XM_003249249	97.0	S	0.0
Gfas_gfas1.m1.775.m1	Tcas_TC000912_001	46.0	S	0.0
Aaur_scaffold28.g36.t1	Nvec_v1g60933	100.0	S	0.0
Aaur_scaffold28.g36.t1	Cgig_XM_011416143.3	100.0	S	0.0
Aaur_scaffold28.g36.t1	Skow_NM_001164943.1	100.0	S	0.0
Aaur_scaffold28.g36.t1	Galgal_ENSGALT00000050440	100.0	S	0.0
Galgal_ENSGALT00000082443	Xentro_ENSXETT00000068002	73.0	S	0.0
Galgal_ENSGALT00000082443	Dmel_FBtr0081647	73.0	S	0.0
Galgal_ENSGALT00000082443	Mmus_ENSMUST00000001703	73.0	S	0.0
Gasp_gasp1.m3.24801.m1	Galgal_ENSGALT00000100823	100.0	S	0.0
Gasp_gasp1.m3.24801.m1	Ctel_gnl_WGS_AMQN_CAPTEDRAFT_mRNA222072	100.0	S	0.0
Gasp_gasp1.m3.24801.m1	Spis_XP_022804023_1	100.0	S	0.0
Gasp_gasp1.m3.12193.m1	Galgal_ENSGALT00000009108	100.0	S	0.0
Gfas_gfas1.m1.13647.m1	Aaur_scaffold329.g9.t1	100.0	S	0.0
Gfas_gfas1.m1.13647.m1	Galgal_ENSGALT00000045446	100.0	S	0.0
Spis_XP_022784688_1	Skow_NM_001164896.1	100.0	S	0.0
Spis_XP_022784688_1	Fspp_ffun1.m4.6493.m1	100.0	S	0.0
Gasp_gasp1.m1b.6286.m1	Xentro_ENSXETT00000072778	100.0	S	0.0
Drer_ENSDART00000133457	Skow_NM_001164937.1	100.0	S	0.0
Drer_ENSDART00000114973	Hvul_g18245_1	100.0	S	0.0
Drer_ENSDART00000114973	Nvec_v1g128296	100.0	S	0.0
Drer_ENSDART00000114973	Galgal_ENSGALT00000039481	100.0	S	0.0
Drer_ENSDART00000114973	Spis_XP_022804456_1	100.0	S	0.0
Drer_ENSDART00000114973	Ctel_gnl_WGS_AMQN_CAPTEDRAFT_mRNA30886	100.0	S	0.0
Drer_ENSDART00000006043	Drer_ENSDART00000160240	69.0	D	1.0
Dmel_FBtr0084111	Cgig_XM_011445847.3	91.0	S	0.0
Dmel_FBtr0084111	Galgal_ENSGALT00000078475	91.0	S	0.0
Dmel_FBtr0084111	Mmus_ENSMUST00000048026	91.0	S	0.0
Ctel_gnl_WGS_AMQN_CAPTEDRAFT_mRNA183448	Fspp_ffun1.m4.12105.m1	100.0	S	0.0
Ctel_gnl_WGS_AMQN_CAPTEDRAFT_mRNA183448	Cgig_XM_011445848.3	100.0	S	0.0
Ctel_gnl_WGS_AMQN_CAPTEDRAFT_mRNA183448	Xentro_ENSXETT00000097247	100.0	S	0.0
Ctel_gnl_WGS_AMQN_CAPTEDRAFT_mRNA183448	Skow_XM_006820387.1	100.0	S	0.0
Drer_ENSDART00000014176	Hsap_ENST00000249504	100.0	S	0.0
Drer_ENSDART00000014176	Mmus_ENSMUST00000142312	100.0	S	0.0
Drer_ENSDART00000014176	Hsap_ENST00000243103	100.0	S	0.0
Drer_ENSDART00000014176	Xentro_ENSXETT00000060673	100.0	S	0.0
Bflo_XM_035844325.1	Xentro_ENSXETT00000016487	100.0	S	0.0
Bflo_XM_035844325.1	Fspp_ffun1.m4.4455.m1	100.0	S	0.0
Bflo_XM_035844325.1	Cgig_XM_011421520.3	100.0	S	0.0
Bflo_XM_035844325.1	Hsap_ENST00000290295	100.0	S	0.0
Bflo_XM_035844325.1	Galgal_ENSGALT00000078912	100.0	S	0.0
Bflo_XM_035844325.1	Mmus_ENSMUST00000047993	100.0	S	0.0
Bflo_XM_035844325.1	Galgal_ENSGALT00000045192	100.0	S	0.0
Bflo_XM_035844325.1	Hsap_ENST00000243056	100.0	S	0.0
Bflo_XM_035844325.1	Skow_NM_001171223.1	100.0	S	0.0
Bflo_XM_035844325.1	Hsap_ENST00000392539	100.0	S	0.0
Bflo_XM_035844325.1	Mmus_ENSMUST00000022646	100.0	S	0.0
Bflo_XM_035844325.1	Apimel_XM_396835	100.0	S	0.0
Bflo_XM_035844325.1	Exapal_XM_021049473.2	100.0	S	0.0
Bflo_XM_035844325.1	Mmus_ENSMUST00000001711	100.0	S	0.0
Bflo_XM_035844325.1	Morvir_scaffold85.g37.t1	100.0	S	0.0
Bflo_XM_035844325.1	Hsap_ENST00000649031	100.0	S	0.0
Bflo_XM_035844325.1	Drer_ENSDART00000188819	100.0	S	0.0
Bflo_XM_035844325.1	Spis_XP_022796023_1	100.0	S	0.0
Bflo_XM_035844325.1	Drer_ENSDART00000078428	100.0	S	0.0
Bflo_XM_035844325.1	Spur_NM_214635.1	100.0	S	0.0
Bflo_XM_035844325.1	Drer_ENSDART00000171610	100.0	S	0.0
Spur_NM_214609.1	Ctel_gnl_WGS_AMQN_CAPTEDRAFT_mRNA149640	61.0	S	0.0
Ctel_gnl_WGS_AMQN_CAPTEDRAFT_mRNA126009	Bflo_XM_035818195.1	100.0	S	0.0
Ctel_gnl_WGS_AMQN_CAPTEDRAFT_mRNA126009	Tcas_TC000424_001	100.0	S	0.0
Skow_NM_001164941.1	Mmus_ENSMUST00000062437	99.0	S	0.0
Hsap_ENST00000400677	Cgig_XM_011424455.3	85.0	S	0.0
Xesp_022121-T1	Mmus_ENSMUST00000114434	100.0	S	0.0
Xentro_ENSXETT00000047547	Nvec_v1g58683	35.0	S	0.0
Xentro_ENSXETT00000047547	Mmus_ENSMUST00000055334	35.0	S	0.0
Xentro_ENSXETT00000047547	Nvec_v1g129868	35.0	S	0.0
Mmus_ENSMUST00000049272	Xentro_ENSXETT00000099847	99.0	S	0.0
Xesp_013922-T1	Mmus_ENSMUST00000047830	100.0	S	0.0
Xesp_013922-T1	Mmus_ENSMUST00000037119	100.0	S	0.0
Dgig_XM_028547339.1	Drer_ENSDART00000082359	99.0	S	0.0
Dgig_XM_028547339.1	Hsap_ENST00000239151	99.0	S	0.0
Mmus_ENSMUST00000000704	Drer_ENSDART00000078453	100.0	S	0.0
Mmus_ENSMUST00000000704	Nvec_v1g81163	100.0	S	0.0
Mmus_ENSMUST00000000704	Fspp_ffun1.m4.7310.m1	100.0	S	0.0
Apimel_XM_001120208	Cgig_XM_034446789.1	98.0	S	0.0
Apimel_XM_001120208	Dgig_XM_028535792.1	98.0	S	0.0
Apimel_XM_001120208	Tcas_TC034733_001	98.0	S	0.0
Apimel_XM_001120208	Galgal_ENSGALT00000098611	98.0	S	0.0
Dmel_FBtr0084037	Xentro_ENSXETT00000016495	100.0	S	0.0
Dmel_FBtr0084037	Fspp_ffun1.m4.4260.m1	100.0	S	0.0
Dmel_FBtr0084037	Cgig_XM_011435248.3	100.0	S	0.0
Dgig_XM_028553282.1	Xentro_ENSXETT00000016495	100.0	S	0.0
Dgig_XM_028553282.1	Fspp_ffun1.m4.4260.m1	100.0	S	0.0
Dgig_XM_028553282.1	Cgig_XM_011435248.3	100.0	S	0.0
Apimel_XM_003249249	Tcas_TC015928_001	100.0	S	0.0
Xentro_ENSXETT00000001606	Galgal_ENSGALT00000067000	86.0	S	0.0
Xentro_ENSXETT00000001606	Gfas_gfas1.m1.20981.m1	86.0	S	0.0
Skow_NM_001164943.1	Nvec_v1g60933	95.0	S	0.0
Skow_NM_001164943.1	Cgig_XM_011416143.3	95.0	S	0.0
Skow_NM_001164943.1	Galgal_ENSGALT00000050440	95.0	S	0.0
Dmel_FBtr0081647	Xentro_ENSXETT00000068002	73.0	S	0.0
Dmel_FBtr0081647	Mmus_ENSMUST00000001703	73.0	S	0.0
Galgal_ENSGALT00000100823	Spis_XP_022804023_1	99.0	S	0.0
Galgal_ENSGALT00000100823	Ctel_gnl_WGS_AMQN_CAPTEDRAFT_mRNA222072	99.0	S	0.0
Ctel_gnl_WGS_AMQN_CAPTEDRAFT_mRNA94879	Drer_ENSDART00000076154	100.0	S	0.0
Galgal_ENSGALT00000045446	Aaur_scaffold329.g9.t1	100.0	S	0.0
Fspp_ffun1.m4.6493.m1	Skow_NM_001164896.1	100.0	S	0.0
Hvul_g18245_1	Galgal_ENSGALT00000039481	100.0	S	0.0
Hvul_g18245_1	Spis_XP_022804456_1	100.0	S	0.0
Hvul_g18245_1	Nvec_v1g128296	100.0	S	0.0
Ctel_gnl_WGS_AMQN_CAPTEDRAFT_mRNA30886	Galgal_ENSGALT00000039481	100.0	S	0.0
Ctel_gnl_WGS_AMQN_CAPTEDRAFT_mRNA30886	Spis_XP_022804456_1	100.0	S	0.0
Ctel_gnl_WGS_AMQN_CAPTEDRAFT_mRNA30886	Nvec_v1g128296	100.0	S	0.0
Galgal_ENSGALT00000078475	Cgig_XM_011445847.3	100.0	S	0.0
Galgal_ENSGALT00000078475	Mmus_ENSMUST00000048026	100.0	S	0.0
Fspp_ffun1.m4.12105.m1	Cgig_XM_011445848.3	20.0	S	0.0
Fspp_ffun1.m4.12105.m1	Xentro_ENSXETT00000097247	20.0	S	0.0
Skow_XM_006820387.1	Cgig_XM_011445848.3	20.0	S	0.0
Skow_XM_006820387.1	Xentro_ENSXETT00000097247	20.0	S	0.0
Xentro_ENSXETT00000060673	Hsap_ENST00000249504	100.0	S	0.0
Xentro_ENSXETT00000060673	Mmus_ENSMUST00000142312	100.0	S	0.0
Xentro_ENSXETT00000060673	Hsap_ENST00000243103	100.0	S	0.0
Drer_ENSDART00000082339	Skow_XM_006815656.1	99.0	S	0.0
Drer_ENSDART00000082339	Mmus_ENSMUST00000001878	99.0	S	0.0
Drer_ENSDART00000082339	Hsap_ENST00000406506	99.0	S	0.0
Tcas_TC000424_001	Bflo_XM_035818195.1	100.0	S	0.0
Spis_XP_022794681_1	Drer_ENSDART00000127384	100.0	S	0.0
Spis_XP_022794681_1	Tcas_TC000889_002	100.0	S	0.0
Mmus_ENSMUST00000001608	Ctel_gnl_WGS_AMQN_CAPTEDRAFT_mRNA70154	61.0	S	0.0
Mmus_ENSMUST00000001608	Drer_ENSDART00000011520	61.0	S	0.0
Gasp_gasp1.m3.3944.m1	Bflo_XM_035801576.1	90.0	S	0.0
Gasp_gasp1.m3.3944.m1	Bflo_XM_035844336.1	90.0	S	0.0
Mmus_ENSMUST00000037119	Mmus_ENSMUST00000047830	100.0	D	1.0
Hsap_ENST00000239151	Drer_ENSDART00000082359	99.0	S	0.0
Drer_ENSDART00000078453	Nvec_v1g81163	100.0	S	0.0
Drer_ENSDART00000078453	Fspp_ffun1.m4.7310.m1	100.0	S	0.0
Tcas_TC034733_001	Cgig_XM_034446789.1	74.0	S	0.0
Tcas_TC034733_001	Dgig_XM_028535792.1	74.0	S	0.0
Galgal_ENSGALT00000098611	Cgig_XM_034446789.1	74.0	S	0.0
Galgal_ENSGALT00000098611	Dgig_XM_028535792.1	74.0	S	0.0
Dmel_FBtr0084037	Dgig_XM_028553282.1	100.0	S	0.0
Xentro_ENSXETT00000016495	Fspp_ffun1.m4.4260.m1	100.0	S	0.0
Xentro_ENSXETT00000016495	Cgig_XM_011435248.3	100.0	S	0.0
Galgal_ENSGALT00000038691	Mmus_ENSMUST00000026236	100.0	S	0.0
Galgal_ENSGALT00000038691	Xentro_ENSXETT00000003765	100.0	S	0.0
Galgal_ENSGALT00000038691	Hsap_ENST00000306324	100.0	S	0.0
Galgal_ENSGALT00000067000	Gfas_gfas1.m1.20981.m1	100.0	S	0.0
Galgal_ENSGALT00000050440	Nvec_v1g60933	54.0	S	0.0
Galgal_ENSGALT00000050440	Cgig_XM_011416143.3	54.0	S	0.0
Xentro_ENSXETT00000068002	Mmus_ENSMUST00000001703	100.0	S	0.0
Ctel_gnl_WGS_AMQN_CAPTEDRAFT_mRNA222072	Spis_XP_022804023_1	100.0	S	0.0
Drer_ENSDART00000190070	Xentro_ENSXETT00000063401	94.0	S	0.0
Hsap_ENST00000239144	Xentro_ENSXETT00000050677	100.0	S	0.0
Hvul_g18245_1	Ctel_gnl_WGS_AMQN_CAPTEDRAFT_mRNA30886	100.0	S	0.0
Nvec_v1g128296	Galgal_ENSGALT00000039481	79.0	S	0.0
Nvec_v1g128296	Spis_XP_022804456_1	79.0	S	0.0
Cgig_XM_011445847.3	Mmus_ENSMUST00000048026	100.0	S	0.0
Fspp_ffun1.m4.12105.m1	Skow_XM_006820387.1	100.0	S	0.0
Xentro_ENSXETT00000097247	Cgig_XM_011445848.3	61.0	S	0.0
Skow_XM_006815656.1	Mmus_ENSMUST00000001878	100.0	S	0.0
Skow_XM_006815656.1	Hsap_ENST00000406506	100.0	S	0.0
Xentro_ENSXETT00000016487	Galgal_ENSGALT00000078912	99.0	S	0.0
Xentro_ENSXETT00000016487	Drer_ENSDART00000188819	99.0	S	0.0
Xentro_ENSXETT00000016487	Hsap_ENST00000392539	99.0	S	0.0
Drer_ENSDART00000127384	Tcas_TC000889_002	100.0	S	0.0
Drer_ENSDART00000011520	Ctel_gnl_WGS_AMQN_CAPTEDRAFT_mRNA70154	99.0	S	0.0
Bflo_XM_035801576.1	Bflo_XM_035844336.1	82.0	D	1.0
Skow_XM_006811515.1	Galgal_ENSGALT00000060359	100.0	S	0.0
Nvec_v1g58683	Mmus_ENSMUST00000055334	100.0	S	0.0
Nvec_v1g81163	Fspp_ffun1.m4.7310.m1	100.0	S	0.0
Galgal_ENSGALT00000098611	Tcas_TC034733_001	99.0	S	0.0
Cgig_XM_034446789.1	Dgig_XM_028535792.1	100.0	S	0.0
Fspp_ffun1.m4.4260.m1	Cgig_XM_011435248.3	100.0	S	0.0
Xentro_ENSXETT00000003765	Mmus_ENSMUST00000026236	100.0	S	0.0
Xentro_ENSXETT00000003765	Hsap_ENST00000306324	100.0	S	0.0
Cgig_XM_011416143.3	Nvec_v1g60933	100.0	S	0.0
Galgal_ENSGALT00000039481	Spis_XP_022804456_1	79.0	S	0.0
Hsap_ENST00000249504	Mmus_ENSMUST00000142312	100.0	S	0.0
Hsap_ENST00000406506	Mmus_ENSMUST00000001878	100.0	S	0.0
Adig_XM_015917756.1	Drer_ENSDART00000111227	95.0	S	0.0
Adig_XM_015917756.1	Xentro_ENSXETT00000050671	95.0	S	0.0
Adig_XM_015917756.1	Hsap_ENST00000648378	95.0	S	0.0
Galgal_ENSGALT00000078912	Drer_ENSDART00000188819	94.0	S	0.0
Galgal_ENSGALT00000078912	Hsap_ENST00000392539	94.0	S	0.0
Mmus_ENSMUST00000022646	Skow_NM_001171223.1	100.0	S	0.0
Mmus_ENSMUST00000022646	Morvir_scaffold85.g37.t1	100.0	S	0.0
Mmus_ENSMUST00000022646	Cgig_XM_011421520.3	100.0	S	0.0
Mmus_ENSMUST00000022646	Spur_NM_214635.1	100.0	S	0.0
Mmus_ENSMUST00000022646	Hsap_ENST00000243056	100.0	S	0.0
Hsap_ENST00000306324	Mmus_ENSMUST00000026236	100.0	S	0.0
Xentro_ENSXETT00000050671	Drer_ENSDART00000111227	95.0	S	0.0
Xentro_ENSXETT00000050671	Hsap_ENST00000648378	95.0	S	0.0
Hsap_ENST00000392539	Drer_ENSDART00000188819	100.0	S	0.0
Spur_NM_214635.1	Cgig_XM_011421520.3	96.0	S	0.0
Spur_NM_214635.1	Skow_NM_001171223.1	96.0	S	0.0
Spur_NM_214635.1	Hsap_ENST00000243056	96.0	S	0.0
Spur_NM_214635.1	Morvir_scaffold85.g37.t1	96.0	S	0.0
Drer_ENSDART00000078428	Hsap_ENST00000290295	94.0	S	0.0
Drer_ENSDART00000078428	Mmus_ENSMUST00000001711	94.0	S	0.0
Drer_ENSDART00000078428	Apimel_XM_396835	94.0	S	0.0
Fspp_ffun1.m4.4455.m1	Hsap_ENST00000649031	92.0	S	0.0
Fspp_ffun1.m4.4455.m1	Spis_XP_022796023_1	92.0	S	0.0
Fspp_ffun1.m4.4455.m1	Mmus_ENSMUST00000047993	92.0	S	0.0
Fspp_ffun1.m4.4455.m1	Galgal_ENSGALT00000045192	92.0	S	0.0
Fspp_ffun1.m4.4455.m1	Exapal_XM_021049473.2	92.0	S	0.0
Drer_ENSDART00000171610	Hsap_ENST00000649031	92.0	S	0.0
Drer_ENSDART00000171610	Spis_XP_022796023_1	92.0	S	0.0
Drer_ENSDART00000171610	Mmus_ENSMUST00000047993	92.0	S	0.0
Drer_ENSDART00000171610	Galgal_ENSGALT00000045192	92.0	S	0.0
Drer_ENSDART00000171610	Exapal_XM_021049473.2	92.0	S	0.0
Apimel_XM_006565160	Skow_NM_001168018.1	100.0	S	0.0
Apimel_XM_006565160	Galgal_ENSGALT00000087671	100.0	S	0.0
Apimel_XM_006565160	Cgig_XM_011428340.3	100.0	S	0.0
Apimel_XM_006565160	Drer_ENSDART00000046766	100.0	S	0.0
Apimel_XM_006565160	Hsap_ENST00000332700	100.0	S	0.0
Apimel_XM_006565160	Dmel_FBtr0085090	100.0	S	0.0
Apimel_XM_006565160	Xesp_009183-T1	100.0	S	0.0
Apimel_XM_006565160	Drer_ENSDART00000139319	100.0	S	0.0
Apimel_XM_006565160	Bflo_XM_035844349.1	100.0	S	0.0
Apimel_XM_006565160	Drer_ENSDART00000052662	100.0	S	0.0
Apimel_XM_006565160	Mmus_ENSMUST00000001699	100.0	S	0.0
Apimel_XM_006565160	Drer_ENSDART00000031700	100.0	S	0.0
Apimel_XM_006565160	Xentro_ENSXETT00000057392	100.0	S	0.0
Apimel_XM_006565160	Gasp_gasp1.m3.12179.m1	100.0	S	0.0
Apimel_XM_006565160	Xesp_021558-T1	100.0	S	0.0
Hsap_ENST00000648378	Drer_ENSDART00000111227	100.0	S	0.0
Skow_NM_001171223.1	Cgig_XM_011421520.3	98.0	S	0.0
Skow_NM_001171223.1	Hsap_ENST00000243056	98.0	S	0.0
Skow_NM_001171223.1	Morvir_scaffold85.g37.t1	98.0	S	0.0
Apimel_XM_396835	Hsap_ENST00000290295	96.0	S	0.0
Apimel_XM_396835	Mmus_ENSMUST00000001711	96.0	S	0.0
Fspp_ffun1.m4.4455.m1	Drer_ENSDART00000171610	100.0	S	0.0
Spis_XP_022796023_1	Mmus_ENSMUST00000047993	92.0	S	0.0
Spis_XP_022796023_1	Hsap_ENST00000649031	92.0	S	0.0
Spis_XP_022796023_1	Galgal_ENSGALT00000045192	92.0	S	0.0
Exapal_XM_021049473.2	Mmus_ENSMUST00000047993	92.0	S	0.0
Exapal_XM_021049473.2	Hsap_ENST00000649031	92.0	S	0.0
Exapal_XM_021049473.2	Galgal_ENSGALT00000045192	92.0	S	0.0
Drer_ENSDART00000082354	Dmel_FBtr0332438	82.0	S	0.0
Drer_ENSDART00000082354	Fspp_ffun1.m4.1446.m1	82.0	S	0.0
Drer_ENSDART00000082354	Hsap_ENST00000249499	82.0	S	0.0
Drer_ENSDART00000082354	Galgal_ENSGALT00000029909	82.0	S	0.0
Drer_ENSDART00000082354	Adig_XM_015910647.1	82.0	S	0.0
Drer_ENSDART00000082354	Galgal_ENSGALT00000056432	82.0	S	0.0
Drer_ENSDART00000082354	Xesp_013548-T1	82.0	S	0.0
Drer_ENSDART00000082354	Apimel_XM_006559367	82.0	S	0.0
Drer_ENSDART00000082354	Apimel_XM_001120703	82.0	S	0.0
Drer_ENSDART00000082354	Mmus_ENSMUST00000059272	82.0	S	0.0
Cgig_XM_011421520.3	Hsap_ENST00000243056	98.0	S	0.0
Cgig_XM_011421520.3	Morvir_scaffold85.g37.t1	98.0	S	0.0
Hsap_ENST00000290295	Mmus_ENSMUST00000001711	100.0	S	0.0
Exapal_XM_021049473.2	Spis_XP_022796023_1	95.0	S	0.0
Galgal_ENSGALT00000045192	Mmus_ENSMUST00000047993	97.0	S	0.0
Galgal_ENSGALT00000045192	Hsap_ENST00000649031	97.0	S	0.0
Xesp_009183-T1	Mmus_ENSMUST00000001699	94.0	S	0.0
Xesp_009183-T1	Dmel_FBtr0085090	94.0	S	0.0
Galgal_ENSGALT00000087671	Mmus_ENSMUST00000001699	94.0	S	0.0
Galgal_ENSGALT00000087671	Dmel_FBtr0085090	94.0	S	0.0
Bflo_XM_035844349.1	Skow_NM_001168018.1	48.0	S	0.0
Bflo_XM_035844349.1	Cgig_XM_011428340.3	48.0	S	0.0
Bflo_XM_035844349.1	Hsap_ENST00000332700	48.0	S	0.0
Bflo_XM_035844349.1	Drer_ENSDART00000046766	48.0	S	0.0
Bflo_XM_035844349.1	Drer_ENSDART00000139319	48.0	S	0.0
Bflo_XM_035844349.1	Drer_ENSDART00000052662	48.0	S	0.0
Bflo_XM_035844349.1	Drer_ENSDART00000031700	48.0	S	0.0
Bflo_XM_035844349.1	Xentro_ENSXETT00000057392	48.0	S	0.0
Bflo_XM_035844349.1	Gasp_gasp1.m3.12179.m1	48.0	S	0.0
Bflo_XM_035844349.1	Xesp_021558-T1	48.0	S	0.0
Spis_XP_022803267_1	Galgal_ENSGALT00000001947	84.0	S	0.0
Spis_XP_022803267_1	Mmus_ENSMUST00000000010	84.0	S	0.0
Spis_XP_022803267_1	Xentro_ENSXETT00000101088	84.0	S	0.0
Spis_XP_022803267_1	Mmus_ENSMUST00000062216	84.0	S	0.0
Spis_XP_022803267_1	Mmus_ENSMUST00000063116	84.0	S	0.0
Gfas_gfas1.m1.2230.m1	Mmus_ENSMUST00000062709	13.0	S	0.0
Gfas_gfas1.m1.2230.m1	Hsap_ENST00000295886	13.0	S	0.0
Gfas_gfas1.m1.2230.m1	Nvec_v1g117688	13.0	S	0.0
Gfas_gfas1.m1.2230.m1	Hsap_ENST00000470747	13.0	S	0.0
Gfas_gfas1.m1.2230.m1	Drer_ENSDART00000170767	13.0	S	0.0
Hsap_ENST00000243056	Morvir_scaffold85.g37.t1	100.0	S	0.0
Hsap_ENST00000649031	Mmus_ENSMUST00000047993	100.0	S	0.0
Galgal_ENSGALT00000087671	Xesp_009183-T1	94.0	S	0.0
Dmel_FBtr0085090	Mmus_ENSMUST00000001699	100.0	S	0.0
Xesp_013548-T1	Galgal_ENSGALT00000029909	100.0	S	0.0
Xesp_013548-T1	Hsap_ENST00000249499	100.0	S	0.0
Xesp_013548-T1	Mmus_ENSMUST00000059272	100.0	S	0.0
Xentro_ENSXETT00000101088	Mmus_ENSMUST00000063116	100.0	S	0.0
Xentro_ENSXETT00000101088	Galgal_ENSGALT00000001947	100.0	S	0.0
Xentro_ENSXETT00000101088	Mmus_ENSMUST00000000010	100.0	S	0.0
Xentro_ENSXETT00000101088	Mmus_ENSMUST00000062216	100.0	S	0.0
Nvec_v1g117688	Drer_ENSDART00000170767	100.0	S	0.0
Nvec_v1g117688	Mmus_ENSMUST00000062709	100.0	S	0.0
Nvec_v1g117688	Hsap_ENST00000295886	100.0	S	0.0
Nvec_v1g117688	Hsap_ENST00000470747	100.0	S	0.0
Gasp_gasp1.m3.12179.m1	Xesp_021558-T1	100.0	S	0.0
Gasp_gasp1.m3.12179.m1	Hsap_ENST00000332700	100.0	S	0.0
Gasp_gasp1.m3.12179.m1	Drer_ENSDART00000139319	100.0	S	0.0
Gasp_gasp1.m3.12179.m1	Drer_ENSDART00000031700	100.0	S	0.0
Galgal_ENSGALT00000029909	Hsap_ENST00000249499	100.0	S	0.0
Galgal_ENSGALT00000029909	Mmus_ENSMUST00000059272	100.0	S	0.0
Adig_XM_015910647.1	Fspp_ffun1.m4.1446.m1	100.0	S	0.0
Adig_XM_015910647.1	Galgal_ENSGALT00000056432	100.0	S	0.0
Adig_XM_015910647.1	Dmel_FBtr0332438	100.0	S	0.0
Apimel_XM_001120703	Fspp_ffun1.m4.1446.m1	100.0	S	0.0
Apimel_XM_001120703	Galgal_ENSGALT00000056432	100.0	S	0.0
Apimel_XM_001120703	Dmel_FBtr0332438	100.0	S	0.0
Galgal_ENSGALT00000001947	Mmus_ENSMUST00000063116	93.0	S	0.0
Galgal_ENSGALT00000001947	Mmus_ENSMUST00000000010	93.0	S	0.0
Galgal_ENSGALT00000001947	Mmus_ENSMUST00000062216	93.0	S	0.0
Mmus_ENSMUST00000062709	Drer_ENSDART00000170767	100.0	S	0.0
Mmus_ENSMUST00000062709	Hsap_ENST00000295886	100.0	S	0.0
Mmus_ENSMUST00000062709	Hsap_ENST00000470747	100.0	S	0.0
Skow_NM_001168018.1	Xentro_ENSXETT00000057392	100.0	S	0.0
Skow_NM_001168018.1	Drer_ENSDART00000052662	100.0	S	0.0
Skow_NM_001168018.1	Cgig_XM_011428340.3	100.0	S	0.0
Hsap_ENST00000332700	Xesp_021558-T1	100.0	S	0.0
Hsap_ENST00000332700	Drer_ENSDART00000031700	100.0	S	0.0
Hsap_ENST00000332700	Drer_ENSDART00000139319	100.0	S	0.0
Hsap_ENST00000249499	Mmus_ENSMUST00000059272	100.0	S	0.0
Apimel_XM_001120703	Adig_XM_015910647.1	100.0	S	0.0
Galgal_ENSGALT00000056432	Fspp_ffun1.m4.1446.m1	100.0	S	0.0
Galgal_ENSGALT00000056432	Dmel_FBtr0332438	100.0	S	0.0
Mmus_ENSMUST00000062216	Mmus_ENSMUST00000063116	93.0	D	1.0
Mmus_ENSMUST00000062216	Mmus_ENSMUST00000000010	93.0	D	1.0
Xentro_ENSXETT00000057392	Drer_ENSDART00000052662	100.0	S	0.0
Xentro_ENSXETT00000057392	Cgig_XM_011428340.3	100.0	S	0.0
Dmel_FBtr0332438	Fspp_ffun1.m4.1446.m1	100.0	S	0.0
Mmus_ENSMUST00000063116	Mmus_ENSMUST00000000010	100.0	D	1.0
Drer_ENSDART00000170767	Hsap_ENST00000470747	100.0	S	0.0
Cgig_XM_011428340.3	Drer_ENSDART00000052662	99.0	S	0.0
Xesp_021558-T1	Drer_ENSDART00000031700	100.0	S	0.0
