in_gene	out_gene	branch_support	ev_type	sos
Cele_WBGene00001328.1	Drer_ENSDARP00000045125	93.0	S	0.0
Cele_WBGene00001328.1	Pantro_ENSPTRP00000016876	93.0	S	0.0
Cele_WBGene00001328.1	Pantro_ENSPTRP00000092161	93.0	S	0.0
Cele_WBGene00001328.1	Galgal_ENSGALP00000073750	93.0	S	0.0
Cele_WBGene00001328.1	Ratnor_ENSRNOP00000000737	93.0	S	0.0
Cele_WBGene00001328.1	Mondom_ENSMODP00000035538	93.0	S	0.0
Cele_WBGene00001328.1	Bralan_BL02579_cuf13	93.0	S	0.0
Cele_WBGene00001328.1	Hsap_ENSP00000252999	93.0	S	0.0
Cele_WBGene00001328.1	Hsap_ENSP00000230538	93.0	S	0.0
Cele_WBGene00001328.1	Cint_ENSCINP00000010645	93.0	S	0.0
Cele_WBGene00001328.1	Galgal_ENSGALP00000043775	93.0	S	0.0
Cele_WBGene00001328.1	Tetnig_ENSTNIP00000020781	93.0	S	0.0
Cele_WBGene00001328.1	Canfam_ENSCAFP00000050272	93.0	S	0.0
Cele_WBGene00001328.1	Galgal_ENSGALP00000024147	93.0	S	0.0
Cele_WBGene00001328.1	Hsap_ENSP00000324532	93.0	S	0.0
Cele_WBGene00001328.1	Mmus_ENSMUSP00000089703	93.0	S	0.0
Cele_WBGene00001328.1	Canfam_ENSCAFP00000057976	93.0	S	0.0
Cele_WBGene00001328.1	Drer_ENSDARP00000150169	93.0	S	0.0
Cele_WBGene00001328.1	Mondom_ENSMODP00000020924	93.0	S	0.0
Cele_WBGene00001328.1	Ratnor_ENSRNOP00000074084	93.0	S	0.0
Cele_WBGene00001328.1	Drer_ENSDARP00000119869	93.0	S	0.0
Cele_WBGene00001328.1	Tetnig_ENSTNIP00000018283	93.0	S	0.0
Cele_WBGene00001328.1	Tetnig_ENSTNIP00000007943	93.0	S	0.0
Cele_WBGene00001328.1	Pantro_ENSPTRP00000089454	93.0	S	0.0
Cele_WBGene00001328.1	Ratnor_ENSRNOP00000075948	93.0	S	0.0
Cele_WBGene00001328.1	Mondom_ENSMODP00000022293	93.0	S	0.0
Cele_WBGene00001328.1	Drer_ENSDARP00000006065	93.0	S	0.0
Cele_WBGene00001328.1	Mmus_ENSMUSP00000015791	93.0	S	0.0
Cele_WBGene00001328.1	Mmus_ENSMUSP00000019992	93.0	S	0.0
Dmel_FBpp0076722	Drer_ENSDARP00000045125	93.0	S	0.0
Dmel_FBpp0076722	Pantro_ENSPTRP00000016876	93.0	S	0.0
Dmel_FBpp0076722	Pantro_ENSPTRP00000092161	93.0	S	0.0
Dmel_FBpp0076722	Galgal_ENSGALP00000073750	93.0	S	0.0
Dmel_FBpp0076722	Ratnor_ENSRNOP00000000737	93.0	S	0.0
Dmel_FBpp0076722	Mondom_ENSMODP00000035538	93.0	S	0.0
Dmel_FBpp0076722	Bralan_BL02579_cuf13	93.0	S	0.0
Dmel_FBpp0076722	Hsap_ENSP00000252999	93.0	S	0.0
Dmel_FBpp0076722	Hsap_ENSP00000230538	93.0	S	0.0
Dmel_FBpp0076722	Cint_ENSCINP00000010645	93.0	S	0.0
Dmel_FBpp0076722	Galgal_ENSGALP00000043775	93.0	S	0.0
Dmel_FBpp0076722	Tetnig_ENSTNIP00000020781	93.0	S	0.0
Dmel_FBpp0076722	Canfam_ENSCAFP00000050272	93.0	S	0.0
Dmel_FBpp0076722	Galgal_ENSGALP00000024147	93.0	S	0.0
Dmel_FBpp0076722	Hsap_ENSP00000324532	93.0	S	0.0
Dmel_FBpp0076722	Mmus_ENSMUSP00000089703	93.0	S	0.0
Dmel_FBpp0076722	Canfam_ENSCAFP00000057976	93.0	S	0.0
Dmel_FBpp0076722	Drer_ENSDARP00000150169	93.0	S	0.0
Dmel_FBpp0076722	Mondom_ENSMODP00000020924	93.0	S	0.0
Dmel_FBpp0076722	Ratnor_ENSRNOP00000074084	93.0	S	0.0
Dmel_FBpp0076722	Drer_ENSDARP00000119869	93.0	S	0.0
Dmel_FBpp0076722	Tetnig_ENSTNIP00000018283	93.0	S	0.0
Dmel_FBpp0076722	Tetnig_ENSTNIP00000007943	93.0	S	0.0
Dmel_FBpp0076722	Pantro_ENSPTRP00000089454	93.0	S	0.0
Dmel_FBpp0076722	Ratnor_ENSRNOP00000075948	93.0	S	0.0
Dmel_FBpp0076722	Mondom_ENSMODP00000022293	93.0	S	0.0
Dmel_FBpp0076722	Drer_ENSDARP00000006065	93.0	S	0.0
Dmel_FBpp0076722	Mmus_ENSMUSP00000015791	93.0	S	0.0
Dmel_FBpp0076722	Mmus_ENSMUSP00000019992	93.0	S	0.0
Dmel_FBpp0076722	Cele_WBGene00001328.1	100.0	S	0.0
Cint_ENSCINP00000010645	Drer_ENSDARP00000045125	92.0	S	0.0
Cint_ENSCINP00000010645	Pantro_ENSPTRP00000016876	92.0	S	0.0
Cint_ENSCINP00000010645	Pantro_ENSPTRP00000092161	92.0	S	0.0
Cint_ENSCINP00000010645	Galgal_ENSGALP00000073750	92.0	S	0.0
Cint_ENSCINP00000010645	Ratnor_ENSRNOP00000000737	92.0	S	0.0
Cint_ENSCINP00000010645	Mondom_ENSMODP00000035538	92.0	S	0.0
Cint_ENSCINP00000010645	Bralan_BL02579_cuf13	92.0	S	0.0
Cint_ENSCINP00000010645	Hsap_ENSP00000252999	92.0	S	0.0
Cint_ENSCINP00000010645	Hsap_ENSP00000230538	92.0	S	0.0
Cint_ENSCINP00000010645	Galgal_ENSGALP00000043775	92.0	S	0.0
Cint_ENSCINP00000010645	Tetnig_ENSTNIP00000020781	92.0	S	0.0
Cint_ENSCINP00000010645	Canfam_ENSCAFP00000050272	92.0	S	0.0
Cint_ENSCINP00000010645	Galgal_ENSGALP00000024147	92.0	S	0.0
Cint_ENSCINP00000010645	Hsap_ENSP00000324532	92.0	S	0.0
Cint_ENSCINP00000010645	Mmus_ENSMUSP00000089703	92.0	S	0.0
Cint_ENSCINP00000010645	Canfam_ENSCAFP00000057976	92.0	S	0.0
Cint_ENSCINP00000010645	Drer_ENSDARP00000150169	92.0	S	0.0
Cint_ENSCINP00000010645	Mondom_ENSMODP00000020924	92.0	S	0.0
Cint_ENSCINP00000010645	Ratnor_ENSRNOP00000074084	92.0	S	0.0
Cint_ENSCINP00000010645	Drer_ENSDARP00000119869	92.0	S	0.0
Cint_ENSCINP00000010645	Tetnig_ENSTNIP00000018283	92.0	S	0.0
Cint_ENSCINP00000010645	Tetnig_ENSTNIP00000007943	92.0	S	0.0
Cint_ENSCINP00000010645	Pantro_ENSPTRP00000089454	92.0	S	0.0
Cint_ENSCINP00000010645	Ratnor_ENSRNOP00000075948	92.0	S	0.0
Cint_ENSCINP00000010645	Mondom_ENSMODP00000022293	92.0	S	0.0
Cint_ENSCINP00000010645	Drer_ENSDARP00000006065	92.0	S	0.0
Cint_ENSCINP00000010645	Mmus_ENSMUSP00000015791	92.0	S	0.0
Cint_ENSCINP00000010645	Mmus_ENSMUSP00000019992	92.0	S	0.0
Tadh_TriadP27868	Drer_ENSDARP00000131993	49.0	S	0.0
Tadh_TriadP27868	Mmus_ENSMUSP00000090304	49.0	S	0.0
Tadh_TriadP27868	Cint_ENSCINP00000016161	49.0	S	0.0
Tadh_TriadP27868	Ratnor_ENSRNOP00000070049	49.0	S	0.0
Tadh_TriadP27868	Canfam_ENSCAFP00000031428	49.0	S	0.0
Tadh_TriadP27868	Bralan_BL97267_cuf0	49.0	S	0.0
Tadh_TriadP27868	Dmel_FBpp0291871	49.0	S	0.0
Tadh_TriadP27868	Cele_WBGene00002248.1	49.0	S	0.0
Tadh_TriadP27868	Drer_ENSDARP00000135371	49.0	S	0.0
Tadh_TriadP27868	Galgal_ENSGALP00000064934	49.0	S	0.0
Tadh_TriadP27868	Galgal_ENSGALP00000066070	49.0	S	0.0
Tadh_TriadP27868	Hsap_ENSP00000374309	49.0	S	0.0
Tadh_TriadP27868	Sman_Smp_143680	49.0	S	0.0
Tadh_TriadP27868	Pantro_ENSPTRP00000031732	49.0	S	0.0
Tadh_TriadP27868	Canfam_ENSCAFP00000027440	49.0	S	0.0
Tadh_TriadP27868	Ratnor_ENSRNOP00000023224	49.0	S	0.0
Tadh_TriadP27868	Drer_ENSDARP00000145314	49.0	S	0.0
Tadh_TriadP27868	Tetnig_ENSTNIP00000016514	49.0	S	0.0
Tadh_TriadP27868	Tetnig_ENSTNIP00000019514	49.0	S	0.0
Tadh_TriadP27868	Pantro_ENSPTRP00000085556	49.0	S	0.0
Tadh_TriadP27868	Hsap_ENSP00000400365	49.0	S	0.0
Tadh_TriadP27868	Bralan_BL01959_cuf17	49.0	S	0.0
Tadh_TriadP27868	Mmus_ENSMUSP00000043957	49.0	S	0.0
Tadh_TriadP27868	Mondom_ENSMODP00000040336	49.0	S	0.0
Tadh_TriadP27868	Mondom_ENSMODP00000042084	49.0	S	0.0
Tadh_TriadP27868	Galgal_ENSGALP00000036103	49.0	S	0.0
Bralan_BL02579_cuf13	Drer_ENSDARP00000045125	79.0	S	0.0
Bralan_BL02579_cuf13	Pantro_ENSPTRP00000016876	79.0	S	0.0
Bralan_BL02579_cuf13	Pantro_ENSPTRP00000092161	79.0	S	0.0
Bralan_BL02579_cuf13	Galgal_ENSGALP00000073750	79.0	S	0.0
Bralan_BL02579_cuf13	Ratnor_ENSRNOP00000000737	79.0	S	0.0
Bralan_BL02579_cuf13	Mondom_ENSMODP00000035538	79.0	S	0.0
Bralan_BL02579_cuf13	Hsap_ENSP00000252999	79.0	S	0.0
Bralan_BL02579_cuf13	Hsap_ENSP00000230538	79.0	S	0.0
Bralan_BL02579_cuf13	Galgal_ENSGALP00000043775	79.0	S	0.0
Bralan_BL02579_cuf13	Tetnig_ENSTNIP00000020781	79.0	S	0.0
Bralan_BL02579_cuf13	Canfam_ENSCAFP00000050272	79.0	S	0.0
Bralan_BL02579_cuf13	Galgal_ENSGALP00000024147	79.0	S	0.0
Bralan_BL02579_cuf13	Hsap_ENSP00000324532	79.0	S	0.0
Bralan_BL02579_cuf13	Mmus_ENSMUSP00000089703	79.0	S	0.0
Bralan_BL02579_cuf13	Canfam_ENSCAFP00000057976	79.0	S	0.0
Bralan_BL02579_cuf13	Drer_ENSDARP00000150169	79.0	S	0.0
Bralan_BL02579_cuf13	Mondom_ENSMODP00000020924	79.0	S	0.0
Bralan_BL02579_cuf13	Ratnor_ENSRNOP00000074084	79.0	S	0.0
Bralan_BL02579_cuf13	Drer_ENSDARP00000119869	79.0	S	0.0
Bralan_BL02579_cuf13	Tetnig_ENSTNIP00000018283	79.0	S	0.0
Bralan_BL02579_cuf13	Tetnig_ENSTNIP00000007943	79.0	S	0.0
Bralan_BL02579_cuf13	Pantro_ENSPTRP00000089454	79.0	S	0.0
Bralan_BL02579_cuf13	Ratnor_ENSRNOP00000075948	79.0	S	0.0
Bralan_BL02579_cuf13	Mondom_ENSMODP00000022293	79.0	S	0.0
Bralan_BL02579_cuf13	Drer_ENSDARP00000006065	79.0	S	0.0
Bralan_BL02579_cuf13	Mmus_ENSMUSP00000015791	79.0	S	0.0
Bralan_BL02579_cuf13	Mmus_ENSMUSP00000019992	79.0	S	0.0
Dmel_FBpp0291871	Drer_ENSDARP00000131993	74.0	S	0.0
Dmel_FBpp0291871	Mmus_ENSMUSP00000090304	74.0	S	0.0
Dmel_FBpp0291871	Cint_ENSCINP00000016161	74.0	S	0.0
Dmel_FBpp0291871	Ratnor_ENSRNOP00000070049	74.0	S	0.0
Dmel_FBpp0291871	Canfam_ENSCAFP00000031428	74.0	S	0.0
Dmel_FBpp0291871	Bralan_BL97267_cuf0	74.0	S	0.0
Dmel_FBpp0291871	Drer_ENSDARP00000135371	74.0	S	0.0
Dmel_FBpp0291871	Galgal_ENSGALP00000064934	74.0	S	0.0
Dmel_FBpp0291871	Galgal_ENSGALP00000066070	74.0	S	0.0
Dmel_FBpp0291871	Hsap_ENSP00000374309	74.0	S	0.0
Dmel_FBpp0291871	Sman_Smp_143680	74.0	S	0.0
Dmel_FBpp0291871	Pantro_ENSPTRP00000031732	74.0	S	0.0
Dmel_FBpp0291871	Canfam_ENSCAFP00000027440	74.0	S	0.0
Dmel_FBpp0291871	Ratnor_ENSRNOP00000023224	74.0	S	0.0
Dmel_FBpp0291871	Drer_ENSDARP00000145314	74.0	S	0.0
Dmel_FBpp0291871	Tetnig_ENSTNIP00000016514	74.0	S	0.0
Dmel_FBpp0291871	Tetnig_ENSTNIP00000019514	74.0	S	0.0
Dmel_FBpp0291871	Pantro_ENSPTRP00000085556	74.0	S	0.0
Dmel_FBpp0291871	Hsap_ENSP00000400365	74.0	S	0.0
Dmel_FBpp0291871	Bralan_BL01959_cuf17	74.0	S	0.0
Dmel_FBpp0291871	Mmus_ENSMUSP00000043957	74.0	S	0.0
Dmel_FBpp0291871	Mondom_ENSMODP00000040336	74.0	S	0.0
Dmel_FBpp0291871	Mondom_ENSMODP00000042084	74.0	S	0.0
Dmel_FBpp0291871	Galgal_ENSGALP00000036103	74.0	S	0.0
Cele_WBGene00002248.1	Drer_ENSDARP00000131993	74.0	S	0.0
Cele_WBGene00002248.1	Mmus_ENSMUSP00000090304	74.0	S	0.0
Cele_WBGene00002248.1	Cint_ENSCINP00000016161	74.0	S	0.0
Cele_WBGene00002248.1	Ratnor_ENSRNOP00000070049	74.0	S	0.0
Cele_WBGene00002248.1	Canfam_ENSCAFP00000031428	74.0	S	0.0
Cele_WBGene00002248.1	Bralan_BL97267_cuf0	74.0	S	0.0
Cele_WBGene00002248.1	Drer_ENSDARP00000135371	74.0	S	0.0
Cele_WBGene00002248.1	Galgal_ENSGALP00000064934	74.0	S	0.0
Cele_WBGene00002248.1	Galgal_ENSGALP00000066070	74.0	S	0.0
Cele_WBGene00002248.1	Hsap_ENSP00000374309	74.0	S	0.0
Cele_WBGene00002248.1	Sman_Smp_143680	74.0	S	0.0
Cele_WBGene00002248.1	Pantro_ENSPTRP00000031732	74.0	S	0.0
Cele_WBGene00002248.1	Canfam_ENSCAFP00000027440	74.0	S	0.0
Cele_WBGene00002248.1	Ratnor_ENSRNOP00000023224	74.0	S	0.0
Cele_WBGene00002248.1	Drer_ENSDARP00000145314	74.0	S	0.0
Cele_WBGene00002248.1	Tetnig_ENSTNIP00000016514	74.0	S	0.0
Cele_WBGene00002248.1	Tetnig_ENSTNIP00000019514	74.0	S	0.0
Cele_WBGene00002248.1	Pantro_ENSPTRP00000085556	74.0	S	0.0
Cele_WBGene00002248.1	Hsap_ENSP00000400365	74.0	S	0.0
Cele_WBGene00002248.1	Bralan_BL01959_cuf17	74.0	S	0.0
Cele_WBGene00002248.1	Mmus_ENSMUSP00000043957	74.0	S	0.0
Cele_WBGene00002248.1	Mondom_ENSMODP00000040336	74.0	S	0.0
Cele_WBGene00002248.1	Mondom_ENSMODP00000042084	74.0	S	0.0
Cele_WBGene00002248.1	Galgal_ENSGALP00000036103	74.0	S	0.0
Mlei_ML097515a-PA	Nvec_EDO40131	20.0	S	0.0
Dmel_FBpp0291871	Cele_WBGene00002248.1	87.0	S	0.0
Sman_Smp_143680	Drer_ENSDARP00000131993	80.0	S	0.0
Sman_Smp_143680	Mmus_ENSMUSP00000090304	80.0	S	0.0
Sman_Smp_143680	Cint_ENSCINP00000016161	80.0	S	0.0
Sman_Smp_143680	Ratnor_ENSRNOP00000070049	80.0	S	0.0
Sman_Smp_143680	Canfam_ENSCAFP00000031428	80.0	S	0.0
Sman_Smp_143680	Bralan_BL97267_cuf0	80.0	S	0.0
Sman_Smp_143680	Drer_ENSDARP00000135371	80.0	S	0.0
Sman_Smp_143680	Galgal_ENSGALP00000064934	80.0	S	0.0
Sman_Smp_143680	Galgal_ENSGALP00000066070	80.0	S	0.0
Sman_Smp_143680	Hsap_ENSP00000374309	80.0	S	0.0
Sman_Smp_143680	Pantro_ENSPTRP00000031732	80.0	S	0.0
Sman_Smp_143680	Canfam_ENSCAFP00000027440	80.0	S	0.0
Sman_Smp_143680	Ratnor_ENSRNOP00000023224	80.0	S	0.0
Sman_Smp_143680	Drer_ENSDARP00000145314	80.0	S	0.0
Sman_Smp_143680	Tetnig_ENSTNIP00000016514	80.0	S	0.0
Sman_Smp_143680	Tetnig_ENSTNIP00000019514	80.0	S	0.0
Sman_Smp_143680	Pantro_ENSPTRP00000085556	80.0	S	0.0
Sman_Smp_143680	Hsap_ENSP00000400365	80.0	S	0.0
Sman_Smp_143680	Bralan_BL01959_cuf17	80.0	S	0.0
Sman_Smp_143680	Mmus_ENSMUSP00000043957	80.0	S	0.0
Sman_Smp_143680	Mondom_ENSMODP00000040336	80.0	S	0.0
Sman_Smp_143680	Mondom_ENSMODP00000042084	80.0	S	0.0
Sman_Smp_143680	Galgal_ENSGALP00000036103	80.0	S	0.0
Drer_ENSDARP00000006065	Pantro_ENSPTRP00000092161	100.0	S	0.0
Drer_ENSDARP00000006065	Mondom_ENSMODP00000022293	100.0	S	0.0
Drer_ENSDARP00000006065	Ratnor_ENSRNOP00000000737	100.0	S	0.0
Drer_ENSDARP00000006065	Hsap_ENSP00000230538	100.0	S	0.0
Drer_ENSDARP00000006065	Galgal_ENSGALP00000024147	100.0	S	0.0
Drer_ENSDARP00000006065	Canfam_ENSCAFP00000057976	100.0	S	0.0
Drer_ENSDARP00000006065	Mmus_ENSMUSP00000019992	100.0	S	0.0
Tetnig_ENSTNIP00000007943	Pantro_ENSPTRP00000092161	100.0	S	0.0
Tetnig_ENSTNIP00000007943	Mondom_ENSMODP00000022293	100.0	S	0.0
Tetnig_ENSTNIP00000007943	Ratnor_ENSRNOP00000000737	100.0	S	0.0
Tetnig_ENSTNIP00000007943	Hsap_ENSP00000230538	100.0	S	0.0
Tetnig_ENSTNIP00000007943	Galgal_ENSGALP00000024147	100.0	S	0.0
Tetnig_ENSTNIP00000007943	Canfam_ENSCAFP00000057976	100.0	S	0.0
Tetnig_ENSTNIP00000007943	Mmus_ENSMUSP00000019992	100.0	S	0.0
Bralan_BL97267_cuf0	Drer_ENSDARP00000135371	96.0	S	0.0
Bralan_BL97267_cuf0	Pantro_ENSPTRP00000085556	96.0	S	0.0
Bralan_BL97267_cuf0	Drer_ENSDARP00000131993	96.0	S	0.0
Bralan_BL97267_cuf0	Hsap_ENSP00000400365	96.0	S	0.0
Bralan_BL97267_cuf0	Galgal_ENSGALP00000066070	96.0	S	0.0
Bralan_BL97267_cuf0	Ratnor_ENSRNOP00000070049	96.0	S	0.0
Bralan_BL97267_cuf0	Hsap_ENSP00000374309	96.0	S	0.0
Bralan_BL97267_cuf0	Mmus_ENSMUSP00000090304	96.0	S	0.0
Bralan_BL97267_cuf0	Galgal_ENSGALP00000064934	96.0	S	0.0
Bralan_BL97267_cuf0	Canfam_ENSCAFP00000031428	96.0	S	0.0
Bralan_BL97267_cuf0	Pantro_ENSPTRP00000031732	96.0	S	0.0
Bralan_BL97267_cuf0	Canfam_ENSCAFP00000027440	96.0	S	0.0
Bralan_BL97267_cuf0	Ratnor_ENSRNOP00000023224	96.0	S	0.0
Bralan_BL97267_cuf0	Drer_ENSDARP00000145314	96.0	S	0.0
Bralan_BL97267_cuf0	Mmus_ENSMUSP00000043957	96.0	S	0.0
Bralan_BL97267_cuf0	Mondom_ENSMODP00000040336	96.0	S	0.0
Bralan_BL97267_cuf0	Galgal_ENSGALP00000036103	96.0	S	0.0
Bralan_BL97267_cuf0	Mondom_ENSMODP00000042084	96.0	S	0.0
Bralan_BL97267_cuf0	Tetnig_ENSTNIP00000016514	96.0	S	0.0
Bralan_BL97267_cuf0	Tetnig_ENSTNIP00000019514	96.0	S	0.0
Cint_ENSCINP00000016161	Drer_ENSDARP00000135371	96.0	S	0.0
Cint_ENSCINP00000016161	Pantro_ENSPTRP00000085556	96.0	S	0.0
Cint_ENSCINP00000016161	Drer_ENSDARP00000131993	96.0	S	0.0
Cint_ENSCINP00000016161	Hsap_ENSP00000400365	96.0	S	0.0
Cint_ENSCINP00000016161	Galgal_ENSGALP00000066070	96.0	S	0.0
Cint_ENSCINP00000016161	Ratnor_ENSRNOP00000070049	96.0	S	0.0
Cint_ENSCINP00000016161	Hsap_ENSP00000374309	96.0	S	0.0
Cint_ENSCINP00000016161	Mmus_ENSMUSP00000090304	96.0	S	0.0
Cint_ENSCINP00000016161	Galgal_ENSGALP00000064934	96.0	S	0.0
Cint_ENSCINP00000016161	Canfam_ENSCAFP00000031428	96.0	S	0.0
Cint_ENSCINP00000016161	Pantro_ENSPTRP00000031732	96.0	S	0.0
Cint_ENSCINP00000016161	Canfam_ENSCAFP00000027440	96.0	S	0.0
Cint_ENSCINP00000016161	Ratnor_ENSRNOP00000023224	96.0	S	0.0
Cint_ENSCINP00000016161	Drer_ENSDARP00000145314	96.0	S	0.0
Cint_ENSCINP00000016161	Mmus_ENSMUSP00000043957	96.0	S	0.0
Cint_ENSCINP00000016161	Mondom_ENSMODP00000040336	96.0	S	0.0
Cint_ENSCINP00000016161	Galgal_ENSGALP00000036103	96.0	S	0.0
Cint_ENSCINP00000016161	Mondom_ENSMODP00000042084	96.0	S	0.0
Cint_ENSCINP00000016161	Tetnig_ENSTNIP00000016514	96.0	S	0.0
Cint_ENSCINP00000016161	Tetnig_ENSTNIP00000019514	96.0	S	0.0
Bralan_BL01959_cuf17	Drer_ENSDARP00000135371	96.0	S	0.0
Bralan_BL01959_cuf17	Pantro_ENSPTRP00000085556	96.0	S	0.0
Bralan_BL01959_cuf17	Drer_ENSDARP00000131993	96.0	S	0.0
Bralan_BL01959_cuf17	Hsap_ENSP00000400365	96.0	S	0.0
Bralan_BL01959_cuf17	Galgal_ENSGALP00000066070	96.0	S	0.0
Bralan_BL01959_cuf17	Ratnor_ENSRNOP00000070049	96.0	S	0.0
Bralan_BL01959_cuf17	Hsap_ENSP00000374309	96.0	S	0.0
Bralan_BL01959_cuf17	Mmus_ENSMUSP00000090304	96.0	S	0.0
Bralan_BL01959_cuf17	Galgal_ENSGALP00000064934	96.0	S	0.0
Bralan_BL01959_cuf17	Canfam_ENSCAFP00000031428	96.0	S	0.0
Bralan_BL01959_cuf17	Pantro_ENSPTRP00000031732	96.0	S	0.0
Bralan_BL01959_cuf17	Canfam_ENSCAFP00000027440	96.0	S	0.0
Bralan_BL01959_cuf17	Ratnor_ENSRNOP00000023224	96.0	S	0.0
Bralan_BL01959_cuf17	Drer_ENSDARP00000145314	96.0	S	0.0
Bralan_BL01959_cuf17	Mmus_ENSMUSP00000043957	96.0	S	0.0
Bralan_BL01959_cuf17	Mondom_ENSMODP00000040336	96.0	S	0.0
Bralan_BL01959_cuf17	Galgal_ENSGALP00000036103	96.0	S	0.0
Bralan_BL01959_cuf17	Mondom_ENSMODP00000042084	96.0	S	0.0
Bralan_BL01959_cuf17	Tetnig_ENSTNIP00000016514	96.0	S	0.0
Bralan_BL01959_cuf17	Tetnig_ENSTNIP00000019514	96.0	S	0.0
Bralan_BL97268_cuf1	Hsap_ENSP00000488920	33.0	S	0.0
Bralan_BL97268_cuf1	Pantro_ENSPTRP00000045254	33.0	S	0.0
Bralan_BL97268_cuf1	Dmel_FBpp0306677	33.0	S	0.0
Bralan_BL97268_cuf1	Canfam_ENSCAFP00000036750	33.0	S	0.0
Tadh_TriadP57635	Hsap_ENSP00000488920	33.0	S	0.0
Tadh_TriadP57635	Pantro_ENSPTRP00000045254	33.0	S	0.0
Tadh_TriadP57635	Dmel_FBpp0306677	33.0	S	0.0
Tadh_TriadP57635	Canfam_ENSCAFP00000036750	33.0	S	0.0
Cele_WBGene00006787.1	Mondom_ENSMODP00000020041	86.0	S	0.0
Cele_WBGene00006787.1	Ratnor_ENSRNOP00000034954	86.0	S	0.0
Cele_WBGene00006787.1	Galgal_ENSGALP00000051462	86.0	S	0.0
Cele_WBGene00006787.1	Bralan_BL96321_cuf5	86.0	S	0.0
Cele_WBGene00006787.1	Canfam_ENSCAFP00000057109	86.0	S	0.0
Cele_WBGene00006787.1	Pantro_ENSPTRP00000000536	86.0	S	0.0
Cele_WBGene00006787.1	Mmus_ENSMUSP00000131316	86.0	S	0.0
Cele_WBGene00006787.1	Tadh_TriadP26220	86.0	S	0.0
Cele_WBGene00006787.1	Drer_ENSDARP00000141317	86.0	S	0.0
Cele_WBGene00006787.1	Tetnig_ENSTNIP00000015396	86.0	S	0.0
Cele_WBGene00006787.1	Hsap_ENSP00000363827	86.0	S	0.0
Dmel_FBpp0309655	Mondom_ENSMODP00000020041	86.0	S	0.0
Dmel_FBpp0309655	Ratnor_ENSRNOP00000034954	86.0	S	0.0
Dmel_FBpp0309655	Galgal_ENSGALP00000051462	86.0	S	0.0
Dmel_FBpp0309655	Bralan_BL96321_cuf5	86.0	S	0.0
Dmel_FBpp0309655	Canfam_ENSCAFP00000057109	86.0	S	0.0
Dmel_FBpp0309655	Pantro_ENSPTRP00000000536	86.0	S	0.0
Dmel_FBpp0309655	Mmus_ENSMUSP00000131316	86.0	S	0.0
Dmel_FBpp0309655	Tadh_TriadP26220	86.0	S	0.0
Dmel_FBpp0309655	Drer_ENSDARP00000141317	86.0	S	0.0
Dmel_FBpp0309655	Tetnig_ENSTNIP00000015396	86.0	S	0.0
Dmel_FBpp0309655	Hsap_ENSP00000363827	86.0	S	0.0
Mlei_ML101022a-PA	Drer_ENSDARP00000080636	86.0	S	0.0
Mlei_ML101022a-PA	Hsap_ENSP00000501296	86.0	S	0.0
Mlei_ML101022a-PA	Mmus_ENSMUSP00000050454	86.0	S	0.0
Mlei_ML101022a-PA	Canfam_ENSCAFP00000015796	86.0	S	0.0
Mlei_ML101022a-PA	Bralan_BL24175_evm3	86.0	S	0.0
Mlei_ML101022a-PA	Galgal_ENSGALP00000015700	86.0	S	0.0
Mlei_ML101022a-PA	Ratnor_ENSRNOP00000004992	86.0	S	0.0
Mlei_ML101022a-PA	Pantro_ENSPTRP00000057764	86.0	S	0.0
Drer_ENSDARP00000006065	Tetnig_ENSTNIP00000007943	100.0	S	0.0
Galgal_ENSGALP00000024147	Pantro_ENSPTRP00000092161	100.0	S	0.0
Galgal_ENSGALP00000024147	Mondom_ENSMODP00000022293	100.0	S	0.0
Galgal_ENSGALP00000024147	Ratnor_ENSRNOP00000000737	100.0	S	0.0
Galgal_ENSGALP00000024147	Hsap_ENSP00000230538	100.0	S	0.0
Galgal_ENSGALP00000024147	Canfam_ENSCAFP00000057976	100.0	S	0.0
Galgal_ENSGALP00000024147	Mmus_ENSMUSP00000019992	100.0	S	0.0
Drer_ENSDARP00000045125	Pantro_ENSPTRP00000089454	100.0	S	0.0
Drer_ENSDARP00000045125	Mondom_ENSMODP00000020924	100.0	S	0.0
Drer_ENSDARP00000045125	Galgal_ENSGALP00000073750	100.0	S	0.0
Drer_ENSDARP00000045125	Hsap_ENSP00000252999	100.0	S	0.0
Drer_ENSDARP00000045125	Ratnor_ENSRNOP00000074084	100.0	S	0.0
Drer_ENSDARP00000045125	Mmus_ENSMUSP00000015791	100.0	S	0.0
Tetnig_ENSTNIP00000018283	Ratnor_ENSRNOP00000075948	100.0	S	0.0
Tetnig_ENSTNIP00000018283	Pantro_ENSPTRP00000016876	100.0	S	0.0
Tetnig_ENSTNIP00000018283	Mondom_ENSMODP00000035538	100.0	S	0.0
Tetnig_ENSTNIP00000018283	Galgal_ENSGALP00000043775	100.0	S	0.0
Tetnig_ENSTNIP00000018283	Canfam_ENSCAFP00000050272	100.0	S	0.0
Tetnig_ENSTNIP00000018283	Hsap_ENSP00000324532	100.0	S	0.0
Tetnig_ENSTNIP00000018283	Mmus_ENSMUSP00000089703	100.0	S	0.0
Drer_ENSDARP00000150169	Ratnor_ENSRNOP00000075948	100.0	S	0.0
Drer_ENSDARP00000150169	Pantro_ENSPTRP00000016876	100.0	S	0.0
Drer_ENSDARP00000150169	Mondom_ENSMODP00000035538	100.0	S	0.0
Drer_ENSDARP00000150169	Galgal_ENSGALP00000043775	100.0	S	0.0
Drer_ENSDARP00000150169	Canfam_ENSCAFP00000050272	100.0	S	0.0
Drer_ENSDARP00000150169	Hsap_ENSP00000324532	100.0	S	0.0
Drer_ENSDARP00000150169	Mmus_ENSMUSP00000089703	100.0	S	0.0
Drer_ENSDARP00000119869	Ratnor_ENSRNOP00000075948	100.0	S	0.0
Drer_ENSDARP00000119869	Pantro_ENSPTRP00000016876	100.0	S	0.0
Drer_ENSDARP00000119869	Mondom_ENSMODP00000035538	100.0	S	0.0
Drer_ENSDARP00000119869	Galgal_ENSGALP00000043775	100.0	S	0.0
Drer_ENSDARP00000119869	Canfam_ENSCAFP00000050272	100.0	S	0.0
Drer_ENSDARP00000119869	Hsap_ENSP00000324532	100.0	S	0.0
Drer_ENSDARP00000119869	Mmus_ENSMUSP00000089703	100.0	S	0.0
Tetnig_ENSTNIP00000020781	Ratnor_ENSRNOP00000075948	100.0	S	0.0
Tetnig_ENSTNIP00000020781	Pantro_ENSPTRP00000016876	100.0	S	0.0
Tetnig_ENSTNIP00000020781	Mondom_ENSMODP00000035538	100.0	S	0.0
Tetnig_ENSTNIP00000020781	Galgal_ENSGALP00000043775	100.0	S	0.0
Tetnig_ENSTNIP00000020781	Canfam_ENSCAFP00000050272	100.0	S	0.0
Tetnig_ENSTNIP00000020781	Hsap_ENSP00000324532	100.0	S	0.0
Tetnig_ENSTNIP00000020781	Mmus_ENSMUSP00000089703	100.0	S	0.0
Cint_ENSCINP00000016161	Bralan_BL97267_cuf0	98.0	S	0.0
Cint_ENSCINP00000016161	Bralan_BL01959_cuf17	98.0	S	0.0
Bralan_BL97268_cuf1	Tadh_TriadP57635	34.0	S	0.0
Dmel_FBpp0306677	Hsap_ENSP00000488920	100.0	S	0.0
Dmel_FBpp0306677	Pantro_ENSPTRP00000045254	100.0	S	0.0
Dmel_FBpp0306677	Canfam_ENSCAFP00000036750	100.0	S	0.0
Dmel_FBpp0309655	Cele_WBGene00006787.1	87.0	S	0.0
Tadh_TriadP26220	Mondom_ENSMODP00000020041	100.0	S	0.0
Tadh_TriadP26220	Ratnor_ENSRNOP00000034954	100.0	S	0.0
Tadh_TriadP26220	Galgal_ENSGALP00000051462	100.0	S	0.0
Tadh_TriadP26220	Bralan_BL96321_cuf5	100.0	S	0.0
Tadh_TriadP26220	Canfam_ENSCAFP00000057109	100.0	S	0.0
Tadh_TriadP26220	Pantro_ENSPTRP00000000536	100.0	S	0.0
Tadh_TriadP26220	Mmus_ENSMUSP00000131316	100.0	S	0.0
Tadh_TriadP26220	Drer_ENSDARP00000141317	100.0	S	0.0
Tadh_TriadP26220	Tetnig_ENSTNIP00000015396	100.0	S	0.0
Tadh_TriadP26220	Hsap_ENSP00000363827	100.0	S	0.0
Bralan_BL24175_evm3	Drer_ENSDARP00000080636	100.0	S	0.0
Bralan_BL24175_evm3	Hsap_ENSP00000501296	100.0	S	0.0
Bralan_BL24175_evm3	Mmus_ENSMUSP00000050454	100.0	S	0.0
Bralan_BL24175_evm3	Canfam_ENSCAFP00000015796	100.0	S	0.0
Bralan_BL24175_evm3	Galgal_ENSGALP00000015700	100.0	S	0.0
Bralan_BL24175_evm3	Ratnor_ENSRNOP00000004992	100.0	S	0.0
Bralan_BL24175_evm3	Pantro_ENSPTRP00000057764	100.0	S	0.0
Mlei_ML21866a-PA	Nvec_EDO39502	85.0	S	0.0
Mlei_ML21866a-PA	Tetnig_ENSTNIP00000015655	85.0	S	0.0
Mlei_ML21866a-PA	Sman_Smp_148790	85.0	S	0.0
Mlei_ML21866a-PA	Galgal_ENSGALP00000012817	85.0	S	0.0
Mlei_ML21866a-PA	Mondom_ENSMODP00000040787	85.0	S	0.0
Mlei_ML21866a-PA	Drer_ENSDARP00000058399	85.0	S	0.0
Mlei_ML21866a-PA	Pantro_ENSPTRP00000069299	85.0	S	0.0
Mlei_ML21866a-PA	Hsap_ENSP00000377191	85.0	S	0.0
Mlei_ML21866a-PA	Pantro_ENSPTRP00000025746	85.0	S	0.0
Mlei_ML21866a-PA	Cint_ENSCINP00000013062	85.0	S	0.0
Mlei_ML21866a-PA	Galgal_ENSGALP00000047623	85.0	S	0.0
Mlei_ML21866a-PA	Hsap_ENSP00000388325	85.0	S	0.0
Mlei_ML21866a-PA	Mondom_ENSMODP00000020390	85.0	S	0.0
Mlei_ML21866a-PA	Drer_ENSDARP00000066944	85.0	S	0.0
Mlei_ML21866a-PA	Dmel_FBpp0079114	85.0	S	0.0
Mlei_ML21866a-PA	Mondom_ENSMODP00000020037	85.0	S	0.0
Mlei_ML21866a-PA	Canfam_ENSCAFP00000060187	85.0	S	0.0
Mlei_ML21866a-PA	Tetnig_ENSTNIP00000005078	85.0	S	0.0
Mlei_ML21866a-PA	Tetnig_ENSTNIP00000016750	85.0	S	0.0
Mlei_ML21866a-PA	Mmus_ENSMUSP00000002979	85.0	S	0.0
Mlei_ML21866a-PA	Ratnor_ENSRNOP00000008321	85.0	S	0.0
Mlei_ML21866a-PA	Pantro_ENSPTRP00000033539	85.0	S	0.0
Mlei_ML21866a-PA	Canfam_ENSCAFP00000017386	85.0	S	0.0
Mlei_ML21866a-PA	Tetnig_ENSTNIP00000005083	85.0	S	0.0
Mlei_ML21866a-PA	Mmus_ENSMUSP00000069087	85.0	S	0.0
Mlei_ML21866a-PA	Ratnor_ENSRNOP00000065052	85.0	S	0.0
Mlei_ML21866a-PA	Drer_ENSDARP00000156839	85.0	S	0.0
Mlei_ML21866a-PA	Drer_ENSDARP00000123269	85.0	S	0.0
Mlei_ML21866a-PA	Drer_ENSDARP00000131540	85.0	S	0.0
Mlei_ML21866a-PA	Hsap_ENSP00000205386	85.0	S	0.0
Mlei_ML21866a-PA	Canfam_ENSCAFP00000049135	85.0	S	0.0
Mlei_ML21866a-PA	Drer_ENSDARP00000048365	85.0	S	0.0
Mlei_ML21866a-PA	Tetnig_ENSTNIP00000016749	85.0	S	0.0
Mlei_ML21866a-PA	Tadh_TriadP24524	85.0	S	0.0
Mlei_ML21866a-PA	Mondom_ENSMODP00000056254	85.0	S	0.0
Mlei_ML21866a-PA	Galgal_ENSGALP00000067061	85.0	S	0.0
Mlei_ML21866a-PA	Cele_WBGene00002247.1	85.0	S	0.0
Mondom_ENSMODP00000022293	Pantro_ENSPTRP00000092161	100.0	S	0.0
Mondom_ENSMODP00000022293	Ratnor_ENSRNOP00000000737	100.0	S	0.0
Mondom_ENSMODP00000022293	Hsap_ENSP00000230538	100.0	S	0.0
Mondom_ENSMODP00000022293	Canfam_ENSCAFP00000057976	100.0	S	0.0
Mondom_ENSMODP00000022293	Mmus_ENSMUSP00000019992	100.0	S	0.0
Galgal_ENSGALP00000073750	Pantro_ENSPTRP00000089454	100.0	S	0.0
Galgal_ENSGALP00000073750	Mondom_ENSMODP00000020924	100.0	S	0.0
Galgal_ENSGALP00000073750	Hsap_ENSP00000252999	100.0	S	0.0
Galgal_ENSGALP00000073750	Ratnor_ENSRNOP00000074084	100.0	S	0.0
Galgal_ENSGALP00000073750	Mmus_ENSMUSP00000015791	100.0	S	0.0
Galgal_ENSGALP00000043775	Ratnor_ENSRNOP00000075948	100.0	S	0.0
Galgal_ENSGALP00000043775	Pantro_ENSPTRP00000016876	100.0	S	0.0
Galgal_ENSGALP00000043775	Mondom_ENSMODP00000035538	100.0	S	0.0
Galgal_ENSGALP00000043775	Canfam_ENSCAFP00000050272	100.0	S	0.0
Galgal_ENSGALP00000043775	Hsap_ENSP00000324532	100.0	S	0.0
Galgal_ENSGALP00000043775	Mmus_ENSMUSP00000089703	100.0	S	0.0
Bralan_BL01959_cuf17	Bralan_BL97267_cuf0	100.0	D	1.0
Drer_ENSDARP00000135371	Pantro_ENSPTRP00000085556	100.0	S	0.0
Drer_ENSDARP00000135371	Hsap_ENSP00000374309	100.0	S	0.0
Drer_ENSDARP00000135371	Canfam_ENSCAFP00000027440	100.0	S	0.0
Drer_ENSDARP00000135371	Ratnor_ENSRNOP00000023224	100.0	S	0.0
Drer_ENSDARP00000135371	Mmus_ENSMUSP00000043957	100.0	S	0.0
Drer_ENSDARP00000135371	Galgal_ENSGALP00000036103	100.0	S	0.0
Drer_ENSDARP00000135371	Mondom_ENSMODP00000042084	100.0	S	0.0
Tetnig_ENSTNIP00000016514	Pantro_ENSPTRP00000085556	100.0	S	0.0
Tetnig_ENSTNIP00000016514	Hsap_ENSP00000374309	100.0	S	0.0
Tetnig_ENSTNIP00000016514	Canfam_ENSCAFP00000027440	100.0	S	0.0
Tetnig_ENSTNIP00000016514	Ratnor_ENSRNOP00000023224	100.0	S	0.0
Tetnig_ENSTNIP00000016514	Mmus_ENSMUSP00000043957	100.0	S	0.0
Tetnig_ENSTNIP00000016514	Galgal_ENSGALP00000036103	100.0	S	0.0
Tetnig_ENSTNIP00000016514	Mondom_ENSMODP00000042084	100.0	S	0.0
Tetnig_ENSTNIP00000019514	Mmus_ENSMUSP00000090304	100.0	S	0.0
Tetnig_ENSTNIP00000019514	Galgal_ENSGALP00000064934	100.0	S	0.0
Tetnig_ENSTNIP00000019514	Hsap_ENSP00000400365	100.0	S	0.0
Tetnig_ENSTNIP00000019514	Galgal_ENSGALP00000066070	100.0	S	0.0
Tetnig_ENSTNIP00000019514	Ratnor_ENSRNOP00000070049	100.0	S	0.0
Tetnig_ENSTNIP00000019514	Canfam_ENSCAFP00000031428	100.0	S	0.0
Tetnig_ENSTNIP00000019514	Pantro_ENSPTRP00000031732	100.0	S	0.0
Tetnig_ENSTNIP00000019514	Mondom_ENSMODP00000040336	100.0	S	0.0
Drer_ENSDARP00000145314	Mmus_ENSMUSP00000090304	100.0	S	0.0
Drer_ENSDARP00000145314	Galgal_ENSGALP00000064934	100.0	S	0.0
Drer_ENSDARP00000145314	Hsap_ENSP00000400365	100.0	S	0.0
Drer_ENSDARP00000145314	Galgal_ENSGALP00000066070	100.0	S	0.0
Drer_ENSDARP00000145314	Ratnor_ENSRNOP00000070049	100.0	S	0.0
Drer_ENSDARP00000145314	Canfam_ENSCAFP00000031428	100.0	S	0.0
Drer_ENSDARP00000145314	Pantro_ENSPTRP00000031732	100.0	S	0.0
Drer_ENSDARP00000145314	Mondom_ENSMODP00000040336	100.0	S	0.0
Drer_ENSDARP00000131993	Mmus_ENSMUSP00000090304	100.0	S	0.0
Drer_ENSDARP00000131993	Galgal_ENSGALP00000064934	100.0	S	0.0
Drer_ENSDARP00000131993	Hsap_ENSP00000400365	100.0	S	0.0
Drer_ENSDARP00000131993	Galgal_ENSGALP00000066070	100.0	S	0.0
Drer_ENSDARP00000131993	Ratnor_ENSRNOP00000070049	100.0	S	0.0
Drer_ENSDARP00000131993	Canfam_ENSCAFP00000031428	100.0	S	0.0
Drer_ENSDARP00000131993	Pantro_ENSPTRP00000031732	100.0	S	0.0
Drer_ENSDARP00000131993	Mondom_ENSMODP00000040336	100.0	S	0.0
Canfam_ENSCAFP00000036750	Hsap_ENSP00000488920	100.0	S	0.0
Canfam_ENSCAFP00000036750	Pantro_ENSPTRP00000045254	100.0	S	0.0
Bralan_BL96321_cuf5	Mondom_ENSMODP00000020041	100.0	S	0.0
Bralan_BL96321_cuf5	Ratnor_ENSRNOP00000034954	100.0	S	0.0
Bralan_BL96321_cuf5	Galgal_ENSGALP00000051462	100.0	S	0.0
Bralan_BL96321_cuf5	Pantro_ENSPTRP00000000536	100.0	S	0.0
Bralan_BL96321_cuf5	Canfam_ENSCAFP00000057109	100.0	S	0.0
Bralan_BL96321_cuf5	Mmus_ENSMUSP00000131316	100.0	S	0.0
Bralan_BL96321_cuf5	Drer_ENSDARP00000141317	100.0	S	0.0
Bralan_BL96321_cuf5	Tetnig_ENSTNIP00000015396	100.0	S	0.0
Bralan_BL96321_cuf5	Hsap_ENSP00000363827	100.0	S	0.0
Drer_ENSDARP00000080636	Hsap_ENSP00000501296	100.0	S	0.0
Drer_ENSDARP00000080636	Mmus_ENSMUSP00000050454	100.0	S	0.0
Drer_ENSDARP00000080636	Canfam_ENSCAFP00000015796	100.0	S	0.0
Drer_ENSDARP00000080636	Galgal_ENSGALP00000015700	100.0	S	0.0
Drer_ENSDARP00000080636	Ratnor_ENSRNOP00000004992	100.0	S	0.0
Drer_ENSDARP00000080636	Pantro_ENSPTRP00000057764	100.0	S	0.0
Sman_Smp_163810	Ratnor_ENSRNOP00000071272	94.0	S	0.0
Sman_Smp_163810	Cele_WBGene00016913.1	94.0	S	0.0
Sman_Smp_163810	Hsap_ENSP00000354360	94.0	S	0.0
Sman_Smp_163810	Drer_ENSDARP00000024860	94.0	S	0.0
Sman_Smp_163810	Mondom_ENSMODP00000015227	94.0	S	0.0
Sman_Smp_163810	Mlei_ML05951a-PA	94.0	S	0.0
Sman_Smp_163810	Hsap_ENSP00000258341	94.0	S	0.0
Sman_Smp_163810	Drer_ENSDARP00000117247	94.0	S	0.0
Sman_Smp_163810	Dmel_FBpp0076111	94.0	S	0.0
Sman_Smp_163810	Cint_ENSCINP00000014720	94.0	S	0.0
Sman_Smp_163810	Nvec_EDO36523	94.0	S	0.0
Sman_Smp_163810	Tadh_TriadP21436	94.0	S	0.0
Sman_Smp_163810	Mmus_ENSMUSP00000027752	94.0	S	0.0
Sman_Smp_163810	Mmus_ENSMUSP00000028187	94.0	S	0.0
Sman_Smp_163810	Tetnig_ENSTNIP00000001897	94.0	S	0.0
Sman_Smp_163810	Mondom_ENSMODP00000008686	94.0	S	0.0
Sman_Smp_163810	Ratnor_ENSRNOP00000003605	94.0	S	0.0
Sman_Smp_163810	Pantro_ENSPTRP00000089434	94.0	S	0.0
Sman_Smp_163810	Canfam_ENSCAFP00000054457	94.0	S	0.0
Sman_Smp_163810	Pantro_ENSPTRP00000002939	94.0	S	0.0
Sman_Smp_163810	Canfam_ENSCAFP00000040626	94.0	S	0.0
Sman_Smp_163810	Galgal_ENSGALP00000038625	94.0	S	0.0
Sman_Smp_163810	Bralan_BL95807_evm1	94.0	S	0.0
Tadh_TriadP24524	Nvec_EDO39502	98.0	S	0.0
Tadh_TriadP24524	Tetnig_ENSTNIP00000015655	98.0	S	0.0
Tadh_TriadP24524	Sman_Smp_148790	98.0	S	0.0
Tadh_TriadP24524	Galgal_ENSGALP00000012817	98.0	S	0.0
Tadh_TriadP24524	Mondom_ENSMODP00000040787	98.0	S	0.0
Tadh_TriadP24524	Drer_ENSDARP00000058399	98.0	S	0.0
Tadh_TriadP24524	Pantro_ENSPTRP00000069299	98.0	S	0.0
Tadh_TriadP24524	Hsap_ENSP00000377191	98.0	S	0.0
Tadh_TriadP24524	Pantro_ENSPTRP00000025746	98.0	S	0.0
Tadh_TriadP24524	Cint_ENSCINP00000013062	98.0	S	0.0
Tadh_TriadP24524	Galgal_ENSGALP00000047623	98.0	S	0.0
Tadh_TriadP24524	Hsap_ENSP00000388325	98.0	S	0.0
Tadh_TriadP24524	Mondom_ENSMODP00000020390	98.0	S	0.0
Tadh_TriadP24524	Drer_ENSDARP00000066944	98.0	S	0.0
Tadh_TriadP24524	Dmel_FBpp0079114	98.0	S	0.0
Tadh_TriadP24524	Mondom_ENSMODP00000020037	98.0	S	0.0
Tadh_TriadP24524	Canfam_ENSCAFP00000060187	98.0	S	0.0
Tadh_TriadP24524	Tetnig_ENSTNIP00000005078	98.0	S	0.0
Tadh_TriadP24524	Tetnig_ENSTNIP00000016750	98.0	S	0.0
Tadh_TriadP24524	Mmus_ENSMUSP00000002979	98.0	S	0.0
Tadh_TriadP24524	Ratnor_ENSRNOP00000008321	98.0	S	0.0
Tadh_TriadP24524	Pantro_ENSPTRP00000033539	98.0	S	0.0
Tadh_TriadP24524	Canfam_ENSCAFP00000017386	98.0	S	0.0
Tadh_TriadP24524	Tetnig_ENSTNIP00000005083	98.0	S	0.0
Tadh_TriadP24524	Mmus_ENSMUSP00000069087	98.0	S	0.0
Tadh_TriadP24524	Ratnor_ENSRNOP00000065052	98.0	S	0.0
Tadh_TriadP24524	Drer_ENSDARP00000156839	98.0	S	0.0
Tadh_TriadP24524	Drer_ENSDARP00000123269	98.0	S	0.0
Tadh_TriadP24524	Drer_ENSDARP00000131540	98.0	S	0.0
Tadh_TriadP24524	Hsap_ENSP00000205386	98.0	S	0.0
Tadh_TriadP24524	Canfam_ENSCAFP00000049135	98.0	S	0.0
Tadh_TriadP24524	Drer_ENSDARP00000048365	98.0	S	0.0
Tadh_TriadP24524	Tetnig_ENSTNIP00000016749	98.0	S	0.0
Tadh_TriadP24524	Mondom_ENSMODP00000056254	98.0	S	0.0
Tadh_TriadP24524	Galgal_ENSGALP00000067061	98.0	S	0.0
Tadh_TriadP24524	Cele_WBGene00002247.1	98.0	S	0.0
Ratnor_ENSRNOP00000000737	Canfam_ENSCAFP00000057976	100.0	S	0.0
Ratnor_ENSRNOP00000000737	Hsap_ENSP00000230538	100.0	S	0.0
Ratnor_ENSRNOP00000000737	Pantro_ENSPTRP00000092161	100.0	S	0.0
Mmus_ENSMUSP00000019992	Canfam_ENSCAFP00000057976	100.0	S	0.0
Mmus_ENSMUSP00000019992	Hsap_ENSP00000230538	100.0	S	0.0
Mmus_ENSMUSP00000019992	Pantro_ENSPTRP00000092161	100.0	S	0.0
Mondom_ENSMODP00000020924	Pantro_ENSPTRP00000089454	100.0	S	0.0
Mondom_ENSMODP00000020924	Hsap_ENSP00000252999	100.0	S	0.0
Mondom_ENSMODP00000020924	Mmus_ENSMUSP00000015791	100.0	S	0.0
Mondom_ENSMODP00000020924	Ratnor_ENSRNOP00000074084	100.0	S	0.0
Tetnig_ENSTNIP00000018283	Drer_ENSDARP00000119869	100.0	S	0.0
Drer_ENSDARP00000150169	Tetnig_ENSTNIP00000020781	100.0	S	0.0
Mondom_ENSMODP00000035538	Ratnor_ENSRNOP00000075948	100.0	S	0.0
Mondom_ENSMODP00000035538	Pantro_ENSPTRP00000016876	100.0	S	0.0
Mondom_ENSMODP00000035538	Canfam_ENSCAFP00000050272	100.0	S	0.0
Mondom_ENSMODP00000035538	Hsap_ENSP00000324532	100.0	S	0.0
Mondom_ENSMODP00000035538	Mmus_ENSMUSP00000089703	100.0	S	0.0
Drer_ENSDARP00000135371	Tetnig_ENSTNIP00000016514	100.0	S	0.0
Galgal_ENSGALP00000036103	Pantro_ENSPTRP00000085556	100.0	S	0.0
Galgal_ENSGALP00000036103	Hsap_ENSP00000374309	100.0	S	0.0
Galgal_ENSGALP00000036103	Canfam_ENSCAFP00000027440	100.0	S	0.0
Galgal_ENSGALP00000036103	Ratnor_ENSRNOP00000023224	100.0	S	0.0
Galgal_ENSGALP00000036103	Mmus_ENSMUSP00000043957	100.0	S	0.0
Galgal_ENSGALP00000036103	Mondom_ENSMODP00000042084	100.0	S	0.0
Hsap_ENSP00000488920	Pantro_ENSPTRP00000045254	100.0	S	0.0
Drer_ENSDARP00000141317	Mondom_ENSMODP00000020041	100.0	S	0.0
Drer_ENSDARP00000141317	Ratnor_ENSRNOP00000034954	100.0	S	0.0
Drer_ENSDARP00000141317	Galgal_ENSGALP00000051462	100.0	S	0.0
Drer_ENSDARP00000141317	Pantro_ENSPTRP00000000536	100.0	S	0.0
Drer_ENSDARP00000141317	Canfam_ENSCAFP00000057109	100.0	S	0.0
Drer_ENSDARP00000141317	Mmus_ENSMUSP00000131316	100.0	S	0.0
Drer_ENSDARP00000141317	Hsap_ENSP00000363827	100.0	S	0.0
Tetnig_ENSTNIP00000015396	Mondom_ENSMODP00000020041	100.0	S	0.0
Tetnig_ENSTNIP00000015396	Ratnor_ENSRNOP00000034954	100.0	S	0.0
Tetnig_ENSTNIP00000015396	Galgal_ENSGALP00000051462	100.0	S	0.0
Tetnig_ENSTNIP00000015396	Pantro_ENSPTRP00000000536	100.0	S	0.0
Tetnig_ENSTNIP00000015396	Canfam_ENSCAFP00000057109	100.0	S	0.0
Tetnig_ENSTNIP00000015396	Mmus_ENSMUSP00000131316	100.0	S	0.0
Tetnig_ENSTNIP00000015396	Hsap_ENSP00000363827	100.0	S	0.0
Galgal_ENSGALP00000015700	Hsap_ENSP00000501296	100.0	S	0.0
Galgal_ENSGALP00000015700	Mmus_ENSMUSP00000050454	100.0	S	0.0
Galgal_ENSGALP00000015700	Canfam_ENSCAFP00000015796	100.0	S	0.0
Galgal_ENSGALP00000015700	Ratnor_ENSRNOP00000004992	100.0	S	0.0
Galgal_ENSGALP00000015700	Pantro_ENSPTRP00000057764	100.0	S	0.0
Nvec_EDO31103	Bralan_BL97224_cuf4	70.0	S	0.0
Mlei_ML05951a-PA	Ratnor_ENSRNOP00000071272	63.0	S	0.0
Mlei_ML05951a-PA	Cele_WBGene00016913.1	63.0	S	0.0
Mlei_ML05951a-PA	Hsap_ENSP00000354360	63.0	S	0.0
Mlei_ML05951a-PA	Drer_ENSDARP00000024860	63.0	S	0.0
Mlei_ML05951a-PA	Mondom_ENSMODP00000015227	63.0	S	0.0
Mlei_ML05951a-PA	Hsap_ENSP00000258341	63.0	S	0.0
Mlei_ML05951a-PA	Drer_ENSDARP00000117247	63.0	S	0.0
Mlei_ML05951a-PA	Dmel_FBpp0076111	63.0	S	0.0
Mlei_ML05951a-PA	Cint_ENSCINP00000014720	63.0	S	0.0
Mlei_ML05951a-PA	Nvec_EDO36523	63.0	S	0.0
Mlei_ML05951a-PA	Tadh_TriadP21436	63.0	S	0.0
Mlei_ML05951a-PA	Mmus_ENSMUSP00000027752	63.0	S	0.0
Mlei_ML05951a-PA	Mmus_ENSMUSP00000028187	63.0	S	0.0
Mlei_ML05951a-PA	Tetnig_ENSTNIP00000001897	63.0	S	0.0
Mlei_ML05951a-PA	Mondom_ENSMODP00000008686	63.0	S	0.0
Mlei_ML05951a-PA	Ratnor_ENSRNOP00000003605	63.0	S	0.0
Mlei_ML05951a-PA	Pantro_ENSPTRP00000089434	63.0	S	0.0
Mlei_ML05951a-PA	Canfam_ENSCAFP00000054457	63.0	S	0.0
Mlei_ML05951a-PA	Pantro_ENSPTRP00000002939	63.0	S	0.0
Mlei_ML05951a-PA	Canfam_ENSCAFP00000040626	63.0	S	0.0
Mlei_ML05951a-PA	Galgal_ENSGALP00000038625	63.0	S	0.0
Mlei_ML05951a-PA	Bralan_BL95807_evm1	63.0	S	0.0
Sman_Smp_148790	Nvec_EDO39502	97.0	S	0.0
Sman_Smp_148790	Tetnig_ENSTNIP00000015655	97.0	S	0.0
Sman_Smp_148790	Galgal_ENSGALP00000012817	97.0	S	0.0
Sman_Smp_148790	Mondom_ENSMODP00000040787	97.0	S	0.0
Sman_Smp_148790	Drer_ENSDARP00000058399	97.0	S	0.0
Sman_Smp_148790	Pantro_ENSPTRP00000069299	97.0	S	0.0
Sman_Smp_148790	Hsap_ENSP00000377191	97.0	S	0.0
Sman_Smp_148790	Pantro_ENSPTRP00000025746	97.0	S	0.0
Sman_Smp_148790	Cint_ENSCINP00000013062	97.0	S	0.0
Sman_Smp_148790	Galgal_ENSGALP00000047623	97.0	S	0.0
Sman_Smp_148790	Hsap_ENSP00000388325	97.0	S	0.0
Sman_Smp_148790	Mondom_ENSMODP00000020390	97.0	S	0.0
Sman_Smp_148790	Drer_ENSDARP00000066944	97.0	S	0.0
Sman_Smp_148790	Dmel_FBpp0079114	97.0	S	0.0
Sman_Smp_148790	Mondom_ENSMODP00000020037	97.0	S	0.0
Sman_Smp_148790	Canfam_ENSCAFP00000060187	97.0	S	0.0
Sman_Smp_148790	Tetnig_ENSTNIP00000005078	97.0	S	0.0
Sman_Smp_148790	Tetnig_ENSTNIP00000016750	97.0	S	0.0
Sman_Smp_148790	Mmus_ENSMUSP00000002979	97.0	S	0.0
Sman_Smp_148790	Ratnor_ENSRNOP00000008321	97.0	S	0.0
Sman_Smp_148790	Pantro_ENSPTRP00000033539	97.0	S	0.0
Sman_Smp_148790	Canfam_ENSCAFP00000017386	97.0	S	0.0
Sman_Smp_148790	Tetnig_ENSTNIP00000005083	97.0	S	0.0
Sman_Smp_148790	Mmus_ENSMUSP00000069087	97.0	S	0.0
Sman_Smp_148790	Ratnor_ENSRNOP00000065052	97.0	S	0.0
Sman_Smp_148790	Drer_ENSDARP00000156839	97.0	S	0.0
Sman_Smp_148790	Drer_ENSDARP00000123269	97.0	S	0.0
Sman_Smp_148790	Drer_ENSDARP00000131540	97.0	S	0.0
Sman_Smp_148790	Hsap_ENSP00000205386	97.0	S	0.0
Sman_Smp_148790	Canfam_ENSCAFP00000049135	97.0	S	0.0
Sman_Smp_148790	Drer_ENSDARP00000048365	97.0	S	0.0
Sman_Smp_148790	Tetnig_ENSTNIP00000016749	97.0	S	0.0
Sman_Smp_148790	Mondom_ENSMODP00000056254	97.0	S	0.0
Sman_Smp_148790	Galgal_ENSGALP00000067061	97.0	S	0.0
Sman_Smp_148790	Cele_WBGene00002247.1	97.0	S	0.0
Mmus_ENSMUSP00000019992	Ratnor_ENSRNOP00000000737	100.0	S	0.0
Canfam_ENSCAFP00000057976	Hsap_ENSP00000230538	100.0	S	0.0
Canfam_ENSCAFP00000057976	Pantro_ENSPTRP00000092161	100.0	S	0.0
Pantro_ENSPTRP00000089454	Mmus_ENSMUSP00000015791	100.0	S	0.0
Pantro_ENSPTRP00000089454	Ratnor_ENSRNOP00000074084	100.0	S	0.0
Hsap_ENSP00000252999	Mmus_ENSMUSP00000015791	100.0	S	0.0
Hsap_ENSP00000252999	Ratnor_ENSRNOP00000074084	100.0	S	0.0
Canfam_ENSCAFP00000050272	Hsap_ENSP00000324532	100.0	S	0.0
Canfam_ENSCAFP00000050272	Mmus_ENSMUSP00000089703	100.0	S	0.0
Canfam_ENSCAFP00000050272	Ratnor_ENSRNOP00000075948	100.0	S	0.0
Canfam_ENSCAFP00000050272	Pantro_ENSPTRP00000016876	100.0	S	0.0
Mondom_ENSMODP00000042084	Pantro_ENSPTRP00000085556	100.0	S	0.0
Mondom_ENSMODP00000042084	Hsap_ENSP00000374309	100.0	S	0.0
Mondom_ENSMODP00000042084	Canfam_ENSCAFP00000027440	100.0	S	0.0
Mondom_ENSMODP00000042084	Ratnor_ENSRNOP00000023224	100.0	S	0.0
Mondom_ENSMODP00000042084	Mmus_ENSMUSP00000043957	100.0	S	0.0
Tetnig_ENSTNIP00000019514	Drer_ENSDARP00000131993	93.0	S	0.0
Galgal_ENSGALP00000066070	Mmus_ENSMUSP00000090304	90.0	S	0.0
Galgal_ENSGALP00000066070	Hsap_ENSP00000400365	90.0	S	0.0
Galgal_ENSGALP00000066070	Ratnor_ENSRNOP00000070049	90.0	S	0.0
Galgal_ENSGALP00000066070	Canfam_ENSCAFP00000031428	90.0	S	0.0
Galgal_ENSGALP00000066070	Pantro_ENSPTRP00000031732	90.0	S	0.0
Galgal_ENSGALP00000066070	Mondom_ENSMODP00000040336	90.0	S	0.0
Tetnig_ENSTNIP00000015396	Drer_ENSDARP00000141317	100.0	S	0.0
Galgal_ENSGALP00000051462	Mondom_ENSMODP00000020041	100.0	S	0.0
Galgal_ENSGALP00000051462	Ratnor_ENSRNOP00000034954	100.0	S	0.0
Galgal_ENSGALP00000051462	Pantro_ENSPTRP00000000536	100.0	S	0.0
Galgal_ENSGALP00000051462	Canfam_ENSCAFP00000057109	100.0	S	0.0
Galgal_ENSGALP00000051462	Mmus_ENSMUSP00000131316	100.0	S	0.0
Galgal_ENSGALP00000051462	Hsap_ENSP00000363827	100.0	S	0.0
Mmus_ENSMUSP00000050454	Hsap_ENSP00000501296	100.0	S	0.0
Mmus_ENSMUSP00000050454	Canfam_ENSCAFP00000015796	100.0	S	0.0
Mmus_ENSMUSP00000050454	Pantro_ENSPTRP00000057764	100.0	S	0.0
Ratnor_ENSRNOP00000004992	Hsap_ENSP00000501296	100.0	S	0.0
Ratnor_ENSRNOP00000004992	Canfam_ENSCAFP00000015796	100.0	S	0.0
Ratnor_ENSRNOP00000004992	Pantro_ENSPTRP00000057764	100.0	S	0.0
Tadh_TriadP21436	Ratnor_ENSRNOP00000071272	99.0	S	0.0
Tadh_TriadP21436	Cele_WBGene00016913.1	99.0	S	0.0
Tadh_TriadP21436	Hsap_ENSP00000354360	99.0	S	0.0
Tadh_TriadP21436	Drer_ENSDARP00000024860	99.0	S	0.0
Tadh_TriadP21436	Mondom_ENSMODP00000015227	99.0	S	0.0
Tadh_TriadP21436	Hsap_ENSP00000258341	99.0	S	0.0
Tadh_TriadP21436	Drer_ENSDARP00000117247	99.0	S	0.0
Tadh_TriadP21436	Dmel_FBpp0076111	99.0	S	0.0
Tadh_TriadP21436	Cint_ENSCINP00000014720	99.0	S	0.0
Tadh_TriadP21436	Nvec_EDO36523	99.0	S	0.0
Tadh_TriadP21436	Mmus_ENSMUSP00000027752	99.0	S	0.0
Tadh_TriadP21436	Mmus_ENSMUSP00000028187	99.0	S	0.0
Tadh_TriadP21436	Tetnig_ENSTNIP00000001897	99.0	S	0.0
Tadh_TriadP21436	Mondom_ENSMODP00000008686	99.0	S	0.0
Tadh_TriadP21436	Ratnor_ENSRNOP00000003605	99.0	S	0.0
Tadh_TriadP21436	Pantro_ENSPTRP00000089434	99.0	S	0.0
Tadh_TriadP21436	Canfam_ENSCAFP00000054457	99.0	S	0.0
Tadh_TriadP21436	Pantro_ENSPTRP00000002939	99.0	S	0.0
Tadh_TriadP21436	Canfam_ENSCAFP00000040626	99.0	S	0.0
Tadh_TriadP21436	Galgal_ENSGALP00000038625	99.0	S	0.0
Tadh_TriadP21436	Bralan_BL95807_evm1	99.0	S	0.0
Nvec_EDO39502	Tetnig_ENSTNIP00000015655	78.0	S	0.0
Nvec_EDO39502	Galgal_ENSGALP00000012817	78.0	S	0.0
Nvec_EDO39502	Mondom_ENSMODP00000040787	78.0	S	0.0
Nvec_EDO39502	Drer_ENSDARP00000058399	78.0	S	0.0
Nvec_EDO39502	Pantro_ENSPTRP00000069299	78.0	S	0.0
Nvec_EDO39502	Hsap_ENSP00000377191	78.0	S	0.0
Nvec_EDO39502	Pantro_ENSPTRP00000025746	78.0	S	0.0
Nvec_EDO39502	Cint_ENSCINP00000013062	78.0	S	0.0
Nvec_EDO39502	Galgal_ENSGALP00000047623	78.0	S	0.0
Nvec_EDO39502	Hsap_ENSP00000388325	78.0	S	0.0
Nvec_EDO39502	Mondom_ENSMODP00000020390	78.0	S	0.0
Nvec_EDO39502	Drer_ENSDARP00000066944	78.0	S	0.0
Nvec_EDO39502	Dmel_FBpp0079114	78.0	S	0.0
Nvec_EDO39502	Mondom_ENSMODP00000020037	78.0	S	0.0
Nvec_EDO39502	Canfam_ENSCAFP00000060187	78.0	S	0.0
Nvec_EDO39502	Tetnig_ENSTNIP00000005078	78.0	S	0.0
Nvec_EDO39502	Tetnig_ENSTNIP00000016750	78.0	S	0.0
Nvec_EDO39502	Mmus_ENSMUSP00000002979	78.0	S	0.0
Nvec_EDO39502	Ratnor_ENSRNOP00000008321	78.0	S	0.0
Nvec_EDO39502	Pantro_ENSPTRP00000033539	78.0	S	0.0
Nvec_EDO39502	Canfam_ENSCAFP00000017386	78.0	S	0.0
Nvec_EDO39502	Tetnig_ENSTNIP00000005083	78.0	S	0.0
Nvec_EDO39502	Mmus_ENSMUSP00000069087	78.0	S	0.0
Nvec_EDO39502	Ratnor_ENSRNOP00000065052	78.0	S	0.0
Nvec_EDO39502	Drer_ENSDARP00000156839	78.0	S	0.0
Nvec_EDO39502	Drer_ENSDARP00000123269	78.0	S	0.0
Nvec_EDO39502	Drer_ENSDARP00000131540	78.0	S	0.0
Nvec_EDO39502	Hsap_ENSP00000205386	78.0	S	0.0
Nvec_EDO39502	Canfam_ENSCAFP00000049135	78.0	S	0.0
Nvec_EDO39502	Drer_ENSDARP00000048365	78.0	S	0.0
Nvec_EDO39502	Tetnig_ENSTNIP00000016749	78.0	S	0.0
Nvec_EDO39502	Mondom_ENSMODP00000056254	78.0	S	0.0
Nvec_EDO39502	Galgal_ENSGALP00000067061	78.0	S	0.0
Nvec_EDO39502	Cele_WBGene00002247.1	78.0	S	0.0
Pantro_ENSPTRP00000092161	Hsap_ENSP00000230538	100.0	S	0.0
Hsap_ENSP00000252999	Pantro_ENSPTRP00000089454	100.0	S	0.0
Ratnor_ENSRNOP00000074084	Mmus_ENSMUSP00000015791	100.0	S	0.0
Mmus_ENSMUSP00000089703	Hsap_ENSP00000324532	97.0	S	0.0
Mmus_ENSMUSP00000089703	Pantro_ENSPTRP00000016876	97.0	S	0.0
Ratnor_ENSRNOP00000075948	Hsap_ENSP00000324532	97.0	S	0.0
Ratnor_ENSRNOP00000075948	Pantro_ENSPTRP00000016876	97.0	S	0.0
Canfam_ENSCAFP00000027440	Pantro_ENSPTRP00000085556	100.0	S	0.0
Canfam_ENSCAFP00000027440	Mmus_ENSMUSP00000043957	100.0	S	0.0
Canfam_ENSCAFP00000027440	Hsap_ENSP00000374309	100.0	S	0.0
Canfam_ENSCAFP00000027440	Ratnor_ENSRNOP00000023224	100.0	S	0.0
Mondom_ENSMODP00000040336	Mmus_ENSMUSP00000090304	99.0	S	0.0
Mondom_ENSMODP00000040336	Hsap_ENSP00000400365	99.0	S	0.0
Mondom_ENSMODP00000040336	Ratnor_ENSRNOP00000070049	99.0	S	0.0
Mondom_ENSMODP00000040336	Canfam_ENSCAFP00000031428	99.0	S	0.0
Mondom_ENSMODP00000040336	Pantro_ENSPTRP00000031732	99.0	S	0.0
Mondom_ENSMODP00000020041	Ratnor_ENSRNOP00000034954	100.0	S	0.0
Mondom_ENSMODP00000020041	Hsap_ENSP00000363827	100.0	S	0.0
Mondom_ENSMODP00000020041	Canfam_ENSCAFP00000057109	100.0	S	0.0
Mondom_ENSMODP00000020041	Mmus_ENSMUSP00000131316	100.0	S	0.0
Mondom_ENSMODP00000020041	Pantro_ENSPTRP00000000536	100.0	S	0.0
Ratnor_ENSRNOP00000004992	Mmus_ENSMUSP00000050454	100.0	S	0.0
Canfam_ENSCAFP00000015796	Hsap_ENSP00000501296	98.0	S	0.0
Canfam_ENSCAFP00000015796	Pantro_ENSPTRP00000057764	98.0	S	0.0
Nvec_EDO36523	Ratnor_ENSRNOP00000003605	100.0	S	0.0
Nvec_EDO36523	Ratnor_ENSRNOP00000071272	100.0	S	0.0
Nvec_EDO36523	Pantro_ENSPTRP00000089434	100.0	S	0.0
Nvec_EDO36523	Canfam_ENSCAFP00000054457	100.0	S	0.0
Nvec_EDO36523	Cele_WBGene00016913.1	100.0	S	0.0
Nvec_EDO36523	Hsap_ENSP00000354360	100.0	S	0.0
Nvec_EDO36523	Mmus_ENSMUSP00000027752	100.0	S	0.0
Nvec_EDO36523	Pantro_ENSPTRP00000002939	100.0	S	0.0
Nvec_EDO36523	Drer_ENSDARP00000024860	100.0	S	0.0
Nvec_EDO36523	Canfam_ENSCAFP00000040626	100.0	S	0.0
Nvec_EDO36523	Dmel_FBpp0076111	100.0	S	0.0
Nvec_EDO36523	Cint_ENSCINP00000014720	100.0	S	0.0
Nvec_EDO36523	Bralan_BL95807_evm1	100.0	S	0.0
Nvec_EDO36523	Tetnig_ENSTNIP00000001897	100.0	S	0.0
Nvec_EDO36523	Mmus_ENSMUSP00000028187	100.0	S	0.0
Nvec_EDO36523	Galgal_ENSGALP00000038625	100.0	S	0.0
Nvec_EDO36523	Hsap_ENSP00000258341	100.0	S	0.0
Nvec_EDO36523	Mondom_ENSMODP00000015227	100.0	S	0.0
Nvec_EDO36523	Drer_ENSDARP00000117247	100.0	S	0.0
Nvec_EDO36523	Mondom_ENSMODP00000008686	100.0	S	0.0
Cele_WBGene00002247.1	Tetnig_ENSTNIP00000015655	78.0	S	0.0
Cele_WBGene00002247.1	Galgal_ENSGALP00000012817	78.0	S	0.0
Cele_WBGene00002247.1	Mondom_ENSMODP00000040787	78.0	S	0.0
Cele_WBGene00002247.1	Drer_ENSDARP00000058399	78.0	S	0.0
Cele_WBGene00002247.1	Pantro_ENSPTRP00000069299	78.0	S	0.0
Cele_WBGene00002247.1	Hsap_ENSP00000377191	78.0	S	0.0
Cele_WBGene00002247.1	Pantro_ENSPTRP00000025746	78.0	S	0.0
Cele_WBGene00002247.1	Cint_ENSCINP00000013062	78.0	S	0.0
Cele_WBGene00002247.1	Galgal_ENSGALP00000047623	78.0	S	0.0
Cele_WBGene00002247.1	Hsap_ENSP00000388325	78.0	S	0.0
Cele_WBGene00002247.1	Mondom_ENSMODP00000020390	78.0	S	0.0
Cele_WBGene00002247.1	Drer_ENSDARP00000066944	78.0	S	0.0
Cele_WBGene00002247.1	Mondom_ENSMODP00000020037	78.0	S	0.0
Cele_WBGene00002247.1	Canfam_ENSCAFP00000060187	78.0	S	0.0
Cele_WBGene00002247.1	Tetnig_ENSTNIP00000005078	78.0	S	0.0
Cele_WBGene00002247.1	Tetnig_ENSTNIP00000016750	78.0	S	0.0
Cele_WBGene00002247.1	Mmus_ENSMUSP00000002979	78.0	S	0.0
Cele_WBGene00002247.1	Ratnor_ENSRNOP00000008321	78.0	S	0.0
Cele_WBGene00002247.1	Pantro_ENSPTRP00000033539	78.0	S	0.0
Cele_WBGene00002247.1	Canfam_ENSCAFP00000017386	78.0	S	0.0
Cele_WBGene00002247.1	Tetnig_ENSTNIP00000005083	78.0	S	0.0
Cele_WBGene00002247.1	Mmus_ENSMUSP00000069087	78.0	S	0.0
Cele_WBGene00002247.1	Ratnor_ENSRNOP00000065052	78.0	S	0.0
Cele_WBGene00002247.1	Drer_ENSDARP00000156839	78.0	S	0.0
Cele_WBGene00002247.1	Drer_ENSDARP00000123269	78.0	S	0.0
Cele_WBGene00002247.1	Drer_ENSDARP00000131540	78.0	S	0.0
Cele_WBGene00002247.1	Hsap_ENSP00000205386	78.0	S	0.0
Cele_WBGene00002247.1	Canfam_ENSCAFP00000049135	78.0	S	0.0
Cele_WBGene00002247.1	Drer_ENSDARP00000048365	78.0	S	0.0
Cele_WBGene00002247.1	Tetnig_ENSTNIP00000016749	78.0	S	0.0
Cele_WBGene00002247.1	Mondom_ENSMODP00000056254	78.0	S	0.0
Cele_WBGene00002247.1	Galgal_ENSGALP00000067061	78.0	S	0.0
Dmel_FBpp0079114	Tetnig_ENSTNIP00000015655	78.0	S	0.0
Dmel_FBpp0079114	Galgal_ENSGALP00000012817	78.0	S	0.0
Dmel_FBpp0079114	Mondom_ENSMODP00000040787	78.0	S	0.0
Dmel_FBpp0079114	Drer_ENSDARP00000058399	78.0	S	0.0
Dmel_FBpp0079114	Pantro_ENSPTRP00000069299	78.0	S	0.0
Dmel_FBpp0079114	Hsap_ENSP00000377191	78.0	S	0.0
Dmel_FBpp0079114	Pantro_ENSPTRP00000025746	78.0	S	0.0
Dmel_FBpp0079114	Cint_ENSCINP00000013062	78.0	S	0.0
Dmel_FBpp0079114	Galgal_ENSGALP00000047623	78.0	S	0.0
Dmel_FBpp0079114	Hsap_ENSP00000388325	78.0	S	0.0
Dmel_FBpp0079114	Mondom_ENSMODP00000020390	78.0	S	0.0
Dmel_FBpp0079114	Drer_ENSDARP00000066944	78.0	S	0.0
Dmel_FBpp0079114	Mondom_ENSMODP00000020037	78.0	S	0.0
Dmel_FBpp0079114	Canfam_ENSCAFP00000060187	78.0	S	0.0
Dmel_FBpp0079114	Tetnig_ENSTNIP00000005078	78.0	S	0.0
Dmel_FBpp0079114	Tetnig_ENSTNIP00000016750	78.0	S	0.0
Dmel_FBpp0079114	Mmus_ENSMUSP00000002979	78.0	S	0.0
Dmel_FBpp0079114	Ratnor_ENSRNOP00000008321	78.0	S	0.0
Dmel_FBpp0079114	Pantro_ENSPTRP00000033539	78.0	S	0.0
Dmel_FBpp0079114	Canfam_ENSCAFP00000017386	78.0	S	0.0
Dmel_FBpp0079114	Tetnig_ENSTNIP00000005083	78.0	S	0.0
Dmel_FBpp0079114	Mmus_ENSMUSP00000069087	78.0	S	0.0
Dmel_FBpp0079114	Ratnor_ENSRNOP00000065052	78.0	S	0.0
Dmel_FBpp0079114	Drer_ENSDARP00000156839	78.0	S	0.0
Dmel_FBpp0079114	Drer_ENSDARP00000123269	78.0	S	0.0
Dmel_FBpp0079114	Drer_ENSDARP00000131540	78.0	S	0.0
Dmel_FBpp0079114	Hsap_ENSP00000205386	78.0	S	0.0
Dmel_FBpp0079114	Canfam_ENSCAFP00000049135	78.0	S	0.0
Dmel_FBpp0079114	Drer_ENSDARP00000048365	78.0	S	0.0
Dmel_FBpp0079114	Tetnig_ENSTNIP00000016749	78.0	S	0.0
Dmel_FBpp0079114	Mondom_ENSMODP00000056254	78.0	S	0.0
Dmel_FBpp0079114	Galgal_ENSGALP00000067061	78.0	S	0.0
Mmus_ENSMUSP00000089703	Ratnor_ENSRNOP00000075948	100.0	S	0.0
Pantro_ENSPTRP00000016876	Hsap_ENSP00000324532	100.0	S	0.0
Mmus_ENSMUSP00000043957	Pantro_ENSPTRP00000085556	97.0	S	0.0
Mmus_ENSMUSP00000043957	Hsap_ENSP00000374309	97.0	S	0.0
Ratnor_ENSRNOP00000023224	Pantro_ENSPTRP00000085556	97.0	S	0.0
Ratnor_ENSRNOP00000023224	Hsap_ENSP00000374309	97.0	S	0.0
Canfam_ENSCAFP00000031428	Mmus_ENSMUSP00000090304	100.0	S	0.0
Canfam_ENSCAFP00000031428	Pantro_ENSPTRP00000031732	100.0	S	0.0
Canfam_ENSCAFP00000031428	Hsap_ENSP00000400365	100.0	S	0.0
Canfam_ENSCAFP00000031428	Ratnor_ENSRNOP00000070049	100.0	S	0.0
Ratnor_ENSRNOP00000034954	Canfam_ENSCAFP00000057109	100.0	S	0.0
Ratnor_ENSRNOP00000034954	Pantro_ENSPTRP00000000536	100.0	S	0.0
Ratnor_ENSRNOP00000034954	Hsap_ENSP00000363827	100.0	S	0.0
Mmus_ENSMUSP00000131316	Canfam_ENSCAFP00000057109	100.0	S	0.0
Mmus_ENSMUSP00000131316	Pantro_ENSPTRP00000000536	100.0	S	0.0
Mmus_ENSMUSP00000131316	Hsap_ENSP00000363827	100.0	S	0.0
Pantro_ENSPTRP00000057764	Hsap_ENSP00000501296	100.0	S	0.0
Dmel_FBpp0076111	Ratnor_ENSRNOP00000003605	99.0	S	0.0
Dmel_FBpp0076111	Ratnor_ENSRNOP00000071272	99.0	S	0.0
Dmel_FBpp0076111	Pantro_ENSPTRP00000089434	99.0	S	0.0
Dmel_FBpp0076111	Canfam_ENSCAFP00000054457	99.0	S	0.0
Dmel_FBpp0076111	Hsap_ENSP00000354360	99.0	S	0.0
Dmel_FBpp0076111	Mmus_ENSMUSP00000027752	99.0	S	0.0
Dmel_FBpp0076111	Pantro_ENSPTRP00000002939	99.0	S	0.0
Dmel_FBpp0076111	Drer_ENSDARP00000024860	99.0	S	0.0
Dmel_FBpp0076111	Canfam_ENSCAFP00000040626	99.0	S	0.0
Dmel_FBpp0076111	Cint_ENSCINP00000014720	99.0	S	0.0
Dmel_FBpp0076111	Bralan_BL95807_evm1	99.0	S	0.0
Dmel_FBpp0076111	Tetnig_ENSTNIP00000001897	99.0	S	0.0
Dmel_FBpp0076111	Mmus_ENSMUSP00000028187	99.0	S	0.0
Dmel_FBpp0076111	Galgal_ENSGALP00000038625	99.0	S	0.0
Dmel_FBpp0076111	Hsap_ENSP00000258341	99.0	S	0.0
Dmel_FBpp0076111	Mondom_ENSMODP00000015227	99.0	S	0.0
Dmel_FBpp0076111	Drer_ENSDARP00000117247	99.0	S	0.0
Dmel_FBpp0076111	Mondom_ENSMODP00000008686	99.0	S	0.0
Cele_WBGene00016913.1	Ratnor_ENSRNOP00000003605	99.0	S	0.0
Cele_WBGene00016913.1	Ratnor_ENSRNOP00000071272	99.0	S	0.0
Cele_WBGene00016913.1	Pantro_ENSPTRP00000089434	99.0	S	0.0
Cele_WBGene00016913.1	Canfam_ENSCAFP00000054457	99.0	S	0.0
Cele_WBGene00016913.1	Hsap_ENSP00000354360	99.0	S	0.0
Cele_WBGene00016913.1	Mmus_ENSMUSP00000027752	99.0	S	0.0
Cele_WBGene00016913.1	Pantro_ENSPTRP00000002939	99.0	S	0.0
Cele_WBGene00016913.1	Drer_ENSDARP00000024860	99.0	S	0.0
Cele_WBGene00016913.1	Canfam_ENSCAFP00000040626	99.0	S	0.0
Cele_WBGene00016913.1	Cint_ENSCINP00000014720	99.0	S	0.0
Cele_WBGene00016913.1	Bralan_BL95807_evm1	99.0	S	0.0
Cele_WBGene00016913.1	Tetnig_ENSTNIP00000001897	99.0	S	0.0
Cele_WBGene00016913.1	Mmus_ENSMUSP00000028187	99.0	S	0.0
Cele_WBGene00016913.1	Galgal_ENSGALP00000038625	99.0	S	0.0
Cele_WBGene00016913.1	Hsap_ENSP00000258341	99.0	S	0.0
Cele_WBGene00016913.1	Mondom_ENSMODP00000015227	99.0	S	0.0
Cele_WBGene00016913.1	Drer_ENSDARP00000117247	99.0	S	0.0
Cele_WBGene00016913.1	Mondom_ENSMODP00000008686	99.0	S	0.0
Dmel_FBpp0079114	Cele_WBGene00002247.1	100.0	S	0.0
Cint_ENSCINP00000013062	Tetnig_ENSTNIP00000015655	98.0	S	0.0
Cint_ENSCINP00000013062	Galgal_ENSGALP00000012817	98.0	S	0.0
Cint_ENSCINP00000013062	Mondom_ENSMODP00000040787	98.0	S	0.0
Cint_ENSCINP00000013062	Drer_ENSDARP00000058399	98.0	S	0.0
Cint_ENSCINP00000013062	Pantro_ENSPTRP00000069299	98.0	S	0.0
Cint_ENSCINP00000013062	Hsap_ENSP00000377191	98.0	S	0.0
Cint_ENSCINP00000013062	Pantro_ENSPTRP00000025746	98.0	S	0.0
Cint_ENSCINP00000013062	Galgal_ENSGALP00000047623	98.0	S	0.0
Cint_ENSCINP00000013062	Hsap_ENSP00000388325	98.0	S	0.0
Cint_ENSCINP00000013062	Mondom_ENSMODP00000020390	98.0	S	0.0
Cint_ENSCINP00000013062	Drer_ENSDARP00000066944	98.0	S	0.0
Cint_ENSCINP00000013062	Mondom_ENSMODP00000020037	98.0	S	0.0
Cint_ENSCINP00000013062	Canfam_ENSCAFP00000060187	98.0	S	0.0
Cint_ENSCINP00000013062	Tetnig_ENSTNIP00000005078	98.0	S	0.0
Cint_ENSCINP00000013062	Tetnig_ENSTNIP00000016750	98.0	S	0.0
Cint_ENSCINP00000013062	Mmus_ENSMUSP00000002979	98.0	S	0.0
Cint_ENSCINP00000013062	Ratnor_ENSRNOP00000008321	98.0	S	0.0
Cint_ENSCINP00000013062	Pantro_ENSPTRP00000033539	98.0	S	0.0
Cint_ENSCINP00000013062	Canfam_ENSCAFP00000017386	98.0	S	0.0
Cint_ENSCINP00000013062	Tetnig_ENSTNIP00000005083	98.0	S	0.0
Cint_ENSCINP00000013062	Mmus_ENSMUSP00000069087	98.0	S	0.0
Cint_ENSCINP00000013062	Ratnor_ENSRNOP00000065052	98.0	S	0.0
Cint_ENSCINP00000013062	Drer_ENSDARP00000156839	98.0	S	0.0
Cint_ENSCINP00000013062	Drer_ENSDARP00000123269	98.0	S	0.0
Cint_ENSCINP00000013062	Drer_ENSDARP00000131540	98.0	S	0.0
Cint_ENSCINP00000013062	Hsap_ENSP00000205386	98.0	S	0.0
Cint_ENSCINP00000013062	Canfam_ENSCAFP00000049135	98.0	S	0.0
Cint_ENSCINP00000013062	Drer_ENSDARP00000048365	98.0	S	0.0
Cint_ENSCINP00000013062	Tetnig_ENSTNIP00000016749	98.0	S	0.0
Cint_ENSCINP00000013062	Mondom_ENSMODP00000056254	98.0	S	0.0
Cint_ENSCINP00000013062	Galgal_ENSGALP00000067061	98.0	S	0.0
Mmus_ENSMUSP00000043957	Ratnor_ENSRNOP00000023224	100.0	S	0.0
Hsap_ENSP00000374309	Pantro_ENSPTRP00000085556	100.0	S	0.0
Mmus_ENSMUSP00000090304	Pantro_ENSPTRP00000031732	98.0	S	0.0
Mmus_ENSMUSP00000090304	Hsap_ENSP00000400365	98.0	S	0.0
Ratnor_ENSRNOP00000070049	Pantro_ENSPTRP00000031732	98.0	S	0.0
Ratnor_ENSRNOP00000070049	Hsap_ENSP00000400365	98.0	S	0.0
Mmus_ENSMUSP00000131316	Ratnor_ENSRNOP00000034954	100.0	S	0.0
Canfam_ENSCAFP00000057109	Pantro_ENSPTRP00000000536	99.0	S	0.0
Canfam_ENSCAFP00000057109	Hsap_ENSP00000363827	99.0	S	0.0
Dmel_FBpp0076111	Cele_WBGene00016913.1	100.0	S	0.0
Bralan_BL95807_evm1	Ratnor_ENSRNOP00000003605	94.0	S	0.0
Bralan_BL95807_evm1	Ratnor_ENSRNOP00000071272	94.0	S	0.0
Bralan_BL95807_evm1	Pantro_ENSPTRP00000089434	94.0	S	0.0
Bralan_BL95807_evm1	Canfam_ENSCAFP00000054457	94.0	S	0.0
Bralan_BL95807_evm1	Hsap_ENSP00000354360	94.0	S	0.0
Bralan_BL95807_evm1	Mmus_ENSMUSP00000027752	94.0	S	0.0
Bralan_BL95807_evm1	Pantro_ENSPTRP00000002939	94.0	S	0.0
Bralan_BL95807_evm1	Drer_ENSDARP00000024860	94.0	S	0.0
Bralan_BL95807_evm1	Canfam_ENSCAFP00000040626	94.0	S	0.0
Bralan_BL95807_evm1	Cint_ENSCINP00000014720	94.0	S	0.0
Bralan_BL95807_evm1	Tetnig_ENSTNIP00000001897	94.0	S	0.0
Bralan_BL95807_evm1	Mondom_ENSMODP00000015227	94.0	S	0.0
Bralan_BL95807_evm1	Mmus_ENSMUSP00000028187	94.0	S	0.0
Bralan_BL95807_evm1	Galgal_ENSGALP00000038625	94.0	S	0.0
Bralan_BL95807_evm1	Hsap_ENSP00000258341	94.0	S	0.0
Bralan_BL95807_evm1	Drer_ENSDARP00000117247	94.0	S	0.0
Bralan_BL95807_evm1	Mondom_ENSMODP00000008686	94.0	S	0.0
Mmus_ENSMUSP00000090304	Ratnor_ENSRNOP00000070049	100.0	S	0.0
Hsap_ENSP00000400365	Pantro_ENSPTRP00000031732	100.0	S	0.0
Hsap_ENSP00000363827	Pantro_ENSPTRP00000000536	100.0	S	0.0
Cint_ENSCINP00000014720	Ratnor_ENSRNOP00000003605	98.0	S	0.0
Cint_ENSCINP00000014720	Ratnor_ENSRNOP00000071272	98.0	S	0.0
Cint_ENSCINP00000014720	Pantro_ENSPTRP00000089434	98.0	S	0.0
Cint_ENSCINP00000014720	Canfam_ENSCAFP00000054457	98.0	S	0.0
Cint_ENSCINP00000014720	Hsap_ENSP00000354360	98.0	S	0.0
Cint_ENSCINP00000014720	Mmus_ENSMUSP00000027752	98.0	S	0.0
Cint_ENSCINP00000014720	Pantro_ENSPTRP00000002939	98.0	S	0.0
Cint_ENSCINP00000014720	Drer_ENSDARP00000024860	98.0	S	0.0
Cint_ENSCINP00000014720	Canfam_ENSCAFP00000040626	98.0	S	0.0
Cint_ENSCINP00000014720	Tetnig_ENSTNIP00000001897	98.0	S	0.0
Cint_ENSCINP00000014720	Mondom_ENSMODP00000015227	98.0	S	0.0
Cint_ENSCINP00000014720	Mmus_ENSMUSP00000028187	98.0	S	0.0
Cint_ENSCINP00000014720	Galgal_ENSGALP00000038625	98.0	S	0.0
Cint_ENSCINP00000014720	Hsap_ENSP00000258341	98.0	S	0.0
Cint_ENSCINP00000014720	Drer_ENSDARP00000117247	98.0	S	0.0
Cint_ENSCINP00000014720	Mondom_ENSMODP00000008686	98.0	S	0.0
Mondom_ENSMODP00000056254	Tetnig_ENSTNIP00000005078	86.0	S	0.0
Mondom_ENSMODP00000056254	Drer_ENSDARP00000048365	86.0	S	0.0
Tetnig_ENSTNIP00000016749	Hsap_ENSP00000205386	99.0	S	0.0
Tetnig_ENSTNIP00000016749	Pantro_ENSPTRP00000033539	99.0	S	0.0
Tetnig_ENSTNIP00000016749	Mondom_ENSMODP00000020037	99.0	S	0.0
Tetnig_ENSTNIP00000016749	Canfam_ENSCAFP00000060187	99.0	S	0.0
Tetnig_ENSTNIP00000016749	Galgal_ENSGALP00000067061	99.0	S	0.0
Drer_ENSDARP00000058399	Hsap_ENSP00000205386	99.0	S	0.0
Drer_ENSDARP00000058399	Pantro_ENSPTRP00000033539	99.0	S	0.0
Drer_ENSDARP00000058399	Mondom_ENSMODP00000020037	99.0	S	0.0
Drer_ENSDARP00000058399	Canfam_ENSCAFP00000060187	99.0	S	0.0
Drer_ENSDARP00000058399	Galgal_ENSGALP00000067061	99.0	S	0.0
Drer_ENSDARP00000123269	Pantro_ENSPTRP00000025746	86.0	S	0.0
Drer_ENSDARP00000123269	Galgal_ENSGALP00000047623	86.0	S	0.0
Drer_ENSDARP00000123269	Hsap_ENSP00000388325	86.0	S	0.0
Drer_ENSDARP00000123269	Canfam_ENSCAFP00000017386	86.0	S	0.0
Drer_ENSDARP00000123269	Ratnor_ENSRNOP00000065052	86.0	S	0.0
Drer_ENSDARP00000123269	Mondom_ENSMODP00000040787	86.0	S	0.0
Drer_ENSDARP00000123269	Mmus_ENSMUSP00000069087	86.0	S	0.0
Tetnig_ENSTNIP00000005083	Pantro_ENSPTRP00000025746	86.0	S	0.0
Tetnig_ENSTNIP00000005083	Galgal_ENSGALP00000047623	86.0	S	0.0
Tetnig_ENSTNIP00000005083	Hsap_ENSP00000388325	86.0	S	0.0
Tetnig_ENSTNIP00000005083	Canfam_ENSCAFP00000017386	86.0	S	0.0
Tetnig_ENSTNIP00000005083	Ratnor_ENSRNOP00000065052	86.0	S	0.0
Tetnig_ENSTNIP00000005083	Mondom_ENSMODP00000040787	86.0	S	0.0
Tetnig_ENSTNIP00000005083	Mmus_ENSMUSP00000069087	86.0	S	0.0
Drer_ENSDARP00000156839	Hsap_ENSP00000377191	100.0	S	0.0
Drer_ENSDARP00000156839	Mmus_ENSMUSP00000002979	100.0	S	0.0
Drer_ENSDARP00000156839	Ratnor_ENSRNOP00000008321	100.0	S	0.0
Drer_ENSDARP00000156839	Mondom_ENSMODP00000020390	100.0	S	0.0
Drer_ENSDARP00000156839	Canfam_ENSCAFP00000049135	100.0	S	0.0
Drer_ENSDARP00000156839	Galgal_ENSGALP00000012817	100.0	S	0.0
Drer_ENSDARP00000156839	Pantro_ENSPTRP00000069299	100.0	S	0.0
Tetnig_ENSTNIP00000016750	Hsap_ENSP00000377191	100.0	S	0.0
Tetnig_ENSTNIP00000016750	Mmus_ENSMUSP00000002979	100.0	S	0.0
Tetnig_ENSTNIP00000016750	Ratnor_ENSRNOP00000008321	100.0	S	0.0
Tetnig_ENSTNIP00000016750	Mondom_ENSMODP00000020390	100.0	S	0.0
Tetnig_ENSTNIP00000016750	Canfam_ENSCAFP00000049135	100.0	S	0.0
Tetnig_ENSTNIP00000016750	Galgal_ENSGALP00000012817	100.0	S	0.0
Tetnig_ENSTNIP00000016750	Pantro_ENSPTRP00000069299	100.0	S	0.0
Drer_ENSDARP00000131540	Hsap_ENSP00000377191	100.0	S	0.0
Drer_ENSDARP00000131540	Mmus_ENSMUSP00000002979	100.0	S	0.0
Drer_ENSDARP00000131540	Ratnor_ENSRNOP00000008321	100.0	S	0.0
Drer_ENSDARP00000131540	Mondom_ENSMODP00000020390	100.0	S	0.0
Drer_ENSDARP00000131540	Canfam_ENSCAFP00000049135	100.0	S	0.0
Drer_ENSDARP00000131540	Galgal_ENSGALP00000012817	100.0	S	0.0
Drer_ENSDARP00000131540	Pantro_ENSPTRP00000069299	100.0	S	0.0
Tetnig_ENSTNIP00000015655	Hsap_ENSP00000377191	100.0	S	0.0
Tetnig_ENSTNIP00000015655	Mmus_ENSMUSP00000002979	100.0	S	0.0
Tetnig_ENSTNIP00000015655	Ratnor_ENSRNOP00000008321	100.0	S	0.0
Tetnig_ENSTNIP00000015655	Mondom_ENSMODP00000020390	100.0	S	0.0
Tetnig_ENSTNIP00000015655	Canfam_ENSCAFP00000049135	100.0	S	0.0
Tetnig_ENSTNIP00000015655	Galgal_ENSGALP00000012817	100.0	S	0.0
Tetnig_ENSTNIP00000015655	Pantro_ENSPTRP00000069299	100.0	S	0.0
Drer_ENSDARP00000066944	Hsap_ENSP00000377191	100.0	S	0.0
Drer_ENSDARP00000066944	Mmus_ENSMUSP00000002979	100.0	S	0.0
Drer_ENSDARP00000066944	Ratnor_ENSRNOP00000008321	100.0	S	0.0
Drer_ENSDARP00000066944	Mondom_ENSMODP00000020390	100.0	S	0.0
Drer_ENSDARP00000066944	Canfam_ENSCAFP00000049135	100.0	S	0.0
Drer_ENSDARP00000066944	Galgal_ENSGALP00000012817	100.0	S	0.0
Drer_ENSDARP00000066944	Pantro_ENSPTRP00000069299	100.0	S	0.0
Drer_ENSDARP00000117247	Ratnor_ENSRNOP00000071272	100.0	S	0.0
Drer_ENSDARP00000117247	Pantro_ENSPTRP00000089434	100.0	S	0.0
Drer_ENSDARP00000117247	Hsap_ENSP00000354360	100.0	S	0.0
Drer_ENSDARP00000117247	Canfam_ENSCAFP00000040626	100.0	S	0.0
Drer_ENSDARP00000117247	Mondom_ENSMODP00000015227	100.0	S	0.0
Drer_ENSDARP00000117247	Mmus_ENSMUSP00000028187	100.0	S	0.0
Tetnig_ENSTNIP00000001897	Ratnor_ENSRNOP00000003605	100.0	S	0.0
Tetnig_ENSTNIP00000001897	Canfam_ENSCAFP00000054457	100.0	S	0.0
Tetnig_ENSTNIP00000001897	Pantro_ENSPTRP00000002939	100.0	S	0.0
Tetnig_ENSTNIP00000001897	Mmus_ENSMUSP00000027752	100.0	S	0.0
Tetnig_ENSTNIP00000001897	Galgal_ENSGALP00000038625	100.0	S	0.0
Tetnig_ENSTNIP00000001897	Hsap_ENSP00000258341	100.0	S	0.0
Tetnig_ENSTNIP00000001897	Mondom_ENSMODP00000008686	100.0	S	0.0
Drer_ENSDARP00000024860	Ratnor_ENSRNOP00000003605	100.0	S	0.0
Drer_ENSDARP00000024860	Canfam_ENSCAFP00000054457	100.0	S	0.0
Drer_ENSDARP00000024860	Pantro_ENSPTRP00000002939	100.0	S	0.0
Drer_ENSDARP00000024860	Mmus_ENSMUSP00000027752	100.0	S	0.0
Drer_ENSDARP00000024860	Galgal_ENSGALP00000038625	100.0	S	0.0
Drer_ENSDARP00000024860	Hsap_ENSP00000258341	100.0	S	0.0
Drer_ENSDARP00000024860	Mondom_ENSMODP00000008686	100.0	S	0.0
Drer_ENSDARP00000048365	Tetnig_ENSTNIP00000005078	100.0	S	0.0
Tetnig_ENSTNIP00000016749	Drer_ENSDARP00000058399	100.0	S	0.0
Galgal_ENSGALP00000067061	Mondom_ENSMODP00000020037	100.0	S	0.0
Galgal_ENSGALP00000067061	Canfam_ENSCAFP00000060187	100.0	S	0.0
Galgal_ENSGALP00000067061	Pantro_ENSPTRP00000033539	100.0	S	0.0
Galgal_ENSGALP00000067061	Hsap_ENSP00000205386	100.0	S	0.0
Drer_ENSDARP00000123269	Tetnig_ENSTNIP00000005083	100.0	S	0.0
Galgal_ENSGALP00000047623	Pantro_ENSPTRP00000025746	86.0	S	0.0
Galgal_ENSGALP00000047623	Hsap_ENSP00000388325	86.0	S	0.0
Galgal_ENSGALP00000047623	Canfam_ENSCAFP00000017386	86.0	S	0.0
Galgal_ENSGALP00000047623	Ratnor_ENSRNOP00000065052	86.0	S	0.0
Galgal_ENSGALP00000047623	Mondom_ENSMODP00000040787	86.0	S	0.0
Galgal_ENSGALP00000047623	Mmus_ENSMUSP00000069087	86.0	S	0.0
Galgal_ENSGALP00000012817	Hsap_ENSP00000377191	100.0	S	0.0
Galgal_ENSGALP00000012817	Mmus_ENSMUSP00000002979	100.0	S	0.0
Galgal_ENSGALP00000012817	Ratnor_ENSRNOP00000008321	100.0	S	0.0
Galgal_ENSGALP00000012817	Mondom_ENSMODP00000020390	100.0	S	0.0
Galgal_ENSGALP00000012817	Canfam_ENSCAFP00000049135	100.0	S	0.0
Galgal_ENSGALP00000012817	Pantro_ENSPTRP00000069299	100.0	S	0.0
Mondom_ENSMODP00000015227	Ratnor_ENSRNOP00000071272	100.0	S	0.0
Mondom_ENSMODP00000015227	Pantro_ENSPTRP00000089434	100.0	S	0.0
Mondom_ENSMODP00000015227	Hsap_ENSP00000354360	100.0	S	0.0
Mondom_ENSMODP00000015227	Canfam_ENSCAFP00000040626	100.0	S	0.0
Mondom_ENSMODP00000015227	Mmus_ENSMUSP00000028187	100.0	S	0.0
Drer_ENSDARP00000024860	Tetnig_ENSTNIP00000001897	100.0	S	0.0
Galgal_ENSGALP00000038625	Ratnor_ENSRNOP00000003605	100.0	S	0.0
Galgal_ENSGALP00000038625	Canfam_ENSCAFP00000054457	100.0	S	0.0
Galgal_ENSGALP00000038625	Pantro_ENSPTRP00000002939	100.0	S	0.0
Galgal_ENSGALP00000038625	Mmus_ENSMUSP00000027752	100.0	S	0.0
Galgal_ENSGALP00000038625	Hsap_ENSP00000258341	100.0	S	0.0
Galgal_ENSGALP00000038625	Mondom_ENSMODP00000008686	100.0	S	0.0
Mondom_ENSMODP00000020037	Hsap_ENSP00000205386	100.0	S	0.0
Mondom_ENSMODP00000020037	Canfam_ENSCAFP00000060187	100.0	S	0.0
Mondom_ENSMODP00000020037	Pantro_ENSPTRP00000033539	100.0	S	0.0
Mondom_ENSMODP00000040787	Mmus_ENSMUSP00000069087	100.0	S	0.0
Mondom_ENSMODP00000040787	Pantro_ENSPTRP00000025746	100.0	S	0.0
Mondom_ENSMODP00000040787	Hsap_ENSP00000388325	100.0	S	0.0
Mondom_ENSMODP00000040787	Canfam_ENSCAFP00000017386	100.0	S	0.0
Mondom_ENSMODP00000040787	Ratnor_ENSRNOP00000065052	100.0	S	0.0
Tetnig_ENSTNIP00000016750	Drer_ENSDARP00000131540	99.0	S	0.0
Tetnig_ENSTNIP00000015655	Drer_ENSDARP00000156839	100.0	S	0.0
Tetnig_ENSTNIP00000015655	Drer_ENSDARP00000066944	100.0	S	0.0
Mondom_ENSMODP00000020390	Hsap_ENSP00000377191	100.0	S	0.0
Mondom_ENSMODP00000020390	Mmus_ENSMUSP00000002979	100.0	S	0.0
Mondom_ENSMODP00000020390	Ratnor_ENSRNOP00000008321	100.0	S	0.0
Mondom_ENSMODP00000020390	Canfam_ENSCAFP00000049135	100.0	S	0.0
Mondom_ENSMODP00000020390	Pantro_ENSPTRP00000069299	100.0	S	0.0
Ratnor_ENSRNOP00000071272	Pantro_ENSPTRP00000089434	100.0	S	0.0
Ratnor_ENSRNOP00000071272	Canfam_ENSCAFP00000040626	100.0	S	0.0
Ratnor_ENSRNOP00000071272	Hsap_ENSP00000354360	100.0	S	0.0
Mmus_ENSMUSP00000028187	Pantro_ENSPTRP00000089434	100.0	S	0.0
Mmus_ENSMUSP00000028187	Canfam_ENSCAFP00000040626	100.0	S	0.0
Mmus_ENSMUSP00000028187	Hsap_ENSP00000354360	100.0	S	0.0
Mondom_ENSMODP00000008686	Ratnor_ENSRNOP00000003605	100.0	S	0.0
Mondom_ENSMODP00000008686	Canfam_ENSCAFP00000054457	100.0	S	0.0
Mondom_ENSMODP00000008686	Pantro_ENSPTRP00000002939	100.0	S	0.0
Mondom_ENSMODP00000008686	Mmus_ENSMUSP00000027752	100.0	S	0.0
Mondom_ENSMODP00000008686	Hsap_ENSP00000258341	100.0	S	0.0
Canfam_ENSCAFP00000060187	Hsap_ENSP00000205386	100.0	S	0.0
Canfam_ENSCAFP00000060187	Pantro_ENSPTRP00000033539	100.0	S	0.0
Mmus_ENSMUSP00000069087	Hsap_ENSP00000388325	100.0	S	0.0
Mmus_ENSMUSP00000069087	Pantro_ENSPTRP00000025746	100.0	S	0.0
Mmus_ENSMUSP00000069087	Canfam_ENSCAFP00000017386	100.0	S	0.0
Ratnor_ENSRNOP00000065052	Hsap_ENSP00000388325	100.0	S	0.0
Ratnor_ENSRNOP00000065052	Pantro_ENSPTRP00000025746	100.0	S	0.0
Ratnor_ENSRNOP00000065052	Canfam_ENSCAFP00000017386	100.0	S	0.0
Drer_ENSDARP00000066944	Drer_ENSDARP00000156839	100.0	D	1.0
Hsap_ENSP00000377191	Ratnor_ENSRNOP00000008321	100.0	S	0.0
Hsap_ENSP00000377191	Mmus_ENSMUSP00000002979	100.0	S	0.0
Hsap_ENSP00000377191	Canfam_ENSCAFP00000049135	100.0	S	0.0
Pantro_ENSPTRP00000069299	Ratnor_ENSRNOP00000008321	100.0	S	0.0
Pantro_ENSPTRP00000069299	Mmus_ENSMUSP00000002979	100.0	S	0.0
Pantro_ENSPTRP00000069299	Canfam_ENSCAFP00000049135	100.0	S	0.0
Ratnor_ENSRNOP00000071272	Mmus_ENSMUSP00000028187	100.0	S	0.0
Canfam_ENSCAFP00000040626	Pantro_ENSPTRP00000089434	100.0	S	0.0
Canfam_ENSCAFP00000040626	Hsap_ENSP00000354360	100.0	S	0.0
Canfam_ENSCAFP00000054457	Ratnor_ENSRNOP00000003605	100.0	S	0.0
Canfam_ENSCAFP00000054457	Hsap_ENSP00000258341	100.0	S	0.0
Canfam_ENSCAFP00000054457	Pantro_ENSPTRP00000002939	100.0	S	0.0
Canfam_ENSCAFP00000054457	Mmus_ENSMUSP00000027752	100.0	S	0.0
Hsap_ENSP00000205386	Pantro_ENSPTRP00000033539	100.0	S	0.0
Mmus_ENSMUSP00000069087	Ratnor_ENSRNOP00000065052	100.0	S	0.0
Canfam_ENSCAFP00000017386	Hsap_ENSP00000388325	96.0	S	0.0
Canfam_ENSCAFP00000017386	Pantro_ENSPTRP00000025746	96.0	S	0.0
Pantro_ENSPTRP00000069299	Hsap_ENSP00000377191	100.0	S	0.0
Canfam_ENSCAFP00000049135	Ratnor_ENSRNOP00000008321	91.0	S	0.0
Canfam_ENSCAFP00000049135	Mmus_ENSMUSP00000002979	91.0	S	0.0
Pantro_ENSPTRP00000089434	Hsap_ENSP00000354360	100.0	S	0.0
Hsap_ENSP00000258341	Ratnor_ENSRNOP00000003605	96.0	S	0.0
Hsap_ENSP00000258341	Mmus_ENSMUSP00000027752	96.0	S	0.0
Pantro_ENSPTRP00000002939	Ratnor_ENSRNOP00000003605	96.0	S	0.0
Pantro_ENSPTRP00000002939	Mmus_ENSMUSP00000027752	96.0	S	0.0
Hsap_ENSP00000388325	Pantro_ENSPTRP00000025746	100.0	S	0.0
Mmus_ENSMUSP00000002979	Ratnor_ENSRNOP00000008321	100.0	S	0.0
Pantro_ENSPTRP00000002939	Hsap_ENSP00000258341	100.0	S	0.0
Ratnor_ENSRNOP00000003605	Mmus_ENSMUSP00000027752	100.0	S	0.0
