in_gene	out_gene	branch_support	ev_type	sos
Cint_ENSCINP00000005177	Canfam_ENSCAFP00000043403	100.0	S	0.0
Cint_ENSCINP00000005177	Galgal_ENSGALP00000056995	100.0	S	0.0
Cint_ENSCINP00000005177	Hsap_ENSP00000427679	100.0	S	0.0
Cint_ENSCINP00000005177	Drer_ENSDARP00000024667	100.0	S	0.0
Cint_ENSCINP00000005177	Mondom_ENSMODP00000025901	100.0	S	0.0
Cint_ENSCINP00000005177	Ratnor_ENSRNOP00000014630	100.0	S	0.0
Cint_ENSCINP00000005177	Pantro_ENSPTRP00000091348	100.0	S	0.0
Cint_ENSCINP00000005177	Mmus_ENSMUSP00000096179	100.0	S	0.0
Cint_ENSCINP00000005177	Tetnig_ENSTNIP00000015337	100.0	S	0.0
Cint_ENSCINP00000005177	Galgal_ENSGALP00000059574	100.0	S	0.0
Bralan_BL03366_evm0	Canfam_ENSCAFP00000043403	100.0	S	0.0
Bralan_BL03366_evm0	Galgal_ENSGALP00000056995	100.0	S	0.0
Bralan_BL03366_evm0	Hsap_ENSP00000427679	100.0	S	0.0
Bralan_BL03366_evm0	Drer_ENSDARP00000024667	100.0	S	0.0
Bralan_BL03366_evm0	Mondom_ENSMODP00000025901	100.0	S	0.0
Bralan_BL03366_evm0	Ratnor_ENSRNOP00000014630	100.0	S	0.0
Bralan_BL03366_evm0	Pantro_ENSPTRP00000091348	100.0	S	0.0
Bralan_BL03366_evm0	Mmus_ENSMUSP00000096179	100.0	S	0.0
Bralan_BL03366_evm0	Tetnig_ENSTNIP00000015337	100.0	S	0.0
Bralan_BL03366_evm0	Galgal_ENSGALP00000059574	100.0	S	0.0
Dmel_FBpp0080968	Canfam_ENSCAFP00000043403	100.0	S	0.0
Dmel_FBpp0080968	Galgal_ENSGALP00000056995	100.0	S	0.0
Dmel_FBpp0080968	Hsap_ENSP00000427679	100.0	S	0.0
Dmel_FBpp0080968	Drer_ENSDARP00000024667	100.0	S	0.0
Dmel_FBpp0080968	Mondom_ENSMODP00000025901	100.0	S	0.0
Dmel_FBpp0080968	Ratnor_ENSRNOP00000014630	100.0	S	0.0
Dmel_FBpp0080968	Pantro_ENSPTRP00000091348	100.0	S	0.0
Dmel_FBpp0080968	Mmus_ENSMUSP00000096179	100.0	S	0.0
Dmel_FBpp0080968	Tetnig_ENSTNIP00000015337	100.0	S	0.0
Dmel_FBpp0080968	Galgal_ENSGALP00000059574	100.0	S	0.0
Bralan_BL03366_evm0	Cint_ENSCINP00000005177	51.0	S	0.0
Bralan_BL03366_evm0	Dmel_FBpp0080968	51.0	S	0.0
Cint_ENSCINP00000005177	Dmel_FBpp0080968	54.0	S	0.0
Tetnig_ENSTNIP00000015337	Canfam_ENSCAFP00000043403	100.0	S	0.0
Tetnig_ENSTNIP00000015337	Galgal_ENSGALP00000056995	100.0	S	0.0
Tetnig_ENSTNIP00000015337	Hsap_ENSP00000427679	100.0	S	0.0
Tetnig_ENSTNIP00000015337	Mondom_ENSMODP00000025901	100.0	S	0.0
Tetnig_ENSTNIP00000015337	Ratnor_ENSRNOP00000014630	100.0	S	0.0
Tetnig_ENSTNIP00000015337	Pantro_ENSPTRP00000091348	100.0	S	0.0
Tetnig_ENSTNIP00000015337	Mmus_ENSMUSP00000096179	100.0	S	0.0
Drer_ENSDARP00000024667	Canfam_ENSCAFP00000043403	100.0	S	0.0
Drer_ENSDARP00000024667	Galgal_ENSGALP00000056995	100.0	S	0.0
Drer_ENSDARP00000024667	Hsap_ENSP00000427679	100.0	S	0.0
Drer_ENSDARP00000024667	Mondom_ENSMODP00000025901	100.0	S	0.0
Drer_ENSDARP00000024667	Ratnor_ENSRNOP00000014630	100.0	S	0.0
Drer_ENSDARP00000024667	Pantro_ENSPTRP00000091348	100.0	S	0.0
Drer_ENSDARP00000024667	Mmus_ENSMUSP00000096179	100.0	S	0.0
Nvec_EDO48127	Tetnig_ENSTNIP00000015280	95.0	S	0.0
Nvec_EDO48127	Hsap_ENSP00000470478	95.0	S	0.0
Nvec_EDO48127	Drer_ENSDARP00000117950	95.0	S	0.0
Nvec_EDO48127	Canfam_ENSCAFP00000005806	95.0	S	0.0
Nvec_EDO48127	Drer_ENSDARP00000119179	95.0	S	0.0
Nvec_EDO48127	Bralan_BL12186_cuf0	95.0	S	0.0
Nvec_EDO48127	Dmel_FBpp0088252	95.0	S	0.0
Nvec_EDO48127	Drer_ENSDARP00000120745	95.0	S	0.0
Nvec_EDO48127	Drer_ENSDARP00000062792	95.0	S	0.0
Nvec_EDO48127	Galgal_ENSGALP00000026550	95.0	S	0.0
Nvec_EDO48127	Bralan_BL97090_cuf33	95.0	S	0.0
Nvec_EDO48127	Mmus_ENSMUSP00000036044	95.0	S	0.0
Nvec_EDO48127	Tetnig_ENSTNIP00000015281	95.0	S	0.0
Nvec_EDO48127	Pantro_ENSPTRP00000013262	95.0	S	0.0
Nvec_EDO48127	Hsap_ENSP00000233242	95.0	S	0.0
Nvec_EDO48127	Pantro_ENSPTRP00000052150	95.0	S	0.0
Nvec_EDO48127	Dmel_FBpp0292877	95.0	S	0.0
Nvec_EDO48127	Bralan_BL30195_evm0	95.0	S	0.0
Nvec_EDO48127	Ratnor_ENSRNOP00000039779	95.0	S	0.0
Nvec_EDO48127	Tetnig_ENSTNIP00000008189	95.0	S	0.0
Tetnig_ENSTNIP00000015337	Drer_ENSDARP00000024667	100.0	S	0.0
Galgal_ENSGALP00000056995	Canfam_ENSCAFP00000043403	100.0	S	0.0
Galgal_ENSGALP00000056995	Hsap_ENSP00000427679	100.0	S	0.0
Galgal_ENSGALP00000056995	Mondom_ENSMODP00000025901	100.0	S	0.0
Galgal_ENSGALP00000056995	Ratnor_ENSRNOP00000014630	100.0	S	0.0
Galgal_ENSGALP00000056995	Pantro_ENSPTRP00000091348	100.0	S	0.0
Galgal_ENSGALP00000056995	Mmus_ENSMUSP00000096179	100.0	S	0.0
Nvec_EDO29798	Bralan_BL23196_cuf8	77.0	S	0.0
Nvec_EDO29798	Tadh_TriadP55795	77.0	S	0.0
Cele_WBGene00006929.1	Tetnig_ENSTNIP00000003865	45.0	S	0.0
Cele_WBGene00006929.1	Drer_ENSDARP00000094194	45.0	S	0.0
Cele_WBGene00006929.1	Tadh_TriadP57880	45.0	S	0.0
Cele_WBGene00006929.1	Drer_ENSDARP00000102472	45.0	S	0.0
Cele_WBGene00006929.1	Nvec_EDO42586	45.0	S	0.0
Cele_WBGene00006929.1	Drer_ENSDARP00000072678	45.0	S	0.0
Cele_WBGene00006929.1	Drer_ENSDARP00000050237	45.0	S	0.0
Cele_WBGene00006929.1	Drer_ENSDARP00000061164	45.0	S	0.0
Cele_WBGene00006929.1	Drer_ENSDARP00000146270	45.0	S	0.0
Cele_WBGene00006929.1	Galgal_ENSGALP00000068631	45.0	S	0.0
Cele_WBGene00006929.1	Drer_ENSDARP00000148221	45.0	S	0.0
Cele_WBGene00006929.1	Drer_ENSDARP00000148974	45.0	S	0.0
Cele_WBGene00006929.1	Drer_ENSDARP00000146600	45.0	S	0.0
Cele_WBGene00006929.1	Tetnig_ENSTNIP00000000093	45.0	S	0.0
Cele_WBGene00006929.1	Drer_ENSDARP00000147062	45.0	S	0.0
Cele_WBGene00006929.1	Drer_ENSDARP00000146007	45.0	S	0.0
Cele_WBGene00006929.1	Drer_ENSDARP00000072687	45.0	S	0.0
Cele_WBGene00006929.1	Galgal_ENSGALP00000044130	45.0	S	0.0
Cele_WBGene00006929.1	Drer_ENSDARP00000155970	45.0	S	0.0
Cele_WBGene00006929.1	Drer_ENSDARP00000150799	45.0	S	0.0
Cele_WBGene00006929.1	Drer_ENSDARP00000113988	45.0	S	0.0
Cele_WBGene00006929.1	Drer_ENSDARP00000156030	45.0	S	0.0
Cele_WBGene00006929.1	Drer_ENSDARP00000115012	45.0	S	0.0
Cele_WBGene00006929.1	Drer_ENSDARP00000153660	45.0	S	0.0
Cele_WBGene00006929.1	Galgal_ENSGALP00000002888	45.0	S	0.0
Cele_WBGene00006930.1	Tetnig_ENSTNIP00000003865	45.0	S	0.0
Cele_WBGene00006930.1	Drer_ENSDARP00000094194	45.0	S	0.0
Cele_WBGene00006930.1	Tadh_TriadP57880	45.0	S	0.0
Cele_WBGene00006930.1	Drer_ENSDARP00000102472	45.0	S	0.0
Cele_WBGene00006930.1	Nvec_EDO42586	45.0	S	0.0
Cele_WBGene00006930.1	Drer_ENSDARP00000072678	45.0	S	0.0
Cele_WBGene00006930.1	Drer_ENSDARP00000050237	45.0	S	0.0
Cele_WBGene00006930.1	Drer_ENSDARP00000061164	45.0	S	0.0
Cele_WBGene00006930.1	Drer_ENSDARP00000146270	45.0	S	0.0
Cele_WBGene00006930.1	Galgal_ENSGALP00000068631	45.0	S	0.0
Cele_WBGene00006930.1	Drer_ENSDARP00000148221	45.0	S	0.0
Cele_WBGene00006930.1	Drer_ENSDARP00000148974	45.0	S	0.0
Cele_WBGene00006930.1	Drer_ENSDARP00000146600	45.0	S	0.0
Cele_WBGene00006930.1	Tetnig_ENSTNIP00000000093	45.0	S	0.0
Cele_WBGene00006930.1	Drer_ENSDARP00000147062	45.0	S	0.0
Cele_WBGene00006930.1	Drer_ENSDARP00000146007	45.0	S	0.0
Cele_WBGene00006930.1	Drer_ENSDARP00000072687	45.0	S	0.0
Cele_WBGene00006930.1	Galgal_ENSGALP00000044130	45.0	S	0.0
Cele_WBGene00006930.1	Drer_ENSDARP00000155970	45.0	S	0.0
Cele_WBGene00006930.1	Drer_ENSDARP00000150799	45.0	S	0.0
Cele_WBGene00006930.1	Drer_ENSDARP00000113988	45.0	S	0.0
Cele_WBGene00006930.1	Drer_ENSDARP00000156030	45.0	S	0.0
Cele_WBGene00006930.1	Drer_ENSDARP00000115012	45.0	S	0.0
Cele_WBGene00006930.1	Drer_ENSDARP00000153660	45.0	S	0.0
Cele_WBGene00006930.1	Galgal_ENSGALP00000002888	45.0	S	0.0
Dmel_FBpp0082643	Tetnig_ENSTNIP00000003865	45.0	S	0.0
Dmel_FBpp0082643	Drer_ENSDARP00000094194	45.0	S	0.0
Dmel_FBpp0082643	Tadh_TriadP57880	45.0	S	0.0
Dmel_FBpp0082643	Drer_ENSDARP00000102472	45.0	S	0.0
Dmel_FBpp0082643	Nvec_EDO42586	45.0	S	0.0
Dmel_FBpp0082643	Drer_ENSDARP00000072678	45.0	S	0.0
Dmel_FBpp0082643	Drer_ENSDARP00000050237	45.0	S	0.0
Dmel_FBpp0082643	Drer_ENSDARP00000061164	45.0	S	0.0
Dmel_FBpp0082643	Drer_ENSDARP00000146270	45.0	S	0.0
Dmel_FBpp0082643	Galgal_ENSGALP00000068631	45.0	S	0.0
Dmel_FBpp0082643	Drer_ENSDARP00000148221	45.0	S	0.0
Dmel_FBpp0082643	Drer_ENSDARP00000148974	45.0	S	0.0
Dmel_FBpp0082643	Drer_ENSDARP00000146600	45.0	S	0.0
Dmel_FBpp0082643	Tetnig_ENSTNIP00000000093	45.0	S	0.0
Dmel_FBpp0082643	Drer_ENSDARP00000147062	45.0	S	0.0
Dmel_FBpp0082643	Drer_ENSDARP00000146007	45.0	S	0.0
Dmel_FBpp0082643	Drer_ENSDARP00000072687	45.0	S	0.0
Dmel_FBpp0082643	Galgal_ENSGALP00000044130	45.0	S	0.0
Dmel_FBpp0082643	Drer_ENSDARP00000155970	45.0	S	0.0
Dmel_FBpp0082643	Drer_ENSDARP00000150799	45.0	S	0.0
Dmel_FBpp0082643	Drer_ENSDARP00000113988	45.0	S	0.0
Dmel_FBpp0082643	Drer_ENSDARP00000156030	45.0	S	0.0
Dmel_FBpp0082643	Drer_ENSDARP00000115012	45.0	S	0.0
Dmel_FBpp0082643	Drer_ENSDARP00000153660	45.0	S	0.0
Dmel_FBpp0082643	Galgal_ENSGALP00000002888	45.0	S	0.0
Cele_WBGene00006928.1	Tetnig_ENSTNIP00000003865	45.0	S	0.0
Cele_WBGene00006928.1	Drer_ENSDARP00000094194	45.0	S	0.0
Cele_WBGene00006928.1	Tadh_TriadP57880	45.0	S	0.0
Cele_WBGene00006928.1	Drer_ENSDARP00000102472	45.0	S	0.0
Cele_WBGene00006928.1	Nvec_EDO42586	45.0	S	0.0
Cele_WBGene00006928.1	Drer_ENSDARP00000072678	45.0	S	0.0
Cele_WBGene00006928.1	Drer_ENSDARP00000050237	45.0	S	0.0
Cele_WBGene00006928.1	Drer_ENSDARP00000061164	45.0	S	0.0
Cele_WBGene00006928.1	Drer_ENSDARP00000146270	45.0	S	0.0
Cele_WBGene00006928.1	Galgal_ENSGALP00000068631	45.0	S	0.0
Cele_WBGene00006928.1	Drer_ENSDARP00000148221	45.0	S	0.0
Cele_WBGene00006928.1	Drer_ENSDARP00000148974	45.0	S	0.0
Cele_WBGene00006928.1	Drer_ENSDARP00000146600	45.0	S	0.0
Cele_WBGene00006928.1	Tetnig_ENSTNIP00000000093	45.0	S	0.0
Cele_WBGene00006928.1	Drer_ENSDARP00000147062	45.0	S	0.0
Cele_WBGene00006928.1	Drer_ENSDARP00000146007	45.0	S	0.0
Cele_WBGene00006928.1	Drer_ENSDARP00000072687	45.0	S	0.0
Cele_WBGene00006928.1	Galgal_ENSGALP00000044130	45.0	S	0.0
Cele_WBGene00006928.1	Drer_ENSDARP00000155970	45.0	S	0.0
Cele_WBGene00006928.1	Drer_ENSDARP00000150799	45.0	S	0.0
Cele_WBGene00006928.1	Drer_ENSDARP00000113988	45.0	S	0.0
Cele_WBGene00006928.1	Drer_ENSDARP00000156030	45.0	S	0.0
Cele_WBGene00006928.1	Drer_ENSDARP00000115012	45.0	S	0.0
Cele_WBGene00006928.1	Drer_ENSDARP00000153660	45.0	S	0.0
Cele_WBGene00006928.1	Galgal_ENSGALP00000002888	45.0	S	0.0
Bralan_BL18451_evm8	Tetnig_ENSTNIP00000003865	45.0	S	0.0
Bralan_BL18451_evm8	Drer_ENSDARP00000094194	45.0	S	0.0
Bralan_BL18451_evm8	Tadh_TriadP57880	45.0	S	0.0
Bralan_BL18451_evm8	Drer_ENSDARP00000102472	45.0	S	0.0
Bralan_BL18451_evm8	Nvec_EDO42586	45.0	S	0.0
Bralan_BL18451_evm8	Drer_ENSDARP00000072678	45.0	S	0.0
Bralan_BL18451_evm8	Drer_ENSDARP00000050237	45.0	S	0.0
Bralan_BL18451_evm8	Drer_ENSDARP00000061164	45.0	S	0.0
Bralan_BL18451_evm8	Drer_ENSDARP00000146270	45.0	S	0.0
Bralan_BL18451_evm8	Galgal_ENSGALP00000068631	45.0	S	0.0
Bralan_BL18451_evm8	Drer_ENSDARP00000148221	45.0	S	0.0
Bralan_BL18451_evm8	Drer_ENSDARP00000148974	45.0	S	0.0
Bralan_BL18451_evm8	Drer_ENSDARP00000146600	45.0	S	0.0
Bralan_BL18451_evm8	Tetnig_ENSTNIP00000000093	45.0	S	0.0
Bralan_BL18451_evm8	Drer_ENSDARP00000147062	45.0	S	0.0
Bralan_BL18451_evm8	Drer_ENSDARP00000146007	45.0	S	0.0
Bralan_BL18451_evm8	Drer_ENSDARP00000072687	45.0	S	0.0
Bralan_BL18451_evm8	Galgal_ENSGALP00000044130	45.0	S	0.0
Bralan_BL18451_evm8	Drer_ENSDARP00000155970	45.0	S	0.0
Bralan_BL18451_evm8	Drer_ENSDARP00000150799	45.0	S	0.0
Bralan_BL18451_evm8	Drer_ENSDARP00000113988	45.0	S	0.0
Bralan_BL18451_evm8	Drer_ENSDARP00000156030	45.0	S	0.0
Bralan_BL18451_evm8	Drer_ENSDARP00000115012	45.0	S	0.0
Bralan_BL18451_evm8	Drer_ENSDARP00000153660	45.0	S	0.0
Bralan_BL18451_evm8	Galgal_ENSGALP00000002888	45.0	S	0.0
Cele_WBGene00006927.1	Tetnig_ENSTNIP00000003865	45.0	S	0.0
Cele_WBGene00006927.1	Drer_ENSDARP00000094194	45.0	S	0.0
Cele_WBGene00006927.1	Tadh_TriadP57880	45.0	S	0.0
Cele_WBGene00006927.1	Drer_ENSDARP00000102472	45.0	S	0.0
Cele_WBGene00006927.1	Nvec_EDO42586	45.0	S	0.0
Cele_WBGene00006927.1	Drer_ENSDARP00000072678	45.0	S	0.0
Cele_WBGene00006927.1	Drer_ENSDARP00000050237	45.0	S	0.0
Cele_WBGene00006927.1	Drer_ENSDARP00000061164	45.0	S	0.0
Cele_WBGene00006927.1	Drer_ENSDARP00000146270	45.0	S	0.0
Cele_WBGene00006927.1	Galgal_ENSGALP00000068631	45.0	S	0.0
Cele_WBGene00006927.1	Drer_ENSDARP00000148221	45.0	S	0.0
Cele_WBGene00006927.1	Drer_ENSDARP00000148974	45.0	S	0.0
Cele_WBGene00006927.1	Drer_ENSDARP00000146600	45.0	S	0.0
Cele_WBGene00006927.1	Tetnig_ENSTNIP00000000093	45.0	S	0.0
Cele_WBGene00006927.1	Drer_ENSDARP00000147062	45.0	S	0.0
Cele_WBGene00006927.1	Drer_ENSDARP00000146007	45.0	S	0.0
Cele_WBGene00006927.1	Drer_ENSDARP00000072687	45.0	S	0.0
Cele_WBGene00006927.1	Galgal_ENSGALP00000044130	45.0	S	0.0
Cele_WBGene00006927.1	Drer_ENSDARP00000155970	45.0	S	0.0
Cele_WBGene00006927.1	Drer_ENSDARP00000150799	45.0	S	0.0
Cele_WBGene00006927.1	Drer_ENSDARP00000113988	45.0	S	0.0
Cele_WBGene00006927.1	Drer_ENSDARP00000156030	45.0	S	0.0
Cele_WBGene00006927.1	Drer_ENSDARP00000115012	45.0	S	0.0
Cele_WBGene00006927.1	Drer_ENSDARP00000153660	45.0	S	0.0
Cele_WBGene00006927.1	Galgal_ENSGALP00000002888	45.0	S	0.0
Cele_WBGene00006925.1	Tetnig_ENSTNIP00000003865	45.0	S	0.0
Cele_WBGene00006925.1	Drer_ENSDARP00000094194	45.0	S	0.0
Cele_WBGene00006925.1	Tadh_TriadP57880	45.0	S	0.0
Cele_WBGene00006925.1	Drer_ENSDARP00000102472	45.0	S	0.0
Cele_WBGene00006925.1	Nvec_EDO42586	45.0	S	0.0
Cele_WBGene00006925.1	Drer_ENSDARP00000072678	45.0	S	0.0
Cele_WBGene00006925.1	Drer_ENSDARP00000050237	45.0	S	0.0
Cele_WBGene00006925.1	Drer_ENSDARP00000061164	45.0	S	0.0
Cele_WBGene00006925.1	Drer_ENSDARP00000146270	45.0	S	0.0
Cele_WBGene00006925.1	Galgal_ENSGALP00000068631	45.0	S	0.0
Cele_WBGene00006925.1	Drer_ENSDARP00000148221	45.0	S	0.0
Cele_WBGene00006925.1	Drer_ENSDARP00000148974	45.0	S	0.0
Cele_WBGene00006925.1	Drer_ENSDARP00000146600	45.0	S	0.0
Cele_WBGene00006925.1	Tetnig_ENSTNIP00000000093	45.0	S	0.0
Cele_WBGene00006925.1	Drer_ENSDARP00000147062	45.0	S	0.0
Cele_WBGene00006925.1	Drer_ENSDARP00000146007	45.0	S	0.0
Cele_WBGene00006925.1	Drer_ENSDARP00000072687	45.0	S	0.0
Cele_WBGene00006925.1	Galgal_ENSGALP00000044130	45.0	S	0.0
Cele_WBGene00006925.1	Drer_ENSDARP00000155970	45.0	S	0.0
Cele_WBGene00006925.1	Drer_ENSDARP00000150799	45.0	S	0.0
Cele_WBGene00006925.1	Drer_ENSDARP00000113988	45.0	S	0.0
Cele_WBGene00006925.1	Drer_ENSDARP00000156030	45.0	S	0.0
Cele_WBGene00006925.1	Drer_ENSDARP00000115012	45.0	S	0.0
Cele_WBGene00006925.1	Drer_ENSDARP00000153660	45.0	S	0.0
Cele_WBGene00006925.1	Galgal_ENSGALP00000002888	45.0	S	0.0
Bralan_BL16178_cuf14	Tetnig_ENSTNIP00000003865	45.0	S	0.0
Bralan_BL16178_cuf14	Drer_ENSDARP00000094194	45.0	S	0.0
Bralan_BL16178_cuf14	Tadh_TriadP57880	45.0	S	0.0
Bralan_BL16178_cuf14	Drer_ENSDARP00000102472	45.0	S	0.0
Bralan_BL16178_cuf14	Nvec_EDO42586	45.0	S	0.0
Bralan_BL16178_cuf14	Drer_ENSDARP00000072678	45.0	S	0.0
Bralan_BL16178_cuf14	Drer_ENSDARP00000050237	45.0	S	0.0
Bralan_BL16178_cuf14	Drer_ENSDARP00000061164	45.0	S	0.0
Bralan_BL16178_cuf14	Drer_ENSDARP00000146270	45.0	S	0.0
Bralan_BL16178_cuf14	Galgal_ENSGALP00000068631	45.0	S	0.0
Bralan_BL16178_cuf14	Drer_ENSDARP00000148221	45.0	S	0.0
Bralan_BL16178_cuf14	Drer_ENSDARP00000148974	45.0	S	0.0
Bralan_BL16178_cuf14	Drer_ENSDARP00000146600	45.0	S	0.0
Bralan_BL16178_cuf14	Tetnig_ENSTNIP00000000093	45.0	S	0.0
Bralan_BL16178_cuf14	Drer_ENSDARP00000147062	45.0	S	0.0
Bralan_BL16178_cuf14	Drer_ENSDARP00000146007	45.0	S	0.0
Bralan_BL16178_cuf14	Drer_ENSDARP00000072687	45.0	S	0.0
Bralan_BL16178_cuf14	Galgal_ENSGALP00000044130	45.0	S	0.0
Bralan_BL16178_cuf14	Drer_ENSDARP00000155970	45.0	S	0.0
Bralan_BL16178_cuf14	Drer_ENSDARP00000150799	45.0	S	0.0
Bralan_BL16178_cuf14	Drer_ENSDARP00000113988	45.0	S	0.0
Bralan_BL16178_cuf14	Drer_ENSDARP00000156030	45.0	S	0.0
Bralan_BL16178_cuf14	Drer_ENSDARP00000115012	45.0	S	0.0
Bralan_BL16178_cuf14	Drer_ENSDARP00000153660	45.0	S	0.0
Bralan_BL16178_cuf14	Galgal_ENSGALP00000002888	45.0	S	0.0
Cele_WBGene00006926.1	Tetnig_ENSTNIP00000003865	45.0	S	0.0
Cele_WBGene00006926.1	Drer_ENSDARP00000094194	45.0	S	0.0
Cele_WBGene00006926.1	Tadh_TriadP57880	45.0	S	0.0
Cele_WBGene00006926.1	Drer_ENSDARP00000102472	45.0	S	0.0
Cele_WBGene00006926.1	Nvec_EDO42586	45.0	S	0.0
Cele_WBGene00006926.1	Drer_ENSDARP00000072678	45.0	S	0.0
Cele_WBGene00006926.1	Drer_ENSDARP00000050237	45.0	S	0.0
Cele_WBGene00006926.1	Drer_ENSDARP00000061164	45.0	S	0.0
Cele_WBGene00006926.1	Drer_ENSDARP00000146270	45.0	S	0.0
Cele_WBGene00006926.1	Galgal_ENSGALP00000068631	45.0	S	0.0
Cele_WBGene00006926.1	Drer_ENSDARP00000148221	45.0	S	0.0
Cele_WBGene00006926.1	Drer_ENSDARP00000148974	45.0	S	0.0
Cele_WBGene00006926.1	Drer_ENSDARP00000146600	45.0	S	0.0
Cele_WBGene00006926.1	Tetnig_ENSTNIP00000000093	45.0	S	0.0
Cele_WBGene00006926.1	Drer_ENSDARP00000147062	45.0	S	0.0
Cele_WBGene00006926.1	Drer_ENSDARP00000146007	45.0	S	0.0
Cele_WBGene00006926.1	Drer_ENSDARP00000072687	45.0	S	0.0
Cele_WBGene00006926.1	Galgal_ENSGALP00000044130	45.0	S	0.0
Cele_WBGene00006926.1	Drer_ENSDARP00000155970	45.0	S	0.0
Cele_WBGene00006926.1	Drer_ENSDARP00000150799	45.0	S	0.0
Cele_WBGene00006926.1	Drer_ENSDARP00000113988	45.0	S	0.0
Cele_WBGene00006926.1	Drer_ENSDARP00000156030	45.0	S	0.0
Cele_WBGene00006926.1	Drer_ENSDARP00000115012	45.0	S	0.0
Cele_WBGene00006926.1	Drer_ENSDARP00000153660	45.0	S	0.0
Cele_WBGene00006926.1	Galgal_ENSGALP00000002888	45.0	S	0.0
Bralan_BL12481_evm0	Tetnig_ENSTNIP00000003865	45.0	S	0.0
Bralan_BL12481_evm0	Drer_ENSDARP00000094194	45.0	S	0.0
Bralan_BL12481_evm0	Tadh_TriadP57880	45.0	S	0.0
Bralan_BL12481_evm0	Drer_ENSDARP00000102472	45.0	S	0.0
Bralan_BL12481_evm0	Nvec_EDO42586	45.0	S	0.0
Bralan_BL12481_evm0	Drer_ENSDARP00000072678	45.0	S	0.0
Bralan_BL12481_evm0	Drer_ENSDARP00000050237	45.0	S	0.0
Bralan_BL12481_evm0	Drer_ENSDARP00000061164	45.0	S	0.0
Bralan_BL12481_evm0	Drer_ENSDARP00000146270	45.0	S	0.0
Bralan_BL12481_evm0	Galgal_ENSGALP00000068631	45.0	S	0.0
Bralan_BL12481_evm0	Drer_ENSDARP00000148221	45.0	S	0.0
Bralan_BL12481_evm0	Drer_ENSDARP00000148974	45.0	S	0.0
Bralan_BL12481_evm0	Drer_ENSDARP00000146600	45.0	S	0.0
Bralan_BL12481_evm0	Tetnig_ENSTNIP00000000093	45.0	S	0.0
Bralan_BL12481_evm0	Drer_ENSDARP00000147062	45.0	S	0.0
Bralan_BL12481_evm0	Drer_ENSDARP00000146007	45.0	S	0.0
Bralan_BL12481_evm0	Drer_ENSDARP00000072687	45.0	S	0.0
Bralan_BL12481_evm0	Galgal_ENSGALP00000044130	45.0	S	0.0
Bralan_BL12481_evm0	Drer_ENSDARP00000155970	45.0	S	0.0
Bralan_BL12481_evm0	Drer_ENSDARP00000150799	45.0	S	0.0
Bralan_BL12481_evm0	Drer_ENSDARP00000113988	45.0	S	0.0
Bralan_BL12481_evm0	Drer_ENSDARP00000156030	45.0	S	0.0
Bralan_BL12481_evm0	Drer_ENSDARP00000115012	45.0	S	0.0
Bralan_BL12481_evm0	Drer_ENSDARP00000153660	45.0	S	0.0
Bralan_BL12481_evm0	Galgal_ENSGALP00000002888	45.0	S	0.0
Mondom_ENSMODP00000025901	Canfam_ENSCAFP00000043403	100.0	S	0.0
Mondom_ENSMODP00000025901	Hsap_ENSP00000427679	100.0	S	0.0
Mondom_ENSMODP00000025901	Ratnor_ENSRNOP00000014630	100.0	S	0.0
Mondom_ENSMODP00000025901	Pantro_ENSPTRP00000091348	100.0	S	0.0
Mondom_ENSMODP00000025901	Mmus_ENSMUSP00000096179	100.0	S	0.0
Bralan_BL23196_cuf8	Tadh_TriadP55795	89.0	S	0.0
Bralan_BL18451_evm8	Cele_WBGene00006929.1	63.0	S	0.0
Bralan_BL18451_evm8	Cele_WBGene00006930.1	63.0	S	0.0
Bralan_BL18451_evm8	Dmel_FBpp0082643	63.0	S	0.0
Bralan_BL18451_evm8	Cele_WBGene00006928.1	63.0	S	0.0
Bralan_BL18451_evm8	Cele_WBGene00006925.1	63.0	S	0.0
Bralan_BL18451_evm8	Cele_WBGene00006927.1	63.0	S	0.0
Bralan_BL18451_evm8	Cele_WBGene00006926.1	63.0	S	0.0
Bralan_BL16178_cuf14	Cele_WBGene00006929.1	63.0	S	0.0
Bralan_BL16178_cuf14	Cele_WBGene00006930.1	63.0	S	0.0
Bralan_BL16178_cuf14	Dmel_FBpp0082643	63.0	S	0.0
Bralan_BL16178_cuf14	Cele_WBGene00006928.1	63.0	S	0.0
Bralan_BL16178_cuf14	Cele_WBGene00006925.1	63.0	S	0.0
Bralan_BL16178_cuf14	Cele_WBGene00006927.1	63.0	S	0.0
Bralan_BL16178_cuf14	Cele_WBGene00006926.1	63.0	S	0.0
Bralan_BL12481_evm0	Cele_WBGene00006929.1	63.0	S	0.0
Bralan_BL12481_evm0	Cele_WBGene00006930.1	63.0	S	0.0
Bralan_BL12481_evm0	Dmel_FBpp0082643	63.0	S	0.0
Bralan_BL12481_evm0	Cele_WBGene00006928.1	63.0	S	0.0
Bralan_BL12481_evm0	Cele_WBGene00006925.1	63.0	S	0.0
Bralan_BL12481_evm0	Cele_WBGene00006927.1	63.0	S	0.0
Bralan_BL12481_evm0	Cele_WBGene00006926.1	63.0	S	0.0
Nvec_EDO42586	Tetnig_ENSTNIP00000003865	78.0	S	0.0
Nvec_EDO42586	Drer_ENSDARP00000094194	78.0	S	0.0
Nvec_EDO42586	Tadh_TriadP57880	78.0	S	0.0
Nvec_EDO42586	Drer_ENSDARP00000102472	78.0	S	0.0
Nvec_EDO42586	Drer_ENSDARP00000072678	78.0	S	0.0
Nvec_EDO42586	Drer_ENSDARP00000050237	78.0	S	0.0
Nvec_EDO42586	Drer_ENSDARP00000061164	78.0	S	0.0
Nvec_EDO42586	Drer_ENSDARP00000146270	78.0	S	0.0
Nvec_EDO42586	Galgal_ENSGALP00000068631	78.0	S	0.0
Nvec_EDO42586	Drer_ENSDARP00000148221	78.0	S	0.0
Nvec_EDO42586	Drer_ENSDARP00000148974	78.0	S	0.0
Nvec_EDO42586	Drer_ENSDARP00000146600	78.0	S	0.0
Nvec_EDO42586	Tetnig_ENSTNIP00000000093	78.0	S	0.0
Nvec_EDO42586	Drer_ENSDARP00000147062	78.0	S	0.0
Nvec_EDO42586	Drer_ENSDARP00000146007	78.0	S	0.0
Nvec_EDO42586	Drer_ENSDARP00000072687	78.0	S	0.0
Nvec_EDO42586	Galgal_ENSGALP00000044130	78.0	S	0.0
Nvec_EDO42586	Drer_ENSDARP00000155970	78.0	S	0.0
Nvec_EDO42586	Drer_ENSDARP00000150799	78.0	S	0.0
Nvec_EDO42586	Drer_ENSDARP00000113988	78.0	S	0.0
Nvec_EDO42586	Drer_ENSDARP00000156030	78.0	S	0.0
Nvec_EDO42586	Drer_ENSDARP00000115012	78.0	S	0.0
Nvec_EDO42586	Drer_ENSDARP00000153660	78.0	S	0.0
Nvec_EDO42586	Galgal_ENSGALP00000002888	78.0	S	0.0
Mmus_ENSMUSP00000096179	Canfam_ENSCAFP00000043403	100.0	S	0.0
Mmus_ENSMUSP00000096179	Hsap_ENSP00000427679	100.0	S	0.0
Mmus_ENSMUSP00000096179	Pantro_ENSPTRP00000091348	100.0	S	0.0
Ratnor_ENSRNOP00000014630	Canfam_ENSCAFP00000043403	100.0	S	0.0
Ratnor_ENSRNOP00000014630	Hsap_ENSP00000427679	100.0	S	0.0
Ratnor_ENSRNOP00000014630	Pantro_ENSPTRP00000091348	100.0	S	0.0
Dmel_FBpp0292877	Hsap_ENSP00000470478	77.0	S	0.0
Dmel_FBpp0292877	Pantro_ENSPTRP00000013262	77.0	S	0.0
Dmel_FBpp0292877	Drer_ENSDARP00000117950	77.0	S	0.0
Dmel_FBpp0292877	Bralan_BL97090_cuf33	77.0	S	0.0
Bralan_BL30195_evm0	Tetnig_ENSTNIP00000015280	98.0	S	0.0
Bralan_BL30195_evm0	Drer_ENSDARP00000119179	98.0	S	0.0
Bralan_BL30195_evm0	Canfam_ENSCAFP00000005806	98.0	S	0.0
Bralan_BL30195_evm0	Drer_ENSDARP00000120745	98.0	S	0.0
Bralan_BL30195_evm0	Drer_ENSDARP00000062792	98.0	S	0.0
Bralan_BL30195_evm0	Galgal_ENSGALP00000026550	98.0	S	0.0
Bralan_BL30195_evm0	Mmus_ENSMUSP00000036044	98.0	S	0.0
Bralan_BL30195_evm0	Tetnig_ENSTNIP00000015281	98.0	S	0.0
Bralan_BL30195_evm0	Hsap_ENSP00000233242	98.0	S	0.0
Bralan_BL30195_evm0	Pantro_ENSPTRP00000052150	98.0	S	0.0
Bralan_BL30195_evm0	Ratnor_ENSRNOP00000039779	98.0	S	0.0
Bralan_BL30195_evm0	Tetnig_ENSTNIP00000008189	98.0	S	0.0
Bralan_BL18451_evm8	Bralan_BL16178_cuf14	100.0	D	1.0
Bralan_BL18451_evm8	Bralan_BL12481_evm0	100.0	D	1.0
Dmel_FBpp0082643	Cele_WBGene00006929.1	83.0	S	0.0
Dmel_FBpp0082643	Cele_WBGene00006930.1	83.0	S	0.0
Dmel_FBpp0082643	Cele_WBGene00006928.1	83.0	S	0.0
Dmel_FBpp0082643	Cele_WBGene00006925.1	83.0	S	0.0
Dmel_FBpp0082643	Cele_WBGene00006927.1	83.0	S	0.0
Dmel_FBpp0082643	Cele_WBGene00006926.1	83.0	S	0.0
Tadh_TriadP57880	Tetnig_ENSTNIP00000003865	100.0	S	0.0
Tadh_TriadP57880	Drer_ENSDARP00000094194	100.0	S	0.0
Tadh_TriadP57880	Drer_ENSDARP00000102472	100.0	S	0.0
Tadh_TriadP57880	Drer_ENSDARP00000072678	100.0	S	0.0
Tadh_TriadP57880	Drer_ENSDARP00000050237	100.0	S	0.0
Tadh_TriadP57880	Drer_ENSDARP00000061164	100.0	S	0.0
Tadh_TriadP57880	Drer_ENSDARP00000146270	100.0	S	0.0
Tadh_TriadP57880	Galgal_ENSGALP00000068631	100.0	S	0.0
Tadh_TriadP57880	Drer_ENSDARP00000148221	100.0	S	0.0
Tadh_TriadP57880	Drer_ENSDARP00000148974	100.0	S	0.0
Tadh_TriadP57880	Drer_ENSDARP00000146600	100.0	S	0.0
Tadh_TriadP57880	Tetnig_ENSTNIP00000000093	100.0	S	0.0
Tadh_TriadP57880	Drer_ENSDARP00000147062	100.0	S	0.0
Tadh_TriadP57880	Drer_ENSDARP00000146007	100.0	S	0.0
Tadh_TriadP57880	Drer_ENSDARP00000072687	100.0	S	0.0
Tadh_TriadP57880	Galgal_ENSGALP00000044130	100.0	S	0.0
Tadh_TriadP57880	Drer_ENSDARP00000155970	100.0	S	0.0
Tadh_TriadP57880	Drer_ENSDARP00000150799	100.0	S	0.0
Tadh_TriadP57880	Drer_ENSDARP00000113988	100.0	S	0.0
Tadh_TriadP57880	Drer_ENSDARP00000156030	100.0	S	0.0
Tadh_TriadP57880	Drer_ENSDARP00000115012	100.0	S	0.0
Tadh_TriadP57880	Drer_ENSDARP00000153660	100.0	S	0.0
Tadh_TriadP57880	Galgal_ENSGALP00000002888	100.0	S	0.0
Mmus_ENSMUSP00000096179	Ratnor_ENSRNOP00000014630	100.0	S	0.0
Canfam_ENSCAFP00000043403	Hsap_ENSP00000427679	97.0	S	0.0
Canfam_ENSCAFP00000043403	Pantro_ENSPTRP00000091348	97.0	S	0.0
Bralan_BL97090_cuf33	Hsap_ENSP00000470478	97.0	S	0.0
Bralan_BL97090_cuf33	Pantro_ENSPTRP00000013262	97.0	S	0.0
Bralan_BL97090_cuf33	Drer_ENSDARP00000117950	97.0	S	0.0
Canfam_ENSCAFP00000005806	Tetnig_ENSTNIP00000015280	100.0	S	0.0
Canfam_ENSCAFP00000005806	Drer_ENSDARP00000119179	100.0	S	0.0
Canfam_ENSCAFP00000005806	Drer_ENSDARP00000120745	100.0	S	0.0
Canfam_ENSCAFP00000005806	Drer_ENSDARP00000062792	100.0	S	0.0
Canfam_ENSCAFP00000005806	Tetnig_ENSTNIP00000015281	100.0	S	0.0
Canfam_ENSCAFP00000005806	Tetnig_ENSTNIP00000008189	100.0	S	0.0
Galgal_ENSGALP00000026550	Tetnig_ENSTNIP00000015280	100.0	S	0.0
Galgal_ENSGALP00000026550	Drer_ENSDARP00000119179	100.0	S	0.0
Galgal_ENSGALP00000026550	Drer_ENSDARP00000120745	100.0	S	0.0
Galgal_ENSGALP00000026550	Drer_ENSDARP00000062792	100.0	S	0.0
Galgal_ENSGALP00000026550	Tetnig_ENSTNIP00000015281	100.0	S	0.0
Galgal_ENSGALP00000026550	Tetnig_ENSTNIP00000008189	100.0	S	0.0
Mmus_ENSMUSP00000036044	Tetnig_ENSTNIP00000015280	100.0	S	0.0
Mmus_ENSMUSP00000036044	Drer_ENSDARP00000119179	100.0	S	0.0
Mmus_ENSMUSP00000036044	Drer_ENSDARP00000120745	100.0	S	0.0
Mmus_ENSMUSP00000036044	Drer_ENSDARP00000062792	100.0	S	0.0
Mmus_ENSMUSP00000036044	Tetnig_ENSTNIP00000015281	100.0	S	0.0
Mmus_ENSMUSP00000036044	Tetnig_ENSTNIP00000008189	100.0	S	0.0
Hsap_ENSP00000233242	Tetnig_ENSTNIP00000015280	100.0	S	0.0
Hsap_ENSP00000233242	Drer_ENSDARP00000119179	100.0	S	0.0
Hsap_ENSP00000233242	Drer_ENSDARP00000120745	100.0	S	0.0
Hsap_ENSP00000233242	Drer_ENSDARP00000062792	100.0	S	0.0
Hsap_ENSP00000233242	Tetnig_ENSTNIP00000015281	100.0	S	0.0
Hsap_ENSP00000233242	Tetnig_ENSTNIP00000008189	100.0	S	0.0
Pantro_ENSPTRP00000052150	Tetnig_ENSTNIP00000015280	100.0	S	0.0
Pantro_ENSPTRP00000052150	Drer_ENSDARP00000119179	100.0	S	0.0
Pantro_ENSPTRP00000052150	Drer_ENSDARP00000120745	100.0	S	0.0
Pantro_ENSPTRP00000052150	Drer_ENSDARP00000062792	100.0	S	0.0
Pantro_ENSPTRP00000052150	Tetnig_ENSTNIP00000015281	100.0	S	0.0
Pantro_ENSPTRP00000052150	Tetnig_ENSTNIP00000008189	100.0	S	0.0
Ratnor_ENSRNOP00000039779	Tetnig_ENSTNIP00000015280	100.0	S	0.0
Ratnor_ENSRNOP00000039779	Drer_ENSDARP00000119179	100.0	S	0.0
Ratnor_ENSRNOP00000039779	Drer_ENSDARP00000120745	100.0	S	0.0
Ratnor_ENSRNOP00000039779	Drer_ENSDARP00000062792	100.0	S	0.0
Ratnor_ENSRNOP00000039779	Tetnig_ENSTNIP00000015281	100.0	S	0.0
Ratnor_ENSRNOP00000039779	Tetnig_ENSTNIP00000008189	100.0	S	0.0
Bralan_BL12481_evm0	Bralan_BL16178_cuf14	65.0	D	1.0
Cele_WBGene00006930.1	Cele_WBGene00006929.1	100.0	D	1.0
Cele_WBGene00006930.1	Cele_WBGene00006928.1	100.0	D	1.0
Cele_WBGene00006930.1	Cele_WBGene00006925.1	100.0	D	1.0
Cele_WBGene00006930.1	Cele_WBGene00006927.1	100.0	D	1.0
Cele_WBGene00006930.1	Cele_WBGene00006926.1	100.0	D	1.0
Pantro_ENSPTRP00000091348	Hsap_ENSP00000427679	100.0	S	0.0
Drer_ENSDARP00000117950	Hsap_ENSP00000470478	100.0	S	0.0
Drer_ENSDARP00000117950	Pantro_ENSPTRP00000013262	100.0	S	0.0
Galgal_ENSGALP00000026550	Canfam_ENSCAFP00000005806	100.0	S	0.0
Galgal_ENSGALP00000026550	Mmus_ENSMUSP00000036044	100.0	S	0.0
Galgal_ENSGALP00000026550	Hsap_ENSP00000233242	100.0	S	0.0
Galgal_ENSGALP00000026550	Pantro_ENSPTRP00000052150	100.0	S	0.0
Galgal_ENSGALP00000026550	Ratnor_ENSRNOP00000039779	100.0	S	0.0
Cele_WBGene00006926.1	Cele_WBGene00006929.1	100.0	D	1.0
Cele_WBGene00006926.1	Cele_WBGene00006928.1	100.0	D	1.0
Cele_WBGene00006926.1	Cele_WBGene00006927.1	100.0	D	1.0
Cele_WBGene00006925.1	Cele_WBGene00006929.1	100.0	D	1.0
Cele_WBGene00006925.1	Cele_WBGene00006928.1	100.0	D	1.0
Cele_WBGene00006925.1	Cele_WBGene00006927.1	100.0	D	1.0
Drer_ENSDARP00000094194	Tetnig_ENSTNIP00000003865	100.0	S	0.0
Pantro_ENSPTRP00000013262	Hsap_ENSP00000470478	100.0	S	0.0
Mmus_ENSMUSP00000036044	Hsap_ENSP00000233242	100.0	S	0.0
Mmus_ENSMUSP00000036044	Canfam_ENSCAFP00000005806	100.0	S	0.0
Mmus_ENSMUSP00000036044	Pantro_ENSPTRP00000052150	100.0	S	0.0
Ratnor_ENSRNOP00000039779	Hsap_ENSP00000233242	100.0	S	0.0
Ratnor_ENSRNOP00000039779	Canfam_ENSCAFP00000005806	100.0	S	0.0
Ratnor_ENSRNOP00000039779	Pantro_ENSPTRP00000052150	100.0	S	0.0
Drer_ENSDARP00000062792	Tetnig_ENSTNIP00000008189	98.0	S	0.0
Cele_WBGene00006926.1	Cele_WBGene00006925.1	100.0	D	1.0
Cele_WBGene00006929.1	Cele_WBGene00006928.1	100.0	D	1.0
Cele_WBGene00006929.1	Cele_WBGene00006927.1	100.0	D	1.0
Galgal_ENSGALP00000002888	Drer_ENSDARP00000050237	100.0	S	0.0
Galgal_ENSGALP00000002888	Tetnig_ENSTNIP00000000093	100.0	S	0.0
Galgal_ENSGALP00000002888	Drer_ENSDARP00000115012	100.0	S	0.0
Galgal_ENSGALP00000002888	Drer_ENSDARP00000147062	100.0	S	0.0
Galgal_ENSGALP00000002888	Drer_ENSDARP00000146007	100.0	S	0.0
Galgal_ENSGALP00000002888	Drer_ENSDARP00000072687	100.0	S	0.0
Galgal_ENSGALP00000002888	Drer_ENSDARP00000102472	100.0	S	0.0
Galgal_ENSGALP00000002888	Drer_ENSDARP00000146270	100.0	S	0.0
Galgal_ENSGALP00000002888	Drer_ENSDARP00000061164	100.0	S	0.0
Galgal_ENSGALP00000002888	Drer_ENSDARP00000155970	100.0	S	0.0
Galgal_ENSGALP00000002888	Drer_ENSDARP00000148221	100.0	S	0.0
Galgal_ENSGALP00000002888	Drer_ENSDARP00000150799	100.0	S	0.0
Galgal_ENSGALP00000002888	Drer_ENSDARP00000072678	100.0	S	0.0
Galgal_ENSGALP00000002888	Drer_ENSDARP00000148974	100.0	S	0.0
Galgal_ENSGALP00000002888	Drer_ENSDARP00000146600	100.0	S	0.0
Galgal_ENSGALP00000002888	Drer_ENSDARP00000113988	100.0	S	0.0
Galgal_ENSGALP00000002888	Drer_ENSDARP00000153660	100.0	S	0.0
Galgal_ENSGALP00000002888	Drer_ENSDARP00000156030	100.0	S	0.0
Galgal_ENSGALP00000068631	Drer_ENSDARP00000050237	100.0	S	0.0
Galgal_ENSGALP00000068631	Tetnig_ENSTNIP00000000093	100.0	S	0.0
Galgal_ENSGALP00000068631	Drer_ENSDARP00000115012	100.0	S	0.0
Galgal_ENSGALP00000068631	Drer_ENSDARP00000147062	100.0	S	0.0
Galgal_ENSGALP00000068631	Drer_ENSDARP00000146007	100.0	S	0.0
Galgal_ENSGALP00000068631	Drer_ENSDARP00000072687	100.0	S	0.0
Galgal_ENSGALP00000068631	Drer_ENSDARP00000102472	100.0	S	0.0
Galgal_ENSGALP00000068631	Drer_ENSDARP00000146270	100.0	S	0.0
Galgal_ENSGALP00000068631	Drer_ENSDARP00000061164	100.0	S	0.0
Galgal_ENSGALP00000068631	Drer_ENSDARP00000155970	100.0	S	0.0
Galgal_ENSGALP00000068631	Drer_ENSDARP00000148221	100.0	S	0.0
Galgal_ENSGALP00000068631	Drer_ENSDARP00000150799	100.0	S	0.0
Galgal_ENSGALP00000068631	Drer_ENSDARP00000072678	100.0	S	0.0
Galgal_ENSGALP00000068631	Drer_ENSDARP00000148974	100.0	S	0.0
Galgal_ENSGALP00000068631	Drer_ENSDARP00000146600	100.0	S	0.0
Galgal_ENSGALP00000068631	Drer_ENSDARP00000113988	100.0	S	0.0
Galgal_ENSGALP00000068631	Drer_ENSDARP00000153660	100.0	S	0.0
Galgal_ENSGALP00000068631	Drer_ENSDARP00000156030	100.0	S	0.0
Ratnor_ENSRNOP00000039779	Mmus_ENSMUSP00000036044	100.0	S	0.0
Canfam_ENSCAFP00000005806	Hsap_ENSP00000233242	96.0	S	0.0
Canfam_ENSCAFP00000005806	Pantro_ENSPTRP00000052150	96.0	S	0.0
Tetnig_ENSTNIP00000015280	Drer_ENSDARP00000120745	100.0	S	0.0
Tetnig_ENSTNIP00000015280	Drer_ENSDARP00000119179	100.0	S	0.0
Cele_WBGene00006927.1	Cele_WBGene00006928.1	100.0	D	1.0
Galgal_ENSGALP00000002888	Galgal_ENSGALP00000068631	100.0	D	1.0
Tetnig_ENSTNIP00000000093	Drer_ENSDARP00000050237	99.0	S	0.0
Tetnig_ENSTNIP00000000093	Drer_ENSDARP00000115012	99.0	S	0.0
Tetnig_ENSTNIP00000000093	Drer_ENSDARP00000147062	99.0	S	0.0
Tetnig_ENSTNIP00000000093	Drer_ENSDARP00000146007	99.0	S	0.0
Tetnig_ENSTNIP00000000093	Drer_ENSDARP00000072687	99.0	S	0.0
Tetnig_ENSTNIP00000000093	Drer_ENSDARP00000102472	99.0	S	0.0
Tetnig_ENSTNIP00000000093	Drer_ENSDARP00000146270	99.0	S	0.0
Tetnig_ENSTNIP00000000093	Drer_ENSDARP00000061164	99.0	S	0.0
Tetnig_ENSTNIP00000000093	Drer_ENSDARP00000155970	99.0	S	0.0
Tetnig_ENSTNIP00000000093	Drer_ENSDARP00000148221	99.0	S	0.0
Tetnig_ENSTNIP00000000093	Drer_ENSDARP00000150799	99.0	S	0.0
Tetnig_ENSTNIP00000000093	Drer_ENSDARP00000072678	99.0	S	0.0
Tetnig_ENSTNIP00000000093	Drer_ENSDARP00000148974	99.0	S	0.0
Tetnig_ENSTNIP00000000093	Drer_ENSDARP00000146600	99.0	S	0.0
Tetnig_ENSTNIP00000000093	Drer_ENSDARP00000113988	99.0	S	0.0
Tetnig_ENSTNIP00000000093	Drer_ENSDARP00000153660	99.0	S	0.0
Tetnig_ENSTNIP00000000093	Drer_ENSDARP00000156030	99.0	S	0.0
Pantro_ENSPTRP00000052150	Hsap_ENSP00000233242	100.0	S	0.0
Drer_ENSDARP00000119179	Drer_ENSDARP00000120745	100.0	D	1.0
Drer_ENSDARP00000147062	Drer_ENSDARP00000050237	100.0	D	1.0
Drer_ENSDARP00000147062	Drer_ENSDARP00000115012	100.0	D	1.0
Drer_ENSDARP00000147062	Drer_ENSDARP00000146007	100.0	D	1.0
Drer_ENSDARP00000147062	Drer_ENSDARP00000072687	100.0	D	1.0
Drer_ENSDARP00000147062	Drer_ENSDARP00000102472	100.0	D	1.0
Drer_ENSDARP00000147062	Drer_ENSDARP00000146270	100.0	D	1.0
Drer_ENSDARP00000147062	Drer_ENSDARP00000061164	100.0	D	1.0
Drer_ENSDARP00000147062	Drer_ENSDARP00000155970	100.0	D	1.0
Drer_ENSDARP00000147062	Drer_ENSDARP00000148221	100.0	D	1.0
Drer_ENSDARP00000147062	Drer_ENSDARP00000150799	100.0	D	1.0
Drer_ENSDARP00000147062	Drer_ENSDARP00000072678	100.0	D	1.0
Drer_ENSDARP00000147062	Drer_ENSDARP00000146600	100.0	D	1.0
Drer_ENSDARP00000147062	Drer_ENSDARP00000113988	100.0	D	1.0
Drer_ENSDARP00000147062	Drer_ENSDARP00000153660	100.0	D	1.0
Drer_ENSDARP00000156030	Drer_ENSDARP00000050237	100.0	D	1.0
Drer_ENSDARP00000156030	Drer_ENSDARP00000115012	100.0	D	1.0
Drer_ENSDARP00000156030	Drer_ENSDARP00000146007	100.0	D	1.0
Drer_ENSDARP00000156030	Drer_ENSDARP00000072687	100.0	D	1.0
Drer_ENSDARP00000156030	Drer_ENSDARP00000102472	100.0	D	1.0
Drer_ENSDARP00000156030	Drer_ENSDARP00000146270	100.0	D	1.0
Drer_ENSDARP00000156030	Drer_ENSDARP00000061164	100.0	D	1.0
Drer_ENSDARP00000156030	Drer_ENSDARP00000155970	100.0	D	1.0
Drer_ENSDARP00000156030	Drer_ENSDARP00000148221	100.0	D	1.0
Drer_ENSDARP00000156030	Drer_ENSDARP00000150799	100.0	D	1.0
Drer_ENSDARP00000156030	Drer_ENSDARP00000072678	100.0	D	1.0
Drer_ENSDARP00000156030	Drer_ENSDARP00000146600	100.0	D	1.0
Drer_ENSDARP00000156030	Drer_ENSDARP00000113988	100.0	D	1.0
Drer_ENSDARP00000156030	Drer_ENSDARP00000153660	100.0	D	1.0
Drer_ENSDARP00000148974	Drer_ENSDARP00000050237	100.0	D	1.0
Drer_ENSDARP00000148974	Drer_ENSDARP00000115012	100.0	D	1.0
Drer_ENSDARP00000148974	Drer_ENSDARP00000146007	100.0	D	1.0
Drer_ENSDARP00000148974	Drer_ENSDARP00000072687	100.0	D	1.0
Drer_ENSDARP00000148974	Drer_ENSDARP00000102472	100.0	D	1.0
Drer_ENSDARP00000148974	Drer_ENSDARP00000146270	100.0	D	1.0
Drer_ENSDARP00000148974	Drer_ENSDARP00000061164	100.0	D	1.0
Drer_ENSDARP00000148974	Drer_ENSDARP00000155970	100.0	D	1.0
Drer_ENSDARP00000148974	Drer_ENSDARP00000148221	100.0	D	1.0
Drer_ENSDARP00000148974	Drer_ENSDARP00000150799	100.0	D	1.0
Drer_ENSDARP00000148974	Drer_ENSDARP00000072678	100.0	D	1.0
Drer_ENSDARP00000148974	Drer_ENSDARP00000146600	100.0	D	1.0
Drer_ENSDARP00000148974	Drer_ENSDARP00000113988	100.0	D	1.0
Drer_ENSDARP00000148974	Drer_ENSDARP00000153660	100.0	D	1.0
Drer_ENSDARP00000148974	Drer_ENSDARP00000147062	100.0	D	1.0
Drer_ENSDARP00000148974	Drer_ENSDARP00000156030	100.0	D	1.0
Drer_ENSDARP00000146007	Drer_ENSDARP00000050237	100.0	D	1.0
Drer_ENSDARP00000146007	Drer_ENSDARP00000115012	100.0	D	1.0
Drer_ENSDARP00000146007	Drer_ENSDARP00000072687	100.0	D	1.0
Drer_ENSDARP00000146007	Drer_ENSDARP00000102472	100.0	D	1.0
Drer_ENSDARP00000146007	Drer_ENSDARP00000146270	100.0	D	1.0
Drer_ENSDARP00000146007	Drer_ENSDARP00000155970	100.0	D	1.0
Drer_ENSDARP00000146007	Drer_ENSDARP00000150799	100.0	D	1.0
Drer_ENSDARP00000146007	Drer_ENSDARP00000072678	100.0	D	1.0
Drer_ENSDARP00000146007	Drer_ENSDARP00000146600	100.0	D	1.0
Drer_ENSDARP00000146007	Drer_ENSDARP00000113988	100.0	D	1.0
Drer_ENSDARP00000146007	Drer_ENSDARP00000153660	100.0	D	1.0
Drer_ENSDARP00000061164	Drer_ENSDARP00000050237	100.0	D	1.0
Drer_ENSDARP00000061164	Drer_ENSDARP00000115012	100.0	D	1.0
Drer_ENSDARP00000061164	Drer_ENSDARP00000072687	100.0	D	1.0
Drer_ENSDARP00000061164	Drer_ENSDARP00000102472	100.0	D	1.0
Drer_ENSDARP00000061164	Drer_ENSDARP00000146270	100.0	D	1.0
Drer_ENSDARP00000061164	Drer_ENSDARP00000155970	100.0	D	1.0
Drer_ENSDARP00000061164	Drer_ENSDARP00000150799	100.0	D	1.0
Drer_ENSDARP00000061164	Drer_ENSDARP00000072678	100.0	D	1.0
Drer_ENSDARP00000061164	Drer_ENSDARP00000146600	100.0	D	1.0
Drer_ENSDARP00000061164	Drer_ENSDARP00000113988	100.0	D	1.0
Drer_ENSDARP00000061164	Drer_ENSDARP00000153660	100.0	D	1.0
Drer_ENSDARP00000148221	Drer_ENSDARP00000050237	100.0	D	1.0
Drer_ENSDARP00000148221	Drer_ENSDARP00000115012	100.0	D	1.0
Drer_ENSDARP00000148221	Drer_ENSDARP00000072687	100.0	D	1.0
Drer_ENSDARP00000148221	Drer_ENSDARP00000102472	100.0	D	1.0
Drer_ENSDARP00000148221	Drer_ENSDARP00000146270	100.0	D	1.0
Drer_ENSDARP00000148221	Drer_ENSDARP00000155970	100.0	D	1.0
Drer_ENSDARP00000148221	Drer_ENSDARP00000150799	100.0	D	1.0
Drer_ENSDARP00000148221	Drer_ENSDARP00000072678	100.0	D	1.0
Drer_ENSDARP00000148221	Drer_ENSDARP00000146600	100.0	D	1.0
Drer_ENSDARP00000148221	Drer_ENSDARP00000113988	100.0	D	1.0
Drer_ENSDARP00000148221	Drer_ENSDARP00000153660	100.0	D	1.0
Drer_ENSDARP00000147062	Drer_ENSDARP00000156030	95.0	D	1.0
Drer_ENSDARP00000148221	Drer_ENSDARP00000146007	100.0	D	1.0
Drer_ENSDARP00000148221	Drer_ENSDARP00000061164	100.0	D	1.0
Drer_ENSDARP00000153660	Drer_ENSDARP00000050237	83.0	D	1.0
Drer_ENSDARP00000153660	Drer_ENSDARP00000115012	83.0	D	1.0
Drer_ENSDARP00000153660	Drer_ENSDARP00000072687	83.0	D	1.0
Drer_ENSDARP00000153660	Drer_ENSDARP00000146270	83.0	D	1.0
Drer_ENSDARP00000153660	Drer_ENSDARP00000155970	83.0	D	1.0
Drer_ENSDARP00000153660	Drer_ENSDARP00000150799	83.0	D	1.0
Drer_ENSDARP00000153660	Drer_ENSDARP00000146600	83.0	D	1.0
Drer_ENSDARP00000153660	Drer_ENSDARP00000113988	83.0	D	1.0
Drer_ENSDARP00000072678	Drer_ENSDARP00000050237	83.0	D	1.0
Drer_ENSDARP00000072678	Drer_ENSDARP00000115012	83.0	D	1.0
Drer_ENSDARP00000072678	Drer_ENSDARP00000072687	83.0	D	1.0
Drer_ENSDARP00000072678	Drer_ENSDARP00000146270	83.0	D	1.0
Drer_ENSDARP00000072678	Drer_ENSDARP00000155970	83.0	D	1.0
Drer_ENSDARP00000072678	Drer_ENSDARP00000150799	83.0	D	1.0
Drer_ENSDARP00000072678	Drer_ENSDARP00000146600	83.0	D	1.0
Drer_ENSDARP00000072678	Drer_ENSDARP00000113988	83.0	D	1.0
Drer_ENSDARP00000102472	Drer_ENSDARP00000050237	83.0	D	1.0
Drer_ENSDARP00000102472	Drer_ENSDARP00000115012	83.0	D	1.0
Drer_ENSDARP00000102472	Drer_ENSDARP00000072687	83.0	D	1.0
Drer_ENSDARP00000102472	Drer_ENSDARP00000146270	83.0	D	1.0
Drer_ENSDARP00000102472	Drer_ENSDARP00000155970	83.0	D	1.0
Drer_ENSDARP00000102472	Drer_ENSDARP00000150799	83.0	D	1.0
Drer_ENSDARP00000102472	Drer_ENSDARP00000146600	83.0	D	1.0
Drer_ENSDARP00000102472	Drer_ENSDARP00000113988	83.0	D	1.0
Drer_ENSDARP00000061164	Drer_ENSDARP00000146007	100.0	D	1.0
Drer_ENSDARP00000072678	Drer_ENSDARP00000153660	100.0	D	1.0
Drer_ENSDARP00000072678	Drer_ENSDARP00000102472	100.0	D	1.0
Drer_ENSDARP00000050237	Drer_ENSDARP00000115012	100.0	D	1.0
Drer_ENSDARP00000050237	Drer_ENSDARP00000072687	100.0	D	1.0
Drer_ENSDARP00000050237	Drer_ENSDARP00000146270	100.0	D	1.0
Drer_ENSDARP00000050237	Drer_ENSDARP00000155970	100.0	D	1.0
Drer_ENSDARP00000050237	Drer_ENSDARP00000150799	100.0	D	1.0
Drer_ENSDARP00000050237	Drer_ENSDARP00000113988	100.0	D	1.0
Drer_ENSDARP00000146600	Drer_ENSDARP00000115012	100.0	D	1.0
Drer_ENSDARP00000146600	Drer_ENSDARP00000072687	100.0	D	1.0
Drer_ENSDARP00000146600	Drer_ENSDARP00000146270	100.0	D	1.0
Drer_ENSDARP00000146600	Drer_ENSDARP00000155970	100.0	D	1.0
Drer_ENSDARP00000146600	Drer_ENSDARP00000150799	100.0	D	1.0
Drer_ENSDARP00000146600	Drer_ENSDARP00000113988	100.0	D	1.0
Drer_ENSDARP00000102472	Drer_ENSDARP00000153660	84.0	D	1.0
Drer_ENSDARP00000050237	Drer_ENSDARP00000146600	1.0	D	1.0
Drer_ENSDARP00000115012	Drer_ENSDARP00000113988	90.0	D	1.0
Drer_ENSDARP00000115012	Drer_ENSDARP00000150799	90.0	D	1.0
Drer_ENSDARP00000115012	Drer_ENSDARP00000072687	90.0	D	1.0
Drer_ENSDARP00000115012	Drer_ENSDARP00000146270	90.0	D	1.0
Drer_ENSDARP00000155970	Drer_ENSDARP00000113988	90.0	D	1.0
Drer_ENSDARP00000155970	Drer_ENSDARP00000150799	90.0	D	1.0
Drer_ENSDARP00000155970	Drer_ENSDARP00000072687	90.0	D	1.0
Drer_ENSDARP00000155970	Drer_ENSDARP00000146270	90.0	D	1.0
Drer_ENSDARP00000115012	Drer_ENSDARP00000155970	100.0	D	1.0
Drer_ENSDARP00000072687	Drer_ENSDARP00000113988	57.0	D	1.0
Drer_ENSDARP00000072687	Drer_ENSDARP00000150799	57.0	D	1.0
Drer_ENSDARP00000146270	Drer_ENSDARP00000113988	57.0	D	1.0
Drer_ENSDARP00000146270	Drer_ENSDARP00000150799	57.0	D	1.0
Drer_ENSDARP00000072687	Drer_ENSDARP00000146270	100.0	D	1.0
Drer_ENSDARP00000113988	Drer_ENSDARP00000150799	100.0	D	1.0
