in_gene	out_gene	branch_support	ev_type	sos
Cele_WBGene00011162.1	Hsap_ENSP00000356198	1.0	S	0.0
Cele_WBGene00011162.1	Drer_ENSDARP00000138333	1.0	S	0.0
Cele_WBGene00011162.1	Mmus_ENSMUSP00000029510	1.0	S	0.0
Cele_WBGene00011162.1	Nvec_EDO49743	1.0	S	0.0
Cele_WBGene00011162.1	Mmus_ENSMUSP00000080717	1.0	S	0.0
Cele_WBGene00011162.1	Galgal_ENSGALP00000069949	1.0	S	0.0
Cele_WBGene00011162.1	Mondom_ENSMODP00000001267	1.0	S	0.0
Cele_WBGene00011162.1	Canfam_ENSCAFP00000058655	1.0	S	0.0
Cele_WBGene00011162.1	Drer_ENSDARP00000148464	1.0	S	0.0
Cele_WBGene00011162.1	Hsap_ENSP00000437082	1.0	S	0.0
Cele_WBGene00011162.1	Mondom_ENSMODP00000001739	1.0	S	0.0
Cele_WBGene00011162.1	Galgal_ENSGALP00000066799	1.0	S	0.0
Cele_WBGene00011162.1	Canfam_ENSCAFP00000032028	1.0	S	0.0
Cele_WBGene00011162.1	Drer_ENSDARP00000134903	1.0	S	0.0
Cele_WBGene00011162.1	Nvec_EDO40445	1.0	S	0.0
Cele_WBGene00011162.1	Ratnor_ENSRNOP00000073705	1.0	S	0.0
Cele_WBGene00011162.1	Mmus_ENSMUSP00000053923	1.0	S	0.0
Cele_WBGene00011162.1	Mmus_ENSMUSP00000080851	1.0	S	0.0
Cele_WBGene00011162.1	Hsap_ENSP00000255409	1.0	S	0.0
Cele_WBGene00011162.1	Tetnig_ENSTNIP00000000910	1.0	S	0.0
Cele_WBGene00011162.1	Canfam_ENSCAFP00000020233	1.0	S	0.0
Cele_WBGene00011162.1	Pantro_ENSPTRP00000001896	1.0	S	0.0
Cele_WBGene00011162.1	Hsap_ENSP00000358747	1.0	S	0.0
Cele_WBGene00011162.1	Mondom_ENSMODP00000001804	1.0	S	0.0
Cele_WBGene00011162.1	Hsap_ENSP00000358755	1.0	S	0.0
Cele_WBGene00011162.1	Pantro_ENSPTRP00000003133	1.0	S	0.0
Cele_WBGene00011162.1	Bralan_BL96483_cuf4	1.0	S	0.0
Cele_WBGene00011162.1	Mmus_ENSMUSP00000123979	1.0	S	0.0
Cele_WBGene00011162.1	Galgal_ENSGALP00000058001	1.0	S	0.0
Cele_WBGene00011162.1	Drer_ENSDARP00000102083	1.0	S	0.0
Cele_WBGene00011162.1	Drer_ENSDARP00000135566	1.0	S	0.0
Cele_WBGene00011162.1	Mondom_ENSMODP00000047764	1.0	S	0.0
Cele_WBGene00011162.1	Pantro_ENSPTRP00000063859	1.0	S	0.0
Cele_WBGene00011162.1	Nvec_EDO43261	1.0	S	0.0
Cele_WBGene00011162.1	Mondom_ENSMODP00000040149	1.0	S	0.0
Cele_WBGene00011162.1	Ratnor_ENSRNOP00000074871	1.0	S	0.0
Cele_WBGene00011162.1	Tetnig_ENSTNIP00000001773	1.0	S	0.0
Cele_WBGene00011162.1	Pantro_ENSPTRP00000081197	1.0	S	0.0
Cele_WBGene00011162.1	Bralan_BL19132_evm1	1.0	S	0.0
Cele_WBGene00011162.1	Mondom_ENSMODP00000035744	1.0	S	0.0
Cele_WBGene00011162.1	Mmus_ENSMUSP00000142477	1.0	S	0.0
Cele_WBGene00011162.1	Bralan_BL15426_cuf14	1.0	S	0.0
Cele_WBGene00011162.1	Drer_ENSDARP00000095389	1.0	S	0.0
Cele_WBGene00011162.1	Cint_ENSCINP00000028628	1.0	S	0.0
Cele_WBGene00011162.1	Drer_ENSDARP00000005298	1.0	S	0.0
Cele_WBGene00011162.1	Ratnor_ENSRNOP00000052813	1.0	S	0.0
Cele_WBGene00011162.1	Pantro_ENSPTRP00000041993	1.0	S	0.0
Cele_WBGene00011162.1	Nvec_EDO40446	1.0	S	0.0
Cele_WBGene00011162.1	Tetnig_ENSTNIP00000003161	1.0	S	0.0
Cele_WBGene00011162.1	Ratnor_ENSRNOP00000070204	1.0	S	0.0
Cele_WBGene00011162.1	Mondom_ENSMODP00000043631	1.0	S	0.0
Cele_WBGene00011162.1	Pantro_ENSPTRP00000088271	1.0	S	0.0
Cele_WBGene00011162.1	Mondom_ENSMODP00000001616	1.0	S	0.0
Cele_WBGene00011162.1	Ratnor_ENSRNOP00000052819	1.0	S	0.0
Cele_WBGene00011162.1	Bralan_BL95784_evm1	1.0	S	0.0
Cele_WBGene00011162.1	Mmus_ENSMUSP00000000573	1.0	S	0.0
Cele_WBGene00011162.1	Bralan_BL52614_cuf2	1.0	S	0.0
Cele_WBGene00011162.1	Mmus_ENSMUSP00000078134	1.0	S	0.0
Cele_WBGene00011162.1	Nvec_EDO49627	1.0	S	0.0
Cele_WBGene00017233.1	Hsap_ENSP00000356198	1.0	S	0.0
Cele_WBGene00017233.1	Drer_ENSDARP00000138333	1.0	S	0.0
Cele_WBGene00017233.1	Mmus_ENSMUSP00000029510	1.0	S	0.0
Cele_WBGene00017233.1	Nvec_EDO49743	1.0	S	0.0
Cele_WBGene00017233.1	Mmus_ENSMUSP00000080717	1.0	S	0.0
Cele_WBGene00017233.1	Galgal_ENSGALP00000069949	1.0	S	0.0
Cele_WBGene00017233.1	Mondom_ENSMODP00000001267	1.0	S	0.0
Cele_WBGene00017233.1	Canfam_ENSCAFP00000058655	1.0	S	0.0
Cele_WBGene00017233.1	Drer_ENSDARP00000148464	1.0	S	0.0
Cele_WBGene00017233.1	Hsap_ENSP00000437082	1.0	S	0.0
Cele_WBGene00017233.1	Mondom_ENSMODP00000001739	1.0	S	0.0
Cele_WBGene00017233.1	Galgal_ENSGALP00000066799	1.0	S	0.0
Cele_WBGene00017233.1	Canfam_ENSCAFP00000032028	1.0	S	0.0
Cele_WBGene00017233.1	Drer_ENSDARP00000134903	1.0	S	0.0
Cele_WBGene00017233.1	Nvec_EDO40445	1.0	S	0.0
Cele_WBGene00017233.1	Ratnor_ENSRNOP00000073705	1.0	S	0.0
Cele_WBGene00017233.1	Mmus_ENSMUSP00000053923	1.0	S	0.0
Cele_WBGene00017233.1	Mmus_ENSMUSP00000080851	1.0	S	0.0
Cele_WBGene00017233.1	Hsap_ENSP00000255409	1.0	S	0.0
Cele_WBGene00017233.1	Tetnig_ENSTNIP00000000910	1.0	S	0.0
Cele_WBGene00017233.1	Canfam_ENSCAFP00000020233	1.0	S	0.0
Cele_WBGene00017233.1	Pantro_ENSPTRP00000001896	1.0	S	0.0
Cele_WBGene00017233.1	Hsap_ENSP00000358747	1.0	S	0.0
Cele_WBGene00017233.1	Mondom_ENSMODP00000001804	1.0	S	0.0
Cele_WBGene00017233.1	Hsap_ENSP00000358755	1.0	S	0.0
Cele_WBGene00017233.1	Pantro_ENSPTRP00000003133	1.0	S	0.0
Cele_WBGene00017233.1	Bralan_BL96483_cuf4	1.0	S	0.0
Cele_WBGene00017233.1	Mmus_ENSMUSP00000123979	1.0	S	0.0
Cele_WBGene00017233.1	Galgal_ENSGALP00000058001	1.0	S	0.0
Cele_WBGene00017233.1	Drer_ENSDARP00000102083	1.0	S	0.0
Cele_WBGene00017233.1	Drer_ENSDARP00000135566	1.0	S	0.0
Cele_WBGene00017233.1	Mondom_ENSMODP00000047764	1.0	S	0.0
Cele_WBGene00017233.1	Pantro_ENSPTRP00000063859	1.0	S	0.0
Cele_WBGene00017233.1	Nvec_EDO43261	1.0	S	0.0
Cele_WBGene00017233.1	Mondom_ENSMODP00000040149	1.0	S	0.0
Cele_WBGene00017233.1	Ratnor_ENSRNOP00000074871	1.0	S	0.0
Cele_WBGene00017233.1	Tetnig_ENSTNIP00000001773	1.0	S	0.0
Cele_WBGene00017233.1	Pantro_ENSPTRP00000081197	1.0	S	0.0
Cele_WBGene00017233.1	Bralan_BL19132_evm1	1.0	S	0.0
Cele_WBGene00017233.1	Mondom_ENSMODP00000035744	1.0	S	0.0
Cele_WBGene00017233.1	Mmus_ENSMUSP00000142477	1.0	S	0.0
Cele_WBGene00017233.1	Bralan_BL15426_cuf14	1.0	S	0.0
Cele_WBGene00017233.1	Drer_ENSDARP00000095389	1.0	S	0.0
Cele_WBGene00017233.1	Cint_ENSCINP00000028628	1.0	S	0.0
Cele_WBGene00017233.1	Drer_ENSDARP00000005298	1.0	S	0.0
Cele_WBGene00017233.1	Ratnor_ENSRNOP00000052813	1.0	S	0.0
Cele_WBGene00017233.1	Pantro_ENSPTRP00000041993	1.0	S	0.0
Cele_WBGene00017233.1	Nvec_EDO40446	1.0	S	0.0
Cele_WBGene00017233.1	Tetnig_ENSTNIP00000003161	1.0	S	0.0
Cele_WBGene00017233.1	Ratnor_ENSRNOP00000070204	1.0	S	0.0
Cele_WBGene00017233.1	Mondom_ENSMODP00000043631	1.0	S	0.0
Cele_WBGene00017233.1	Pantro_ENSPTRP00000088271	1.0	S	0.0
Cele_WBGene00017233.1	Mondom_ENSMODP00000001616	1.0	S	0.0
Cele_WBGene00017233.1	Ratnor_ENSRNOP00000052819	1.0	S	0.0
Cele_WBGene00017233.1	Bralan_BL95784_evm1	1.0	S	0.0
Cele_WBGene00017233.1	Mmus_ENSMUSP00000000573	1.0	S	0.0
Cele_WBGene00017233.1	Bralan_BL52614_cuf2	1.0	S	0.0
Cele_WBGene00017233.1	Mmus_ENSMUSP00000078134	1.0	S	0.0
Cele_WBGene00017233.1	Nvec_EDO49627	1.0	S	0.0
Dmel_FBpp0080417	Hsap_ENSP00000356198	1.0	S	0.0
Dmel_FBpp0080417	Drer_ENSDARP00000138333	1.0	S	0.0
Dmel_FBpp0080417	Mmus_ENSMUSP00000029510	1.0	S	0.0
Dmel_FBpp0080417	Nvec_EDO49743	1.0	S	0.0
Dmel_FBpp0080417	Mmus_ENSMUSP00000080717	1.0	S	0.0
Dmel_FBpp0080417	Galgal_ENSGALP00000069949	1.0	S	0.0
Dmel_FBpp0080417	Mondom_ENSMODP00000001267	1.0	S	0.0
Dmel_FBpp0080417	Canfam_ENSCAFP00000058655	1.0	S	0.0
Dmel_FBpp0080417	Drer_ENSDARP00000148464	1.0	S	0.0
Dmel_FBpp0080417	Hsap_ENSP00000437082	1.0	S	0.0
Dmel_FBpp0080417	Mondom_ENSMODP00000001739	1.0	S	0.0
Dmel_FBpp0080417	Galgal_ENSGALP00000066799	1.0	S	0.0
Dmel_FBpp0080417	Canfam_ENSCAFP00000032028	1.0	S	0.0
Dmel_FBpp0080417	Drer_ENSDARP00000134903	1.0	S	0.0
Dmel_FBpp0080417	Nvec_EDO40445	1.0	S	0.0
Dmel_FBpp0080417	Ratnor_ENSRNOP00000073705	1.0	S	0.0
Dmel_FBpp0080417	Mmus_ENSMUSP00000053923	1.0	S	0.0
Dmel_FBpp0080417	Mmus_ENSMUSP00000080851	1.0	S	0.0
Dmel_FBpp0080417	Hsap_ENSP00000255409	1.0	S	0.0
Dmel_FBpp0080417	Tetnig_ENSTNIP00000000910	1.0	S	0.0
Dmel_FBpp0080417	Canfam_ENSCAFP00000020233	1.0	S	0.0
Dmel_FBpp0080417	Pantro_ENSPTRP00000001896	1.0	S	0.0
Dmel_FBpp0080417	Hsap_ENSP00000358747	1.0	S	0.0
Dmel_FBpp0080417	Mondom_ENSMODP00000001804	1.0	S	0.0
Dmel_FBpp0080417	Hsap_ENSP00000358755	1.0	S	0.0
Dmel_FBpp0080417	Pantro_ENSPTRP00000003133	1.0	S	0.0
Dmel_FBpp0080417	Bralan_BL96483_cuf4	1.0	S	0.0
Dmel_FBpp0080417	Mmus_ENSMUSP00000123979	1.0	S	0.0
Dmel_FBpp0080417	Galgal_ENSGALP00000058001	1.0	S	0.0
Dmel_FBpp0080417	Drer_ENSDARP00000102083	1.0	S	0.0
Dmel_FBpp0080417	Drer_ENSDARP00000135566	1.0	S	0.0
Dmel_FBpp0080417	Mondom_ENSMODP00000047764	1.0	S	0.0
Dmel_FBpp0080417	Pantro_ENSPTRP00000063859	1.0	S	0.0
Dmel_FBpp0080417	Nvec_EDO43261	1.0	S	0.0
Dmel_FBpp0080417	Mondom_ENSMODP00000040149	1.0	S	0.0
Dmel_FBpp0080417	Ratnor_ENSRNOP00000074871	1.0	S	0.0
Dmel_FBpp0080417	Tetnig_ENSTNIP00000001773	1.0	S	0.0
Dmel_FBpp0080417	Pantro_ENSPTRP00000081197	1.0	S	0.0
Dmel_FBpp0080417	Bralan_BL19132_evm1	1.0	S	0.0
Dmel_FBpp0080417	Mondom_ENSMODP00000035744	1.0	S	0.0
Dmel_FBpp0080417	Mmus_ENSMUSP00000142477	1.0	S	0.0
Dmel_FBpp0080417	Bralan_BL15426_cuf14	1.0	S	0.0
Dmel_FBpp0080417	Drer_ENSDARP00000095389	1.0	S	0.0
Dmel_FBpp0080417	Cint_ENSCINP00000028628	1.0	S	0.0
Dmel_FBpp0080417	Drer_ENSDARP00000005298	1.0	S	0.0
Dmel_FBpp0080417	Ratnor_ENSRNOP00000052813	1.0	S	0.0
Dmel_FBpp0080417	Pantro_ENSPTRP00000041993	1.0	S	0.0
Dmel_FBpp0080417	Nvec_EDO40446	1.0	S	0.0
Dmel_FBpp0080417	Tetnig_ENSTNIP00000003161	1.0	S	0.0
Dmel_FBpp0080417	Ratnor_ENSRNOP00000070204	1.0	S	0.0
Dmel_FBpp0080417	Mondom_ENSMODP00000043631	1.0	S	0.0
Dmel_FBpp0080417	Pantro_ENSPTRP00000088271	1.0	S	0.0
Dmel_FBpp0080417	Mondom_ENSMODP00000001616	1.0	S	0.0
Dmel_FBpp0080417	Ratnor_ENSRNOP00000052819	1.0	S	0.0
Dmel_FBpp0080417	Bralan_BL95784_evm1	1.0	S	0.0
Dmel_FBpp0080417	Mmus_ENSMUSP00000000573	1.0	S	0.0
Dmel_FBpp0080417	Bralan_BL52614_cuf2	1.0	S	0.0
Dmel_FBpp0080417	Mmus_ENSMUSP00000078134	1.0	S	0.0
Dmel_FBpp0080417	Nvec_EDO49627	1.0	S	0.0
Cele_WBGene00007465.1	Hsap_ENSP00000356198	1.0	S	0.0
Cele_WBGene00007465.1	Drer_ENSDARP00000138333	1.0	S	0.0
Cele_WBGene00007465.1	Mmus_ENSMUSP00000029510	1.0	S	0.0
Cele_WBGene00007465.1	Nvec_EDO49743	1.0	S	0.0
Cele_WBGene00007465.1	Mmus_ENSMUSP00000080717	1.0	S	0.0
Cele_WBGene00007465.1	Galgal_ENSGALP00000069949	1.0	S	0.0
Cele_WBGene00007465.1	Mondom_ENSMODP00000001267	1.0	S	0.0
Cele_WBGene00007465.1	Canfam_ENSCAFP00000058655	1.0	S	0.0
Cele_WBGene00007465.1	Drer_ENSDARP00000148464	1.0	S	0.0
Cele_WBGene00007465.1	Hsap_ENSP00000437082	1.0	S	0.0
Cele_WBGene00007465.1	Mondom_ENSMODP00000001739	1.0	S	0.0
Cele_WBGene00007465.1	Galgal_ENSGALP00000066799	1.0	S	0.0
Cele_WBGene00007465.1	Canfam_ENSCAFP00000032028	1.0	S	0.0
Cele_WBGene00007465.1	Drer_ENSDARP00000134903	1.0	S	0.0
Cele_WBGene00007465.1	Nvec_EDO40445	1.0	S	0.0
Cele_WBGene00007465.1	Ratnor_ENSRNOP00000073705	1.0	S	0.0
Cele_WBGene00007465.1	Mmus_ENSMUSP00000053923	1.0	S	0.0
Cele_WBGene00007465.1	Mmus_ENSMUSP00000080851	1.0	S	0.0
Cele_WBGene00007465.1	Hsap_ENSP00000255409	1.0	S	0.0
Cele_WBGene00007465.1	Tetnig_ENSTNIP00000000910	1.0	S	0.0
Cele_WBGene00007465.1	Canfam_ENSCAFP00000020233	1.0	S	0.0
Cele_WBGene00007465.1	Pantro_ENSPTRP00000001896	1.0	S	0.0
Cele_WBGene00007465.1	Hsap_ENSP00000358747	1.0	S	0.0
Cele_WBGene00007465.1	Mondom_ENSMODP00000001804	1.0	S	0.0
Cele_WBGene00007465.1	Hsap_ENSP00000358755	1.0	S	0.0
Cele_WBGene00007465.1	Pantro_ENSPTRP00000003133	1.0	S	0.0
Cele_WBGene00007465.1	Bralan_BL96483_cuf4	1.0	S	0.0
Cele_WBGene00007465.1	Mmus_ENSMUSP00000123979	1.0	S	0.0
Cele_WBGene00007465.1	Galgal_ENSGALP00000058001	1.0	S	0.0
Cele_WBGene00007465.1	Drer_ENSDARP00000102083	1.0	S	0.0
Cele_WBGene00007465.1	Drer_ENSDARP00000135566	1.0	S	0.0
Cele_WBGene00007465.1	Mondom_ENSMODP00000047764	1.0	S	0.0
Cele_WBGene00007465.1	Pantro_ENSPTRP00000063859	1.0	S	0.0
Cele_WBGene00007465.1	Nvec_EDO43261	1.0	S	0.0
Cele_WBGene00007465.1	Mondom_ENSMODP00000040149	1.0	S	0.0
Cele_WBGene00007465.1	Ratnor_ENSRNOP00000074871	1.0	S	0.0
Cele_WBGene00007465.1	Tetnig_ENSTNIP00000001773	1.0	S	0.0
Cele_WBGene00007465.1	Pantro_ENSPTRP00000081197	1.0	S	0.0
Cele_WBGene00007465.1	Bralan_BL19132_evm1	1.0	S	0.0
Cele_WBGene00007465.1	Mondom_ENSMODP00000035744	1.0	S	0.0
Cele_WBGene00007465.1	Mmus_ENSMUSP00000142477	1.0	S	0.0
Cele_WBGene00007465.1	Bralan_BL15426_cuf14	1.0	S	0.0
Cele_WBGene00007465.1	Drer_ENSDARP00000095389	1.0	S	0.0
Cele_WBGene00007465.1	Cint_ENSCINP00000028628	1.0	S	0.0
Cele_WBGene00007465.1	Drer_ENSDARP00000005298	1.0	S	0.0
Cele_WBGene00007465.1	Ratnor_ENSRNOP00000052813	1.0	S	0.0
Cele_WBGene00007465.1	Pantro_ENSPTRP00000041993	1.0	S	0.0
Cele_WBGene00007465.1	Nvec_EDO40446	1.0	S	0.0
Cele_WBGene00007465.1	Tetnig_ENSTNIP00000003161	1.0	S	0.0
Cele_WBGene00007465.1	Ratnor_ENSRNOP00000070204	1.0	S	0.0
Cele_WBGene00007465.1	Mondom_ENSMODP00000043631	1.0	S	0.0
Cele_WBGene00007465.1	Pantro_ENSPTRP00000088271	1.0	S	0.0
Cele_WBGene00007465.1	Mondom_ENSMODP00000001616	1.0	S	0.0
Cele_WBGene00007465.1	Ratnor_ENSRNOP00000052819	1.0	S	0.0
Cele_WBGene00007465.1	Bralan_BL95784_evm1	1.0	S	0.0
Cele_WBGene00007465.1	Mmus_ENSMUSP00000000573	1.0	S	0.0
Cele_WBGene00007465.1	Bralan_BL52614_cuf2	1.0	S	0.0
Cele_WBGene00007465.1	Mmus_ENSMUSP00000078134	1.0	S	0.0
Cele_WBGene00007465.1	Nvec_EDO49627	1.0	S	0.0
Dmel_FBpp0086257	Hsap_ENSP00000356198	1.0	S	0.0
Dmel_FBpp0086257	Drer_ENSDARP00000138333	1.0	S	0.0
Dmel_FBpp0086257	Mmus_ENSMUSP00000029510	1.0	S	0.0
Dmel_FBpp0086257	Nvec_EDO49743	1.0	S	0.0
Dmel_FBpp0086257	Mmus_ENSMUSP00000080717	1.0	S	0.0
Dmel_FBpp0086257	Galgal_ENSGALP00000069949	1.0	S	0.0
Dmel_FBpp0086257	Mondom_ENSMODP00000001267	1.0	S	0.0
Dmel_FBpp0086257	Canfam_ENSCAFP00000058655	1.0	S	0.0
Dmel_FBpp0086257	Drer_ENSDARP00000148464	1.0	S	0.0
Dmel_FBpp0086257	Hsap_ENSP00000437082	1.0	S	0.0
Dmel_FBpp0086257	Mondom_ENSMODP00000001739	1.0	S	0.0
Dmel_FBpp0086257	Galgal_ENSGALP00000066799	1.0	S	0.0
Dmel_FBpp0086257	Canfam_ENSCAFP00000032028	1.0	S	0.0
Dmel_FBpp0086257	Drer_ENSDARP00000134903	1.0	S	0.0
Dmel_FBpp0086257	Nvec_EDO40445	1.0	S	0.0
Dmel_FBpp0086257	Ratnor_ENSRNOP00000073705	1.0	S	0.0
Dmel_FBpp0086257	Mmus_ENSMUSP00000053923	1.0	S	0.0
Dmel_FBpp0086257	Mmus_ENSMUSP00000080851	1.0	S	0.0
Dmel_FBpp0086257	Hsap_ENSP00000255409	1.0	S	0.0
Dmel_FBpp0086257	Tetnig_ENSTNIP00000000910	1.0	S	0.0
Dmel_FBpp0086257	Canfam_ENSCAFP00000020233	1.0	S	0.0
Dmel_FBpp0086257	Pantro_ENSPTRP00000001896	1.0	S	0.0
Dmel_FBpp0086257	Hsap_ENSP00000358747	1.0	S	0.0
Dmel_FBpp0086257	Mondom_ENSMODP00000001804	1.0	S	0.0
Dmel_FBpp0086257	Hsap_ENSP00000358755	1.0	S	0.0
Dmel_FBpp0086257	Pantro_ENSPTRP00000003133	1.0	S	0.0
Dmel_FBpp0086257	Bralan_BL96483_cuf4	1.0	S	0.0
Dmel_FBpp0086257	Mmus_ENSMUSP00000123979	1.0	S	0.0
Dmel_FBpp0086257	Galgal_ENSGALP00000058001	1.0	S	0.0
Dmel_FBpp0086257	Drer_ENSDARP00000102083	1.0	S	0.0
Dmel_FBpp0086257	Drer_ENSDARP00000135566	1.0	S	0.0
Dmel_FBpp0086257	Mondom_ENSMODP00000047764	1.0	S	0.0
Dmel_FBpp0086257	Pantro_ENSPTRP00000063859	1.0	S	0.0
Dmel_FBpp0086257	Nvec_EDO43261	1.0	S	0.0
Dmel_FBpp0086257	Mondom_ENSMODP00000040149	1.0	S	0.0
Dmel_FBpp0086257	Ratnor_ENSRNOP00000074871	1.0	S	0.0
Dmel_FBpp0086257	Tetnig_ENSTNIP00000001773	1.0	S	0.0
Dmel_FBpp0086257	Pantro_ENSPTRP00000081197	1.0	S	0.0
Dmel_FBpp0086257	Bralan_BL19132_evm1	1.0	S	0.0
Dmel_FBpp0086257	Mondom_ENSMODP00000035744	1.0	S	0.0
Dmel_FBpp0086257	Mmus_ENSMUSP00000142477	1.0	S	0.0
Dmel_FBpp0086257	Bralan_BL15426_cuf14	1.0	S	0.0
Dmel_FBpp0086257	Drer_ENSDARP00000095389	1.0	S	0.0
Dmel_FBpp0086257	Cint_ENSCINP00000028628	1.0	S	0.0
Dmel_FBpp0086257	Drer_ENSDARP00000005298	1.0	S	0.0
Dmel_FBpp0086257	Ratnor_ENSRNOP00000052813	1.0	S	0.0
Dmel_FBpp0086257	Pantro_ENSPTRP00000041993	1.0	S	0.0
Dmel_FBpp0086257	Nvec_EDO40446	1.0	S	0.0
Dmel_FBpp0086257	Tetnig_ENSTNIP00000003161	1.0	S	0.0
Dmel_FBpp0086257	Ratnor_ENSRNOP00000070204	1.0	S	0.0
Dmel_FBpp0086257	Mondom_ENSMODP00000043631	1.0	S	0.0
Dmel_FBpp0086257	Pantro_ENSPTRP00000088271	1.0	S	0.0
Dmel_FBpp0086257	Mondom_ENSMODP00000001616	1.0	S	0.0
Dmel_FBpp0086257	Ratnor_ENSRNOP00000052819	1.0	S	0.0
Dmel_FBpp0086257	Bralan_BL95784_evm1	1.0	S	0.0
Dmel_FBpp0086257	Mmus_ENSMUSP00000000573	1.0	S	0.0
Dmel_FBpp0086257	Bralan_BL52614_cuf2	1.0	S	0.0
Dmel_FBpp0086257	Mmus_ENSMUSP00000078134	1.0	S	0.0
Dmel_FBpp0086257	Nvec_EDO49627	1.0	S	0.0
Cele_WBGene00007470.1	Hsap_ENSP00000356198	1.0	S	0.0
Cele_WBGene00007470.1	Drer_ENSDARP00000138333	1.0	S	0.0
Cele_WBGene00007470.1	Mmus_ENSMUSP00000029510	1.0	S	0.0
Cele_WBGene00007470.1	Nvec_EDO49743	1.0	S	0.0
Cele_WBGene00007470.1	Mmus_ENSMUSP00000080717	1.0	S	0.0
Cele_WBGene00007470.1	Galgal_ENSGALP00000069949	1.0	S	0.0
Cele_WBGene00007470.1	Mondom_ENSMODP00000001267	1.0	S	0.0
Cele_WBGene00007470.1	Canfam_ENSCAFP00000058655	1.0	S	0.0
Cele_WBGene00007470.1	Drer_ENSDARP00000148464	1.0	S	0.0
Cele_WBGene00007470.1	Hsap_ENSP00000437082	1.0	S	0.0
Cele_WBGene00007470.1	Mondom_ENSMODP00000001739	1.0	S	0.0
Cele_WBGene00007470.1	Galgal_ENSGALP00000066799	1.0	S	0.0
Cele_WBGene00007470.1	Canfam_ENSCAFP00000032028	1.0	S	0.0
Cele_WBGene00007470.1	Drer_ENSDARP00000134903	1.0	S	0.0
Cele_WBGene00007470.1	Nvec_EDO40445	1.0	S	0.0
Cele_WBGene00007470.1	Ratnor_ENSRNOP00000073705	1.0	S	0.0
Cele_WBGene00007470.1	Mmus_ENSMUSP00000053923	1.0	S	0.0
Cele_WBGene00007470.1	Mmus_ENSMUSP00000080851	1.0	S	0.0
Cele_WBGene00007470.1	Hsap_ENSP00000255409	1.0	S	0.0
Cele_WBGene00007470.1	Tetnig_ENSTNIP00000000910	1.0	S	0.0
Cele_WBGene00007470.1	Canfam_ENSCAFP00000020233	1.0	S	0.0
Cele_WBGene00007470.1	Pantro_ENSPTRP00000001896	1.0	S	0.0
Cele_WBGene00007470.1	Hsap_ENSP00000358747	1.0	S	0.0
Cele_WBGene00007470.1	Mondom_ENSMODP00000001804	1.0	S	0.0
Cele_WBGene00007470.1	Hsap_ENSP00000358755	1.0	S	0.0
Cele_WBGene00007470.1	Pantro_ENSPTRP00000003133	1.0	S	0.0
Cele_WBGene00007470.1	Bralan_BL96483_cuf4	1.0	S	0.0
Cele_WBGene00007470.1	Mmus_ENSMUSP00000123979	1.0	S	0.0
Cele_WBGene00007470.1	Galgal_ENSGALP00000058001	1.0	S	0.0
Cele_WBGene00007470.1	Drer_ENSDARP00000102083	1.0	S	0.0
Cele_WBGene00007470.1	Drer_ENSDARP00000135566	1.0	S	0.0
Cele_WBGene00007470.1	Mondom_ENSMODP00000047764	1.0	S	0.0
Cele_WBGene00007470.1	Pantro_ENSPTRP00000063859	1.0	S	0.0
Cele_WBGene00007470.1	Nvec_EDO43261	1.0	S	0.0
Cele_WBGene00007470.1	Mondom_ENSMODP00000040149	1.0	S	0.0
Cele_WBGene00007470.1	Ratnor_ENSRNOP00000074871	1.0	S	0.0
Cele_WBGene00007470.1	Tetnig_ENSTNIP00000001773	1.0	S	0.0
Cele_WBGene00007470.1	Pantro_ENSPTRP00000081197	1.0	S	0.0
Cele_WBGene00007470.1	Bralan_BL19132_evm1	1.0	S	0.0
Cele_WBGene00007470.1	Mondom_ENSMODP00000035744	1.0	S	0.0
Cele_WBGene00007470.1	Mmus_ENSMUSP00000142477	1.0	S	0.0
Cele_WBGene00007470.1	Bralan_BL15426_cuf14	1.0	S	0.0
Cele_WBGene00007470.1	Drer_ENSDARP00000095389	1.0	S	0.0
Cele_WBGene00007470.1	Cint_ENSCINP00000028628	1.0	S	0.0
Cele_WBGene00007470.1	Drer_ENSDARP00000005298	1.0	S	0.0
Cele_WBGene00007470.1	Ratnor_ENSRNOP00000052813	1.0	S	0.0
Cele_WBGene00007470.1	Pantro_ENSPTRP00000041993	1.0	S	0.0
Cele_WBGene00007470.1	Nvec_EDO40446	1.0	S	0.0
Cele_WBGene00007470.1	Tetnig_ENSTNIP00000003161	1.0	S	0.0
Cele_WBGene00007470.1	Ratnor_ENSRNOP00000070204	1.0	S	0.0
Cele_WBGene00007470.1	Mondom_ENSMODP00000043631	1.0	S	0.0
Cele_WBGene00007470.1	Pantro_ENSPTRP00000088271	1.0	S	0.0
Cele_WBGene00007470.1	Mondom_ENSMODP00000001616	1.0	S	0.0
Cele_WBGene00007470.1	Ratnor_ENSRNOP00000052819	1.0	S	0.0
Cele_WBGene00007470.1	Bralan_BL95784_evm1	1.0	S	0.0
Cele_WBGene00007470.1	Mmus_ENSMUSP00000000573	1.0	S	0.0
Cele_WBGene00007470.1	Bralan_BL52614_cuf2	1.0	S	0.0
Cele_WBGene00007470.1	Mmus_ENSMUSP00000078134	1.0	S	0.0
Cele_WBGene00007470.1	Nvec_EDO49627	1.0	S	0.0
Cele_WBGene00007473.1	Hsap_ENSP00000356198	1.0	S	0.0
Cele_WBGene00007473.1	Drer_ENSDARP00000138333	1.0	S	0.0
Cele_WBGene00007473.1	Mmus_ENSMUSP00000029510	1.0	S	0.0
Cele_WBGene00007473.1	Nvec_EDO49743	1.0	S	0.0
Cele_WBGene00007473.1	Mmus_ENSMUSP00000080717	1.0	S	0.0
Cele_WBGene00007473.1	Galgal_ENSGALP00000069949	1.0	S	0.0
Cele_WBGene00007473.1	Mondom_ENSMODP00000001267	1.0	S	0.0
Cele_WBGene00007473.1	Canfam_ENSCAFP00000058655	1.0	S	0.0
Cele_WBGene00007473.1	Drer_ENSDARP00000148464	1.0	S	0.0
Cele_WBGene00007473.1	Hsap_ENSP00000437082	1.0	S	0.0
Cele_WBGene00007473.1	Mondom_ENSMODP00000001739	1.0	S	0.0
Cele_WBGene00007473.1	Galgal_ENSGALP00000066799	1.0	S	0.0
Cele_WBGene00007473.1	Canfam_ENSCAFP00000032028	1.0	S	0.0
Cele_WBGene00007473.1	Drer_ENSDARP00000134903	1.0	S	0.0
Cele_WBGene00007473.1	Nvec_EDO40445	1.0	S	0.0
Cele_WBGene00007473.1	Ratnor_ENSRNOP00000073705	1.0	S	0.0
Cele_WBGene00007473.1	Mmus_ENSMUSP00000053923	1.0	S	0.0
Cele_WBGene00007473.1	Mmus_ENSMUSP00000080851	1.0	S	0.0
Cele_WBGene00007473.1	Hsap_ENSP00000255409	1.0	S	0.0
Cele_WBGene00007473.1	Tetnig_ENSTNIP00000000910	1.0	S	0.0
Cele_WBGene00007473.1	Canfam_ENSCAFP00000020233	1.0	S	0.0
Cele_WBGene00007473.1	Pantro_ENSPTRP00000001896	1.0	S	0.0
Cele_WBGene00007473.1	Hsap_ENSP00000358747	1.0	S	0.0
Cele_WBGene00007473.1	Mondom_ENSMODP00000001804	1.0	S	0.0
Cele_WBGene00007473.1	Hsap_ENSP00000358755	1.0	S	0.0
Cele_WBGene00007473.1	Pantro_ENSPTRP00000003133	1.0	S	0.0
Cele_WBGene00007473.1	Bralan_BL96483_cuf4	1.0	S	0.0
Cele_WBGene00007473.1	Mmus_ENSMUSP00000123979	1.0	S	0.0
Cele_WBGene00007473.1	Galgal_ENSGALP00000058001	1.0	S	0.0
Cele_WBGene00007473.1	Drer_ENSDARP00000102083	1.0	S	0.0
Cele_WBGene00007473.1	Drer_ENSDARP00000135566	1.0	S	0.0
Cele_WBGene00007473.1	Mondom_ENSMODP00000047764	1.0	S	0.0
Cele_WBGene00007473.1	Pantro_ENSPTRP00000063859	1.0	S	0.0
Cele_WBGene00007473.1	Nvec_EDO43261	1.0	S	0.0
Cele_WBGene00007473.1	Mondom_ENSMODP00000040149	1.0	S	0.0
Cele_WBGene00007473.1	Ratnor_ENSRNOP00000074871	1.0	S	0.0
Cele_WBGene00007473.1	Tetnig_ENSTNIP00000001773	1.0	S	0.0
Cele_WBGene00007473.1	Pantro_ENSPTRP00000081197	1.0	S	0.0
Cele_WBGene00007473.1	Bralan_BL19132_evm1	1.0	S	0.0
Cele_WBGene00007473.1	Mondom_ENSMODP00000035744	1.0	S	0.0
Cele_WBGene00007473.1	Mmus_ENSMUSP00000142477	1.0	S	0.0
Cele_WBGene00007473.1	Bralan_BL15426_cuf14	1.0	S	0.0
Cele_WBGene00007473.1	Drer_ENSDARP00000095389	1.0	S	0.0
Cele_WBGene00007473.1	Cint_ENSCINP00000028628	1.0	S	0.0
Cele_WBGene00007473.1	Drer_ENSDARP00000005298	1.0	S	0.0
Cele_WBGene00007473.1	Ratnor_ENSRNOP00000052813	1.0	S	0.0
Cele_WBGene00007473.1	Pantro_ENSPTRP00000041993	1.0	S	0.0
Cele_WBGene00007473.1	Nvec_EDO40446	1.0	S	0.0
Cele_WBGene00007473.1	Tetnig_ENSTNIP00000003161	1.0	S	0.0
Cele_WBGene00007473.1	Ratnor_ENSRNOP00000070204	1.0	S	0.0
Cele_WBGene00007473.1	Mondom_ENSMODP00000043631	1.0	S	0.0
Cele_WBGene00007473.1	Pantro_ENSPTRP00000088271	1.0	S	0.0
Cele_WBGene00007473.1	Mondom_ENSMODP00000001616	1.0	S	0.0
Cele_WBGene00007473.1	Ratnor_ENSRNOP00000052819	1.0	S	0.0
Cele_WBGene00007473.1	Bralan_BL95784_evm1	1.0	S	0.0
Cele_WBGene00007473.1	Mmus_ENSMUSP00000000573	1.0	S	0.0
Cele_WBGene00007473.1	Bralan_BL52614_cuf2	1.0	S	0.0
Cele_WBGene00007473.1	Mmus_ENSMUSP00000078134	1.0	S	0.0
Cele_WBGene00007473.1	Nvec_EDO49627	1.0	S	0.0
Cele_WBGene00007472.1	Hsap_ENSP00000356198	1.0	S	0.0
Cele_WBGene00007472.1	Drer_ENSDARP00000138333	1.0	S	0.0
Cele_WBGene00007472.1	Mmus_ENSMUSP00000029510	1.0	S	0.0
Cele_WBGene00007472.1	Nvec_EDO49743	1.0	S	0.0
Cele_WBGene00007472.1	Mmus_ENSMUSP00000080717	1.0	S	0.0
Cele_WBGene00007472.1	Galgal_ENSGALP00000069949	1.0	S	0.0
Cele_WBGene00007472.1	Mondom_ENSMODP00000001267	1.0	S	0.0
Cele_WBGene00007472.1	Canfam_ENSCAFP00000058655	1.0	S	0.0
Cele_WBGene00007472.1	Drer_ENSDARP00000148464	1.0	S	0.0
Cele_WBGene00007472.1	Hsap_ENSP00000437082	1.0	S	0.0
Cele_WBGene00007472.1	Mondom_ENSMODP00000001739	1.0	S	0.0
Cele_WBGene00007472.1	Galgal_ENSGALP00000066799	1.0	S	0.0
Cele_WBGene00007472.1	Canfam_ENSCAFP00000032028	1.0	S	0.0
Cele_WBGene00007472.1	Drer_ENSDARP00000134903	1.0	S	0.0
Cele_WBGene00007472.1	Nvec_EDO40445	1.0	S	0.0
Cele_WBGene00007472.1	Ratnor_ENSRNOP00000073705	1.0	S	0.0
Cele_WBGene00007472.1	Mmus_ENSMUSP00000053923	1.0	S	0.0
Cele_WBGene00007472.1	Mmus_ENSMUSP00000080851	1.0	S	0.0
Cele_WBGene00007472.1	Hsap_ENSP00000255409	1.0	S	0.0
Cele_WBGene00007472.1	Tetnig_ENSTNIP00000000910	1.0	S	0.0
Cele_WBGene00007472.1	Canfam_ENSCAFP00000020233	1.0	S	0.0
Cele_WBGene00007472.1	Pantro_ENSPTRP00000001896	1.0	S	0.0
Cele_WBGene00007472.1	Hsap_ENSP00000358747	1.0	S	0.0
Cele_WBGene00007472.1	Mondom_ENSMODP00000001804	1.0	S	0.0
Cele_WBGene00007472.1	Hsap_ENSP00000358755	1.0	S	0.0
Cele_WBGene00007472.1	Pantro_ENSPTRP00000003133	1.0	S	0.0
Cele_WBGene00007472.1	Bralan_BL96483_cuf4	1.0	S	0.0
Cele_WBGene00007472.1	Mmus_ENSMUSP00000123979	1.0	S	0.0
Cele_WBGene00007472.1	Galgal_ENSGALP00000058001	1.0	S	0.0
Cele_WBGene00007472.1	Drer_ENSDARP00000102083	1.0	S	0.0
Cele_WBGene00007472.1	Drer_ENSDARP00000135566	1.0	S	0.0
Cele_WBGene00007472.1	Mondom_ENSMODP00000047764	1.0	S	0.0
Cele_WBGene00007472.1	Pantro_ENSPTRP00000063859	1.0	S	0.0
Cele_WBGene00007472.1	Nvec_EDO43261	1.0	S	0.0
Cele_WBGene00007472.1	Mondom_ENSMODP00000040149	1.0	S	0.0
Cele_WBGene00007472.1	Ratnor_ENSRNOP00000074871	1.0	S	0.0
Cele_WBGene00007472.1	Tetnig_ENSTNIP00000001773	1.0	S	0.0
Cele_WBGene00007472.1	Pantro_ENSPTRP00000081197	1.0	S	0.0
Cele_WBGene00007472.1	Bralan_BL19132_evm1	1.0	S	0.0
Cele_WBGene00007472.1	Mondom_ENSMODP00000035744	1.0	S	0.0
Cele_WBGene00007472.1	Mmus_ENSMUSP00000142477	1.0	S	0.0
Cele_WBGene00007472.1	Bralan_BL15426_cuf14	1.0	S	0.0
Cele_WBGene00007472.1	Drer_ENSDARP00000095389	1.0	S	0.0
Cele_WBGene00007472.1	Cint_ENSCINP00000028628	1.0	S	0.0
Cele_WBGene00007472.1	Drer_ENSDARP00000005298	1.0	S	0.0
Cele_WBGene00007472.1	Ratnor_ENSRNOP00000052813	1.0	S	0.0
Cele_WBGene00007472.1	Pantro_ENSPTRP00000041993	1.0	S	0.0
Cele_WBGene00007472.1	Nvec_EDO40446	1.0	S	0.0
Cele_WBGene00007472.1	Tetnig_ENSTNIP00000003161	1.0	S	0.0
Cele_WBGene00007472.1	Ratnor_ENSRNOP00000070204	1.0	S	0.0
Cele_WBGene00007472.1	Mondom_ENSMODP00000043631	1.0	S	0.0
Cele_WBGene00007472.1	Pantro_ENSPTRP00000088271	1.0	S	0.0
Cele_WBGene00007472.1	Mondom_ENSMODP00000001616	1.0	S	0.0
Cele_WBGene00007472.1	Ratnor_ENSRNOP00000052819	1.0	S	0.0
Cele_WBGene00007472.1	Bralan_BL95784_evm1	1.0	S	0.0
Cele_WBGene00007472.1	Mmus_ENSMUSP00000000573	1.0	S	0.0
Cele_WBGene00007472.1	Bralan_BL52614_cuf2	1.0	S	0.0
Cele_WBGene00007472.1	Mmus_ENSMUSP00000078134	1.0	S	0.0
Cele_WBGene00007472.1	Nvec_EDO49627	1.0	S	0.0
Cele_WBGene00021252.1	Hsap_ENSP00000356198	1.0	S	0.0
Cele_WBGene00021252.1	Drer_ENSDARP00000138333	1.0	S	0.0
Cele_WBGene00021252.1	Mmus_ENSMUSP00000029510	1.0	S	0.0
Cele_WBGene00021252.1	Nvec_EDO49743	1.0	S	0.0
Cele_WBGene00021252.1	Mmus_ENSMUSP00000080717	1.0	S	0.0
Cele_WBGene00021252.1	Galgal_ENSGALP00000069949	1.0	S	0.0
Cele_WBGene00021252.1	Mondom_ENSMODP00000001267	1.0	S	0.0
Cele_WBGene00021252.1	Canfam_ENSCAFP00000058655	1.0	S	0.0
Cele_WBGene00021252.1	Drer_ENSDARP00000148464	1.0	S	0.0
Cele_WBGene00021252.1	Hsap_ENSP00000437082	1.0	S	0.0
Cele_WBGene00021252.1	Mondom_ENSMODP00000001739	1.0	S	0.0
Cele_WBGene00021252.1	Galgal_ENSGALP00000066799	1.0	S	0.0
Cele_WBGene00021252.1	Canfam_ENSCAFP00000032028	1.0	S	0.0
Cele_WBGene00021252.1	Drer_ENSDARP00000134903	1.0	S	0.0
Cele_WBGene00021252.1	Nvec_EDO40445	1.0	S	0.0
Cele_WBGene00021252.1	Ratnor_ENSRNOP00000073705	1.0	S	0.0
Cele_WBGene00021252.1	Mmus_ENSMUSP00000053923	1.0	S	0.0
Cele_WBGene00021252.1	Mmus_ENSMUSP00000080851	1.0	S	0.0
Cele_WBGene00021252.1	Hsap_ENSP00000255409	1.0	S	0.0
Cele_WBGene00021252.1	Tetnig_ENSTNIP00000000910	1.0	S	0.0
Cele_WBGene00021252.1	Canfam_ENSCAFP00000020233	1.0	S	0.0
Cele_WBGene00021252.1	Pantro_ENSPTRP00000001896	1.0	S	0.0
Cele_WBGene00021252.1	Hsap_ENSP00000358747	1.0	S	0.0
Cele_WBGene00021252.1	Mondom_ENSMODP00000001804	1.0	S	0.0
Cele_WBGene00021252.1	Hsap_ENSP00000358755	1.0	S	0.0
Cele_WBGene00021252.1	Pantro_ENSPTRP00000003133	1.0	S	0.0
Cele_WBGene00021252.1	Bralan_BL96483_cuf4	1.0	S	0.0
Cele_WBGene00021252.1	Mmus_ENSMUSP00000123979	1.0	S	0.0
Cele_WBGene00021252.1	Galgal_ENSGALP00000058001	1.0	S	0.0
Cele_WBGene00021252.1	Drer_ENSDARP00000102083	1.0	S	0.0
Cele_WBGene00021252.1	Drer_ENSDARP00000135566	1.0	S	0.0
Cele_WBGene00021252.1	Mondom_ENSMODP00000047764	1.0	S	0.0
Cele_WBGene00021252.1	Pantro_ENSPTRP00000063859	1.0	S	0.0
Cele_WBGene00021252.1	Nvec_EDO43261	1.0	S	0.0
Cele_WBGene00021252.1	Mondom_ENSMODP00000040149	1.0	S	0.0
Cele_WBGene00021252.1	Ratnor_ENSRNOP00000074871	1.0	S	0.0
Cele_WBGene00021252.1	Tetnig_ENSTNIP00000001773	1.0	S	0.0
Cele_WBGene00021252.1	Pantro_ENSPTRP00000081197	1.0	S	0.0
Cele_WBGene00021252.1	Bralan_BL19132_evm1	1.0	S	0.0
Cele_WBGene00021252.1	Mondom_ENSMODP00000035744	1.0	S	0.0
Cele_WBGene00021252.1	Mmus_ENSMUSP00000142477	1.0	S	0.0
Cele_WBGene00021252.1	Bralan_BL15426_cuf14	1.0	S	0.0
Cele_WBGene00021252.1	Drer_ENSDARP00000095389	1.0	S	0.0
Cele_WBGene00021252.1	Cint_ENSCINP00000028628	1.0	S	0.0
Cele_WBGene00021252.1	Drer_ENSDARP00000005298	1.0	S	0.0
Cele_WBGene00021252.1	Ratnor_ENSRNOP00000052813	1.0	S	0.0
Cele_WBGene00021252.1	Pantro_ENSPTRP00000041993	1.0	S	0.0
Cele_WBGene00021252.1	Nvec_EDO40446	1.0	S	0.0
Cele_WBGene00021252.1	Tetnig_ENSTNIP00000003161	1.0	S	0.0
Cele_WBGene00021252.1	Ratnor_ENSRNOP00000070204	1.0	S	0.0
Cele_WBGene00021252.1	Mondom_ENSMODP00000043631	1.0	S	0.0
Cele_WBGene00021252.1	Pantro_ENSPTRP00000088271	1.0	S	0.0
Cele_WBGene00021252.1	Mondom_ENSMODP00000001616	1.0	S	0.0
Cele_WBGene00021252.1	Ratnor_ENSRNOP00000052819	1.0	S	0.0
Cele_WBGene00021252.1	Bralan_BL95784_evm1	1.0	S	0.0
Cele_WBGene00021252.1	Mmus_ENSMUSP00000000573	1.0	S	0.0
Cele_WBGene00021252.1	Bralan_BL52614_cuf2	1.0	S	0.0
Cele_WBGene00021252.1	Mmus_ENSMUSP00000078134	1.0	S	0.0
Cele_WBGene00021252.1	Nvec_EDO49627	1.0	S	0.0
Dmel_FBpp0072677	Hsap_ENSP00000356198	1.0	S	0.0
Dmel_FBpp0072677	Drer_ENSDARP00000138333	1.0	S	0.0
Dmel_FBpp0072677	Mmus_ENSMUSP00000029510	1.0	S	0.0
Dmel_FBpp0072677	Nvec_EDO49743	1.0	S	0.0
Dmel_FBpp0072677	Mmus_ENSMUSP00000080717	1.0	S	0.0
Dmel_FBpp0072677	Galgal_ENSGALP00000069949	1.0	S	0.0
Dmel_FBpp0072677	Mondom_ENSMODP00000001267	1.0	S	0.0
Dmel_FBpp0072677	Canfam_ENSCAFP00000058655	1.0	S	0.0
Dmel_FBpp0072677	Drer_ENSDARP00000148464	1.0	S	0.0
Dmel_FBpp0072677	Hsap_ENSP00000437082	1.0	S	0.0
Dmel_FBpp0072677	Mondom_ENSMODP00000001739	1.0	S	0.0
Dmel_FBpp0072677	Galgal_ENSGALP00000066799	1.0	S	0.0
Dmel_FBpp0072677	Canfam_ENSCAFP00000032028	1.0	S	0.0
Dmel_FBpp0072677	Drer_ENSDARP00000134903	1.0	S	0.0
Dmel_FBpp0072677	Nvec_EDO40445	1.0	S	0.0
Dmel_FBpp0072677	Ratnor_ENSRNOP00000073705	1.0	S	0.0
Dmel_FBpp0072677	Mmus_ENSMUSP00000053923	1.0	S	0.0
Dmel_FBpp0072677	Mmus_ENSMUSP00000080851	1.0	S	0.0
Dmel_FBpp0072677	Hsap_ENSP00000255409	1.0	S	0.0
Dmel_FBpp0072677	Tetnig_ENSTNIP00000000910	1.0	S	0.0
Dmel_FBpp0072677	Canfam_ENSCAFP00000020233	1.0	S	0.0
Dmel_FBpp0072677	Pantro_ENSPTRP00000001896	1.0	S	0.0
Dmel_FBpp0072677	Hsap_ENSP00000358747	1.0	S	0.0
Dmel_FBpp0072677	Mondom_ENSMODP00000001804	1.0	S	0.0
Dmel_FBpp0072677	Hsap_ENSP00000358755	1.0	S	0.0
Dmel_FBpp0072677	Pantro_ENSPTRP00000003133	1.0	S	0.0
Dmel_FBpp0072677	Bralan_BL96483_cuf4	1.0	S	0.0
Dmel_FBpp0072677	Mmus_ENSMUSP00000123979	1.0	S	0.0
Dmel_FBpp0072677	Galgal_ENSGALP00000058001	1.0	S	0.0
Dmel_FBpp0072677	Drer_ENSDARP00000102083	1.0	S	0.0
Dmel_FBpp0072677	Drer_ENSDARP00000135566	1.0	S	0.0
Dmel_FBpp0072677	Mondom_ENSMODP00000047764	1.0	S	0.0
Dmel_FBpp0072677	Pantro_ENSPTRP00000063859	1.0	S	0.0
Dmel_FBpp0072677	Nvec_EDO43261	1.0	S	0.0
Dmel_FBpp0072677	Mondom_ENSMODP00000040149	1.0	S	0.0
Dmel_FBpp0072677	Ratnor_ENSRNOP00000074871	1.0	S	0.0
Dmel_FBpp0072677	Tetnig_ENSTNIP00000001773	1.0	S	0.0
Dmel_FBpp0072677	Pantro_ENSPTRP00000081197	1.0	S	0.0
Dmel_FBpp0072677	Bralan_BL19132_evm1	1.0	S	0.0
Dmel_FBpp0072677	Mondom_ENSMODP00000035744	1.0	S	0.0
Dmel_FBpp0072677	Mmus_ENSMUSP00000142477	1.0	S	0.0
Dmel_FBpp0072677	Bralan_BL15426_cuf14	1.0	S	0.0
Dmel_FBpp0072677	Drer_ENSDARP00000095389	1.0	S	0.0
Dmel_FBpp0072677	Cint_ENSCINP00000028628	1.0	S	0.0
Dmel_FBpp0072677	Drer_ENSDARP00000005298	1.0	S	0.0
Dmel_FBpp0072677	Ratnor_ENSRNOP00000052813	1.0	S	0.0
Dmel_FBpp0072677	Pantro_ENSPTRP00000041993	1.0	S	0.0
Dmel_FBpp0072677	Nvec_EDO40446	1.0	S	0.0
Dmel_FBpp0072677	Tetnig_ENSTNIP00000003161	1.0	S	0.0
Dmel_FBpp0072677	Ratnor_ENSRNOP00000070204	1.0	S	0.0
Dmel_FBpp0072677	Mondom_ENSMODP00000043631	1.0	S	0.0
Dmel_FBpp0072677	Pantro_ENSPTRP00000088271	1.0	S	0.0
Dmel_FBpp0072677	Mondom_ENSMODP00000001616	1.0	S	0.0
Dmel_FBpp0072677	Ratnor_ENSRNOP00000052819	1.0	S	0.0
Dmel_FBpp0072677	Bralan_BL95784_evm1	1.0	S	0.0
Dmel_FBpp0072677	Mmus_ENSMUSP00000000573	1.0	S	0.0
Dmel_FBpp0072677	Bralan_BL52614_cuf2	1.0	S	0.0
Dmel_FBpp0072677	Mmus_ENSMUSP00000078134	1.0	S	0.0
Dmel_FBpp0072677	Nvec_EDO49627	1.0	S	0.0
Cele_WBGene00007469.1	Hsap_ENSP00000356198	1.0	S	0.0
Cele_WBGene00007469.1	Drer_ENSDARP00000138333	1.0	S	0.0
Cele_WBGene00007469.1	Mmus_ENSMUSP00000029510	1.0	S	0.0
Cele_WBGene00007469.1	Nvec_EDO49743	1.0	S	0.0
Cele_WBGene00007469.1	Mmus_ENSMUSP00000080717	1.0	S	0.0
Cele_WBGene00007469.1	Galgal_ENSGALP00000069949	1.0	S	0.0
Cele_WBGene00007469.1	Mondom_ENSMODP00000001267	1.0	S	0.0
Cele_WBGene00007469.1	Canfam_ENSCAFP00000058655	1.0	S	0.0
Cele_WBGene00007469.1	Drer_ENSDARP00000148464	1.0	S	0.0
Cele_WBGene00007469.1	Hsap_ENSP00000437082	1.0	S	0.0
Cele_WBGene00007469.1	Mondom_ENSMODP00000001739	1.0	S	0.0
Cele_WBGene00007469.1	Galgal_ENSGALP00000066799	1.0	S	0.0
Cele_WBGene00007469.1	Canfam_ENSCAFP00000032028	1.0	S	0.0
Cele_WBGene00007469.1	Drer_ENSDARP00000134903	1.0	S	0.0
Cele_WBGene00007469.1	Nvec_EDO40445	1.0	S	0.0
Cele_WBGene00007469.1	Ratnor_ENSRNOP00000073705	1.0	S	0.0
Cele_WBGene00007469.1	Mmus_ENSMUSP00000053923	1.0	S	0.0
Cele_WBGene00007469.1	Mmus_ENSMUSP00000080851	1.0	S	0.0
Cele_WBGene00007469.1	Hsap_ENSP00000255409	1.0	S	0.0
Cele_WBGene00007469.1	Tetnig_ENSTNIP00000000910	1.0	S	0.0
Cele_WBGene00007469.1	Canfam_ENSCAFP00000020233	1.0	S	0.0
Cele_WBGene00007469.1	Pantro_ENSPTRP00000001896	1.0	S	0.0
Cele_WBGene00007469.1	Hsap_ENSP00000358747	1.0	S	0.0
Cele_WBGene00007469.1	Mondom_ENSMODP00000001804	1.0	S	0.0
Cele_WBGene00007469.1	Hsap_ENSP00000358755	1.0	S	0.0
Cele_WBGene00007469.1	Pantro_ENSPTRP00000003133	1.0	S	0.0
Cele_WBGene00007469.1	Bralan_BL96483_cuf4	1.0	S	0.0
Cele_WBGene00007469.1	Mmus_ENSMUSP00000123979	1.0	S	0.0
Cele_WBGene00007469.1	Galgal_ENSGALP00000058001	1.0	S	0.0
Cele_WBGene00007469.1	Drer_ENSDARP00000102083	1.0	S	0.0
Cele_WBGene00007469.1	Drer_ENSDARP00000135566	1.0	S	0.0
Cele_WBGene00007469.1	Mondom_ENSMODP00000047764	1.0	S	0.0
Cele_WBGene00007469.1	Pantro_ENSPTRP00000063859	1.0	S	0.0
Cele_WBGene00007469.1	Nvec_EDO43261	1.0	S	0.0
Cele_WBGene00007469.1	Mondom_ENSMODP00000040149	1.0	S	0.0
Cele_WBGene00007469.1	Ratnor_ENSRNOP00000074871	1.0	S	0.0
Cele_WBGene00007469.1	Tetnig_ENSTNIP00000001773	1.0	S	0.0
Cele_WBGene00007469.1	Pantro_ENSPTRP00000081197	1.0	S	0.0
Cele_WBGene00007469.1	Bralan_BL19132_evm1	1.0	S	0.0
Cele_WBGene00007469.1	Mondom_ENSMODP00000035744	1.0	S	0.0
Cele_WBGene00007469.1	Mmus_ENSMUSP00000142477	1.0	S	0.0
Cele_WBGene00007469.1	Bralan_BL15426_cuf14	1.0	S	0.0
Cele_WBGene00007469.1	Drer_ENSDARP00000095389	1.0	S	0.0
Cele_WBGene00007469.1	Cint_ENSCINP00000028628	1.0	S	0.0
Cele_WBGene00007469.1	Drer_ENSDARP00000005298	1.0	S	0.0
Cele_WBGene00007469.1	Ratnor_ENSRNOP00000052813	1.0	S	0.0
Cele_WBGene00007469.1	Pantro_ENSPTRP00000041993	1.0	S	0.0
Cele_WBGene00007469.1	Nvec_EDO40446	1.0	S	0.0
Cele_WBGene00007469.1	Tetnig_ENSTNIP00000003161	1.0	S	0.0
Cele_WBGene00007469.1	Ratnor_ENSRNOP00000070204	1.0	S	0.0
Cele_WBGene00007469.1	Mondom_ENSMODP00000043631	1.0	S	0.0
Cele_WBGene00007469.1	Pantro_ENSPTRP00000088271	1.0	S	0.0
Cele_WBGene00007469.1	Mondom_ENSMODP00000001616	1.0	S	0.0
Cele_WBGene00007469.1	Ratnor_ENSRNOP00000052819	1.0	S	0.0
Cele_WBGene00007469.1	Bralan_BL95784_evm1	1.0	S	0.0
Cele_WBGene00007469.1	Mmus_ENSMUSP00000000573	1.0	S	0.0
Cele_WBGene00007469.1	Bralan_BL52614_cuf2	1.0	S	0.0
Cele_WBGene00007469.1	Mmus_ENSMUSP00000078134	1.0	S	0.0
Cele_WBGene00007469.1	Nvec_EDO49627	1.0	S	0.0
Cele_WBGene00011757.1	Hsap_ENSP00000356198	1.0	S	0.0
Cele_WBGene00011757.1	Drer_ENSDARP00000138333	1.0	S	0.0
Cele_WBGene00011757.1	Mmus_ENSMUSP00000029510	1.0	S	0.0
Cele_WBGene00011757.1	Nvec_EDO49743	1.0	S	0.0
Cele_WBGene00011757.1	Mmus_ENSMUSP00000080717	1.0	S	0.0
Cele_WBGene00011757.1	Galgal_ENSGALP00000069949	1.0	S	0.0
Cele_WBGene00011757.1	Mondom_ENSMODP00000001267	1.0	S	0.0
Cele_WBGene00011757.1	Canfam_ENSCAFP00000058655	1.0	S	0.0
Cele_WBGene00011757.1	Drer_ENSDARP00000148464	1.0	S	0.0
Cele_WBGene00011757.1	Hsap_ENSP00000437082	1.0	S	0.0
Cele_WBGene00011757.1	Mondom_ENSMODP00000001739	1.0	S	0.0
Cele_WBGene00011757.1	Galgal_ENSGALP00000066799	1.0	S	0.0
Cele_WBGene00011757.1	Canfam_ENSCAFP00000032028	1.0	S	0.0
Cele_WBGene00011757.1	Drer_ENSDARP00000134903	1.0	S	0.0
Cele_WBGene00011757.1	Nvec_EDO40445	1.0	S	0.0
Cele_WBGene00011757.1	Ratnor_ENSRNOP00000073705	1.0	S	0.0
Cele_WBGene00011757.1	Mmus_ENSMUSP00000053923	1.0	S	0.0
Cele_WBGene00011757.1	Mmus_ENSMUSP00000080851	1.0	S	0.0
Cele_WBGene00011757.1	Hsap_ENSP00000255409	1.0	S	0.0
Cele_WBGene00011757.1	Tetnig_ENSTNIP00000000910	1.0	S	0.0
Cele_WBGene00011757.1	Canfam_ENSCAFP00000020233	1.0	S	0.0
Cele_WBGene00011757.1	Pantro_ENSPTRP00000001896	1.0	S	0.0
Cele_WBGene00011757.1	Hsap_ENSP00000358747	1.0	S	0.0
Cele_WBGene00011757.1	Mondom_ENSMODP00000001804	1.0	S	0.0
Cele_WBGene00011757.1	Hsap_ENSP00000358755	1.0	S	0.0
Cele_WBGene00011757.1	Pantro_ENSPTRP00000003133	1.0	S	0.0
Cele_WBGene00011757.1	Bralan_BL96483_cuf4	1.0	S	0.0
Cele_WBGene00011757.1	Mmus_ENSMUSP00000123979	1.0	S	0.0
Cele_WBGene00011757.1	Galgal_ENSGALP00000058001	1.0	S	0.0
Cele_WBGene00011757.1	Drer_ENSDARP00000102083	1.0	S	0.0
Cele_WBGene00011757.1	Drer_ENSDARP00000135566	1.0	S	0.0
Cele_WBGene00011757.1	Mondom_ENSMODP00000047764	1.0	S	0.0
Cele_WBGene00011757.1	Pantro_ENSPTRP00000063859	1.0	S	0.0
Cele_WBGene00011757.1	Nvec_EDO43261	1.0	S	0.0
Cele_WBGene00011757.1	Mondom_ENSMODP00000040149	1.0	S	0.0
Cele_WBGene00011757.1	Ratnor_ENSRNOP00000074871	1.0	S	0.0
Cele_WBGene00011757.1	Tetnig_ENSTNIP00000001773	1.0	S	0.0
Cele_WBGene00011757.1	Pantro_ENSPTRP00000081197	1.0	S	0.0
Cele_WBGene00011757.1	Bralan_BL19132_evm1	1.0	S	0.0
Cele_WBGene00011757.1	Mondom_ENSMODP00000035744	1.0	S	0.0
Cele_WBGene00011757.1	Mmus_ENSMUSP00000142477	1.0	S	0.0
Cele_WBGene00011757.1	Bralan_BL15426_cuf14	1.0	S	0.0
Cele_WBGene00011757.1	Drer_ENSDARP00000095389	1.0	S	0.0
Cele_WBGene00011757.1	Cint_ENSCINP00000028628	1.0	S	0.0
Cele_WBGene00011757.1	Drer_ENSDARP00000005298	1.0	S	0.0
Cele_WBGene00011757.1	Ratnor_ENSRNOP00000052813	1.0	S	0.0
Cele_WBGene00011757.1	Pantro_ENSPTRP00000041993	1.0	S	0.0
Cele_WBGene00011757.1	Nvec_EDO40446	1.0	S	0.0
Cele_WBGene00011757.1	Tetnig_ENSTNIP00000003161	1.0	S	0.0
Cele_WBGene00011757.1	Ratnor_ENSRNOP00000070204	1.0	S	0.0
Cele_WBGene00011757.1	Mondom_ENSMODP00000043631	1.0	S	0.0
Cele_WBGene00011757.1	Pantro_ENSPTRP00000088271	1.0	S	0.0
Cele_WBGene00011757.1	Mondom_ENSMODP00000001616	1.0	S	0.0
Cele_WBGene00011757.1	Ratnor_ENSRNOP00000052819	1.0	S	0.0
Cele_WBGene00011757.1	Bralan_BL95784_evm1	1.0	S	0.0
Cele_WBGene00011757.1	Mmus_ENSMUSP00000000573	1.0	S	0.0
Cele_WBGene00011757.1	Bralan_BL52614_cuf2	1.0	S	0.0
Cele_WBGene00011757.1	Mmus_ENSMUSP00000078134	1.0	S	0.0
Cele_WBGene00011757.1	Nvec_EDO49627	1.0	S	0.0
Dmel_FBpp0071000	Hsap_ENSP00000356198	1.0	S	0.0
Dmel_FBpp0071000	Drer_ENSDARP00000138333	1.0	S	0.0
Dmel_FBpp0071000	Mmus_ENSMUSP00000029510	1.0	S	0.0
Dmel_FBpp0071000	Nvec_EDO49743	1.0	S	0.0
Dmel_FBpp0071000	Mmus_ENSMUSP00000080717	1.0	S	0.0
Dmel_FBpp0071000	Galgal_ENSGALP00000069949	1.0	S	0.0
Dmel_FBpp0071000	Mondom_ENSMODP00000001267	1.0	S	0.0
Dmel_FBpp0071000	Canfam_ENSCAFP00000058655	1.0	S	0.0
Dmel_FBpp0071000	Drer_ENSDARP00000148464	1.0	S	0.0
Dmel_FBpp0071000	Hsap_ENSP00000437082	1.0	S	0.0
Dmel_FBpp0071000	Mondom_ENSMODP00000001739	1.0	S	0.0
Dmel_FBpp0071000	Galgal_ENSGALP00000066799	1.0	S	0.0
Dmel_FBpp0071000	Canfam_ENSCAFP00000032028	1.0	S	0.0
Dmel_FBpp0071000	Drer_ENSDARP00000134903	1.0	S	0.0
Dmel_FBpp0071000	Nvec_EDO40445	1.0	S	0.0
Dmel_FBpp0071000	Ratnor_ENSRNOP00000073705	1.0	S	0.0
Dmel_FBpp0071000	Mmus_ENSMUSP00000053923	1.0	S	0.0
Dmel_FBpp0071000	Mmus_ENSMUSP00000080851	1.0	S	0.0
Dmel_FBpp0071000	Hsap_ENSP00000255409	1.0	S	0.0
Dmel_FBpp0071000	Tetnig_ENSTNIP00000000910	1.0	S	0.0
Dmel_FBpp0071000	Canfam_ENSCAFP00000020233	1.0	S	0.0
Dmel_FBpp0071000	Pantro_ENSPTRP00000001896	1.0	S	0.0
Dmel_FBpp0071000	Hsap_ENSP00000358747	1.0	S	0.0
Dmel_FBpp0071000	Mondom_ENSMODP00000001804	1.0	S	0.0
Dmel_FBpp0071000	Hsap_ENSP00000358755	1.0	S	0.0
Dmel_FBpp0071000	Pantro_ENSPTRP00000003133	1.0	S	0.0
Dmel_FBpp0071000	Bralan_BL96483_cuf4	1.0	S	0.0
Dmel_FBpp0071000	Mmus_ENSMUSP00000123979	1.0	S	0.0
Dmel_FBpp0071000	Galgal_ENSGALP00000058001	1.0	S	0.0
Dmel_FBpp0071000	Drer_ENSDARP00000102083	1.0	S	0.0
Dmel_FBpp0071000	Drer_ENSDARP00000135566	1.0	S	0.0
Dmel_FBpp0071000	Mondom_ENSMODP00000047764	1.0	S	0.0
Dmel_FBpp0071000	Pantro_ENSPTRP00000063859	1.0	S	0.0
Dmel_FBpp0071000	Nvec_EDO43261	1.0	S	0.0
Dmel_FBpp0071000	Mondom_ENSMODP00000040149	1.0	S	0.0
Dmel_FBpp0071000	Ratnor_ENSRNOP00000074871	1.0	S	0.0
Dmel_FBpp0071000	Tetnig_ENSTNIP00000001773	1.0	S	0.0
Dmel_FBpp0071000	Pantro_ENSPTRP00000081197	1.0	S	0.0
Dmel_FBpp0071000	Bralan_BL19132_evm1	1.0	S	0.0
Dmel_FBpp0071000	Mondom_ENSMODP00000035744	1.0	S	0.0
Dmel_FBpp0071000	Mmus_ENSMUSP00000142477	1.0	S	0.0
Dmel_FBpp0071000	Bralan_BL15426_cuf14	1.0	S	0.0
Dmel_FBpp0071000	Drer_ENSDARP00000095389	1.0	S	0.0
Dmel_FBpp0071000	Cint_ENSCINP00000028628	1.0	S	0.0
Dmel_FBpp0071000	Drer_ENSDARP00000005298	1.0	S	0.0
Dmel_FBpp0071000	Ratnor_ENSRNOP00000052813	1.0	S	0.0
Dmel_FBpp0071000	Pantro_ENSPTRP00000041993	1.0	S	0.0
Dmel_FBpp0071000	Nvec_EDO40446	1.0	S	0.0
Dmel_FBpp0071000	Tetnig_ENSTNIP00000003161	1.0	S	0.0
Dmel_FBpp0071000	Ratnor_ENSRNOP00000070204	1.0	S	0.0
Dmel_FBpp0071000	Mondom_ENSMODP00000043631	1.0	S	0.0
Dmel_FBpp0071000	Pantro_ENSPTRP00000088271	1.0	S	0.0
Dmel_FBpp0071000	Mondom_ENSMODP00000001616	1.0	S	0.0
Dmel_FBpp0071000	Ratnor_ENSRNOP00000052819	1.0	S	0.0
Dmel_FBpp0071000	Bralan_BL95784_evm1	1.0	S	0.0
Dmel_FBpp0071000	Mmus_ENSMUSP00000000573	1.0	S	0.0
Dmel_FBpp0071000	Bralan_BL52614_cuf2	1.0	S	0.0
Dmel_FBpp0071000	Mmus_ENSMUSP00000078134	1.0	S	0.0
Dmel_FBpp0071000	Nvec_EDO49627	1.0	S	0.0
Cele_WBGene00011157.1	Hsap_ENSP00000356198	1.0	S	0.0
Cele_WBGene00011157.1	Drer_ENSDARP00000138333	1.0	S	0.0
Cele_WBGene00011157.1	Mmus_ENSMUSP00000029510	1.0	S	0.0
Cele_WBGene00011157.1	Nvec_EDO49743	1.0	S	0.0
Cele_WBGene00011157.1	Mmus_ENSMUSP00000080717	1.0	S	0.0
Cele_WBGene00011157.1	Galgal_ENSGALP00000069949	1.0	S	0.0
Cele_WBGene00011157.1	Mondom_ENSMODP00000001267	1.0	S	0.0
Cele_WBGene00011157.1	Canfam_ENSCAFP00000058655	1.0	S	0.0
Cele_WBGene00011157.1	Drer_ENSDARP00000148464	1.0	S	0.0
Cele_WBGene00011157.1	Hsap_ENSP00000437082	1.0	S	0.0
Cele_WBGene00011157.1	Mondom_ENSMODP00000001739	1.0	S	0.0
Cele_WBGene00011157.1	Galgal_ENSGALP00000066799	1.0	S	0.0
Cele_WBGene00011157.1	Canfam_ENSCAFP00000032028	1.0	S	0.0
Cele_WBGene00011157.1	Drer_ENSDARP00000134903	1.0	S	0.0
Cele_WBGene00011157.1	Nvec_EDO40445	1.0	S	0.0
Cele_WBGene00011157.1	Ratnor_ENSRNOP00000073705	1.0	S	0.0
Cele_WBGene00011157.1	Mmus_ENSMUSP00000053923	1.0	S	0.0
Cele_WBGene00011157.1	Mmus_ENSMUSP00000080851	1.0	S	0.0
Cele_WBGene00011157.1	Hsap_ENSP00000255409	1.0	S	0.0
Cele_WBGene00011157.1	Tetnig_ENSTNIP00000000910	1.0	S	0.0
Cele_WBGene00011157.1	Canfam_ENSCAFP00000020233	1.0	S	0.0
Cele_WBGene00011157.1	Pantro_ENSPTRP00000001896	1.0	S	0.0
Cele_WBGene00011157.1	Hsap_ENSP00000358747	1.0	S	0.0
Cele_WBGene00011157.1	Mondom_ENSMODP00000001804	1.0	S	0.0
Cele_WBGene00011157.1	Hsap_ENSP00000358755	1.0	S	0.0
Cele_WBGene00011157.1	Pantro_ENSPTRP00000003133	1.0	S	0.0
Cele_WBGene00011157.1	Bralan_BL96483_cuf4	1.0	S	0.0
Cele_WBGene00011157.1	Mmus_ENSMUSP00000123979	1.0	S	0.0
Cele_WBGene00011157.1	Galgal_ENSGALP00000058001	1.0	S	0.0
Cele_WBGene00011157.1	Drer_ENSDARP00000102083	1.0	S	0.0
Cele_WBGene00011157.1	Drer_ENSDARP00000135566	1.0	S	0.0
Cele_WBGene00011157.1	Mondom_ENSMODP00000047764	1.0	S	0.0
Cele_WBGene00011157.1	Pantro_ENSPTRP00000063859	1.0	S	0.0
Cele_WBGene00011157.1	Nvec_EDO43261	1.0	S	0.0
Cele_WBGene00011157.1	Mondom_ENSMODP00000040149	1.0	S	0.0
Cele_WBGene00011157.1	Ratnor_ENSRNOP00000074871	1.0	S	0.0
Cele_WBGene00011157.1	Tetnig_ENSTNIP00000001773	1.0	S	0.0
Cele_WBGene00011157.1	Pantro_ENSPTRP00000081197	1.0	S	0.0
Cele_WBGene00011157.1	Bralan_BL19132_evm1	1.0	S	0.0
Cele_WBGene00011157.1	Mondom_ENSMODP00000035744	1.0	S	0.0
Cele_WBGene00011157.1	Mmus_ENSMUSP00000142477	1.0	S	0.0
Cele_WBGene00011157.1	Bralan_BL15426_cuf14	1.0	S	0.0
Cele_WBGene00011157.1	Drer_ENSDARP00000095389	1.0	S	0.0
Cele_WBGene00011157.1	Cint_ENSCINP00000028628	1.0	S	0.0
Cele_WBGene00011157.1	Drer_ENSDARP00000005298	1.0	S	0.0
Cele_WBGene00011157.1	Ratnor_ENSRNOP00000052813	1.0	S	0.0
Cele_WBGene00011157.1	Pantro_ENSPTRP00000041993	1.0	S	0.0
Cele_WBGene00011157.1	Nvec_EDO40446	1.0	S	0.0
Cele_WBGene00011157.1	Tetnig_ENSTNIP00000003161	1.0	S	0.0
Cele_WBGene00011157.1	Ratnor_ENSRNOP00000070204	1.0	S	0.0
Cele_WBGene00011157.1	Mondom_ENSMODP00000043631	1.0	S	0.0
Cele_WBGene00011157.1	Pantro_ENSPTRP00000088271	1.0	S	0.0
Cele_WBGene00011157.1	Mondom_ENSMODP00000001616	1.0	S	0.0
Cele_WBGene00011157.1	Ratnor_ENSRNOP00000052819	1.0	S	0.0
Cele_WBGene00011157.1	Bralan_BL95784_evm1	1.0	S	0.0
Cele_WBGene00011157.1	Mmus_ENSMUSP00000000573	1.0	S	0.0
Cele_WBGene00011157.1	Bralan_BL52614_cuf2	1.0	S	0.0
Cele_WBGene00011157.1	Mmus_ENSMUSP00000078134	1.0	S	0.0
Cele_WBGene00011157.1	Nvec_EDO49627	1.0	S	0.0
Cele_WBGene00000503.1	Hsap_ENSP00000356198	1.0	S	0.0
Cele_WBGene00000503.1	Drer_ENSDARP00000138333	1.0	S	0.0
Cele_WBGene00000503.1	Mmus_ENSMUSP00000029510	1.0	S	0.0
Cele_WBGene00000503.1	Nvec_EDO49743	1.0	S	0.0
Cele_WBGene00000503.1	Mmus_ENSMUSP00000080717	1.0	S	0.0
Cele_WBGene00000503.1	Galgal_ENSGALP00000069949	1.0	S	0.0
Cele_WBGene00000503.1	Mondom_ENSMODP00000001267	1.0	S	0.0
Cele_WBGene00000503.1	Canfam_ENSCAFP00000058655	1.0	S	0.0
Cele_WBGene00000503.1	Drer_ENSDARP00000148464	1.0	S	0.0
Cele_WBGene00000503.1	Hsap_ENSP00000437082	1.0	S	0.0
Cele_WBGene00000503.1	Mondom_ENSMODP00000001739	1.0	S	0.0
Cele_WBGene00000503.1	Galgal_ENSGALP00000066799	1.0	S	0.0
Cele_WBGene00000503.1	Canfam_ENSCAFP00000032028	1.0	S	0.0
Cele_WBGene00000503.1	Drer_ENSDARP00000134903	1.0	S	0.0
Cele_WBGene00000503.1	Nvec_EDO40445	1.0	S	0.0
Cele_WBGene00000503.1	Ratnor_ENSRNOP00000073705	1.0	S	0.0
Cele_WBGene00000503.1	Mmus_ENSMUSP00000053923	1.0	S	0.0
Cele_WBGene00000503.1	Mmus_ENSMUSP00000080851	1.0	S	0.0
Cele_WBGene00000503.1	Hsap_ENSP00000255409	1.0	S	0.0
Cele_WBGene00000503.1	Tetnig_ENSTNIP00000000910	1.0	S	0.0
Cele_WBGene00000503.1	Canfam_ENSCAFP00000020233	1.0	S	0.0
Cele_WBGene00000503.1	Pantro_ENSPTRP00000001896	1.0	S	0.0
Cele_WBGene00000503.1	Hsap_ENSP00000358747	1.0	S	0.0
Cele_WBGene00000503.1	Mondom_ENSMODP00000001804	1.0	S	0.0
Cele_WBGene00000503.1	Hsap_ENSP00000358755	1.0	S	0.0
Cele_WBGene00000503.1	Pantro_ENSPTRP00000003133	1.0	S	0.0
Cele_WBGene00000503.1	Bralan_BL96483_cuf4	1.0	S	0.0
Cele_WBGene00000503.1	Mmus_ENSMUSP00000123979	1.0	S	0.0
Cele_WBGene00000503.1	Galgal_ENSGALP00000058001	1.0	S	0.0
Cele_WBGene00000503.1	Drer_ENSDARP00000102083	1.0	S	0.0
Cele_WBGene00000503.1	Drer_ENSDARP00000135566	1.0	S	0.0
Cele_WBGene00000503.1	Mondom_ENSMODP00000047764	1.0	S	0.0
Cele_WBGene00000503.1	Pantro_ENSPTRP00000063859	1.0	S	0.0
Cele_WBGene00000503.1	Nvec_EDO43261	1.0	S	0.0
Cele_WBGene00000503.1	Mondom_ENSMODP00000040149	1.0	S	0.0
Cele_WBGene00000503.1	Ratnor_ENSRNOP00000074871	1.0	S	0.0
Cele_WBGene00000503.1	Tetnig_ENSTNIP00000001773	1.0	S	0.0
Cele_WBGene00000503.1	Pantro_ENSPTRP00000081197	1.0	S	0.0
Cele_WBGene00000503.1	Bralan_BL19132_evm1	1.0	S	0.0
Cele_WBGene00000503.1	Mondom_ENSMODP00000035744	1.0	S	0.0
Cele_WBGene00000503.1	Mmus_ENSMUSP00000142477	1.0	S	0.0
Cele_WBGene00000503.1	Bralan_BL15426_cuf14	1.0	S	0.0
Cele_WBGene00000503.1	Drer_ENSDARP00000095389	1.0	S	0.0
Cele_WBGene00000503.1	Cint_ENSCINP00000028628	1.0	S	0.0
Cele_WBGene00000503.1	Drer_ENSDARP00000005298	1.0	S	0.0
Cele_WBGene00000503.1	Ratnor_ENSRNOP00000052813	1.0	S	0.0
Cele_WBGene00000503.1	Pantro_ENSPTRP00000041993	1.0	S	0.0
Cele_WBGene00000503.1	Nvec_EDO40446	1.0	S	0.0
Cele_WBGene00000503.1	Tetnig_ENSTNIP00000003161	1.0	S	0.0
Cele_WBGene00000503.1	Ratnor_ENSRNOP00000070204	1.0	S	0.0
Cele_WBGene00000503.1	Mondom_ENSMODP00000043631	1.0	S	0.0
Cele_WBGene00000503.1	Pantro_ENSPTRP00000088271	1.0	S	0.0
Cele_WBGene00000503.1	Mondom_ENSMODP00000001616	1.0	S	0.0
Cele_WBGene00000503.1	Ratnor_ENSRNOP00000052819	1.0	S	0.0
Cele_WBGene00000503.1	Bralan_BL95784_evm1	1.0	S	0.0
Cele_WBGene00000503.1	Mmus_ENSMUSP00000000573	1.0	S	0.0
Cele_WBGene00000503.1	Bralan_BL52614_cuf2	1.0	S	0.0
Cele_WBGene00000503.1	Mmus_ENSMUSP00000078134	1.0	S	0.0
Cele_WBGene00000503.1	Nvec_EDO49627	1.0	S	0.0
Dmel_FBpp0071471	Hsap_ENSP00000356198	1.0	S	0.0
Dmel_FBpp0071471	Drer_ENSDARP00000138333	1.0	S	0.0
Dmel_FBpp0071471	Mmus_ENSMUSP00000029510	1.0	S	0.0
Dmel_FBpp0071471	Nvec_EDO49743	1.0	S	0.0
Dmel_FBpp0071471	Mmus_ENSMUSP00000080717	1.0	S	0.0
Dmel_FBpp0071471	Galgal_ENSGALP00000069949	1.0	S	0.0
Dmel_FBpp0071471	Mondom_ENSMODP00000001267	1.0	S	0.0
Dmel_FBpp0071471	Canfam_ENSCAFP00000058655	1.0	S	0.0
Dmel_FBpp0071471	Drer_ENSDARP00000148464	1.0	S	0.0
Dmel_FBpp0071471	Hsap_ENSP00000437082	1.0	S	0.0
Dmel_FBpp0071471	Mondom_ENSMODP00000001739	1.0	S	0.0
Dmel_FBpp0071471	Galgal_ENSGALP00000066799	1.0	S	0.0
Dmel_FBpp0071471	Canfam_ENSCAFP00000032028	1.0	S	0.0
Dmel_FBpp0071471	Drer_ENSDARP00000134903	1.0	S	0.0
Dmel_FBpp0071471	Nvec_EDO40445	1.0	S	0.0
Dmel_FBpp0071471	Ratnor_ENSRNOP00000073705	1.0	S	0.0
Dmel_FBpp0071471	Mmus_ENSMUSP00000053923	1.0	S	0.0
Dmel_FBpp0071471	Mmus_ENSMUSP00000080851	1.0	S	0.0
Dmel_FBpp0071471	Hsap_ENSP00000255409	1.0	S	0.0
Dmel_FBpp0071471	Tetnig_ENSTNIP00000000910	1.0	S	0.0
Dmel_FBpp0071471	Canfam_ENSCAFP00000020233	1.0	S	0.0
Dmel_FBpp0071471	Pantro_ENSPTRP00000001896	1.0	S	0.0
Dmel_FBpp0071471	Hsap_ENSP00000358747	1.0	S	0.0
Dmel_FBpp0071471	Mondom_ENSMODP00000001804	1.0	S	0.0
Dmel_FBpp0071471	Hsap_ENSP00000358755	1.0	S	0.0
Dmel_FBpp0071471	Pantro_ENSPTRP00000003133	1.0	S	0.0
Dmel_FBpp0071471	Bralan_BL96483_cuf4	1.0	S	0.0
Dmel_FBpp0071471	Mmus_ENSMUSP00000123979	1.0	S	0.0
Dmel_FBpp0071471	Galgal_ENSGALP00000058001	1.0	S	0.0
Dmel_FBpp0071471	Drer_ENSDARP00000102083	1.0	S	0.0
Dmel_FBpp0071471	Drer_ENSDARP00000135566	1.0	S	0.0
Dmel_FBpp0071471	Mondom_ENSMODP00000047764	1.0	S	0.0
Dmel_FBpp0071471	Pantro_ENSPTRP00000063859	1.0	S	0.0
Dmel_FBpp0071471	Nvec_EDO43261	1.0	S	0.0
Dmel_FBpp0071471	Mondom_ENSMODP00000040149	1.0	S	0.0
Dmel_FBpp0071471	Ratnor_ENSRNOP00000074871	1.0	S	0.0
Dmel_FBpp0071471	Tetnig_ENSTNIP00000001773	1.0	S	0.0
Dmel_FBpp0071471	Pantro_ENSPTRP00000081197	1.0	S	0.0
Dmel_FBpp0071471	Bralan_BL19132_evm1	1.0	S	0.0
Dmel_FBpp0071471	Mondom_ENSMODP00000035744	1.0	S	0.0
Dmel_FBpp0071471	Mmus_ENSMUSP00000142477	1.0	S	0.0
Dmel_FBpp0071471	Bralan_BL15426_cuf14	1.0	S	0.0
Dmel_FBpp0071471	Drer_ENSDARP00000095389	1.0	S	0.0
Dmel_FBpp0071471	Cint_ENSCINP00000028628	1.0	S	0.0
Dmel_FBpp0071471	Drer_ENSDARP00000005298	1.0	S	0.0
Dmel_FBpp0071471	Ratnor_ENSRNOP00000052813	1.0	S	0.0
Dmel_FBpp0071471	Pantro_ENSPTRP00000041993	1.0	S	0.0
Dmel_FBpp0071471	Nvec_EDO40446	1.0	S	0.0
Dmel_FBpp0071471	Tetnig_ENSTNIP00000003161	1.0	S	0.0
Dmel_FBpp0071471	Ratnor_ENSRNOP00000070204	1.0	S	0.0
Dmel_FBpp0071471	Mondom_ENSMODP00000043631	1.0	S	0.0
Dmel_FBpp0071471	Pantro_ENSPTRP00000088271	1.0	S	0.0
Dmel_FBpp0071471	Mondom_ENSMODP00000001616	1.0	S	0.0
Dmel_FBpp0071471	Ratnor_ENSRNOP00000052819	1.0	S	0.0
Dmel_FBpp0071471	Bralan_BL95784_evm1	1.0	S	0.0
Dmel_FBpp0071471	Mmus_ENSMUSP00000000573	1.0	S	0.0
Dmel_FBpp0071471	Bralan_BL52614_cuf2	1.0	S	0.0
Dmel_FBpp0071471	Mmus_ENSMUSP00000078134	1.0	S	0.0
Dmel_FBpp0071471	Nvec_EDO49627	1.0	S	0.0
Cele_WBGene00011166.1	Hsap_ENSP00000356198	1.0	S	0.0
Cele_WBGene00011166.1	Drer_ENSDARP00000138333	1.0	S	0.0
Cele_WBGene00011166.1	Mmus_ENSMUSP00000029510	1.0	S	0.0
Cele_WBGene00011166.1	Nvec_EDO49743	1.0	S	0.0
Cele_WBGene00011166.1	Mmus_ENSMUSP00000080717	1.0	S	0.0
Cele_WBGene00011166.1	Galgal_ENSGALP00000069949	1.0	S	0.0
Cele_WBGene00011166.1	Mondom_ENSMODP00000001267	1.0	S	0.0
Cele_WBGene00011166.1	Canfam_ENSCAFP00000058655	1.0	S	0.0
Cele_WBGene00011166.1	Drer_ENSDARP00000148464	1.0	S	0.0
Cele_WBGene00011166.1	Hsap_ENSP00000437082	1.0	S	0.0
Cele_WBGene00011166.1	Mondom_ENSMODP00000001739	1.0	S	0.0
Cele_WBGene00011166.1	Galgal_ENSGALP00000066799	1.0	S	0.0
Cele_WBGene00011166.1	Canfam_ENSCAFP00000032028	1.0	S	0.0
Cele_WBGene00011166.1	Drer_ENSDARP00000134903	1.0	S	0.0
Cele_WBGene00011166.1	Nvec_EDO40445	1.0	S	0.0
Cele_WBGene00011166.1	Ratnor_ENSRNOP00000073705	1.0	S	0.0
Cele_WBGene00011166.1	Mmus_ENSMUSP00000053923	1.0	S	0.0
Cele_WBGene00011166.1	Mmus_ENSMUSP00000080851	1.0	S	0.0
Cele_WBGene00011166.1	Hsap_ENSP00000255409	1.0	S	0.0
Cele_WBGene00011166.1	Tetnig_ENSTNIP00000000910	1.0	S	0.0
Cele_WBGene00011166.1	Canfam_ENSCAFP00000020233	1.0	S	0.0
Cele_WBGene00011166.1	Pantro_ENSPTRP00000001896	1.0	S	0.0
Cele_WBGene00011166.1	Hsap_ENSP00000358747	1.0	S	0.0
Cele_WBGene00011166.1	Mondom_ENSMODP00000001804	1.0	S	0.0
Cele_WBGene00011166.1	Hsap_ENSP00000358755	1.0	S	0.0
Cele_WBGene00011166.1	Pantro_ENSPTRP00000003133	1.0	S	0.0
Cele_WBGene00011166.1	Bralan_BL96483_cuf4	1.0	S	0.0
Cele_WBGene00011166.1	Mmus_ENSMUSP00000123979	1.0	S	0.0
Cele_WBGene00011166.1	Galgal_ENSGALP00000058001	1.0	S	0.0
Cele_WBGene00011166.1	Drer_ENSDARP00000102083	1.0	S	0.0
Cele_WBGene00011166.1	Drer_ENSDARP00000135566	1.0	S	0.0
Cele_WBGene00011166.1	Mondom_ENSMODP00000047764	1.0	S	0.0
Cele_WBGene00011166.1	Pantro_ENSPTRP00000063859	1.0	S	0.0
Cele_WBGene00011166.1	Nvec_EDO43261	1.0	S	0.0
Cele_WBGene00011166.1	Mondom_ENSMODP00000040149	1.0	S	0.0
Cele_WBGene00011166.1	Ratnor_ENSRNOP00000074871	1.0	S	0.0
Cele_WBGene00011166.1	Tetnig_ENSTNIP00000001773	1.0	S	0.0
Cele_WBGene00011166.1	Pantro_ENSPTRP00000081197	1.0	S	0.0
Cele_WBGene00011166.1	Bralan_BL19132_evm1	1.0	S	0.0
Cele_WBGene00011166.1	Mondom_ENSMODP00000035744	1.0	S	0.0
Cele_WBGene00011166.1	Mmus_ENSMUSP00000142477	1.0	S	0.0
Cele_WBGene00011166.1	Bralan_BL15426_cuf14	1.0	S	0.0
Cele_WBGene00011166.1	Drer_ENSDARP00000095389	1.0	S	0.0
Cele_WBGene00011166.1	Cint_ENSCINP00000028628	1.0	S	0.0
Cele_WBGene00011166.1	Drer_ENSDARP00000005298	1.0	S	0.0
Cele_WBGene00011166.1	Ratnor_ENSRNOP00000052813	1.0	S	0.0
Cele_WBGene00011166.1	Pantro_ENSPTRP00000041993	1.0	S	0.0
Cele_WBGene00011166.1	Nvec_EDO40446	1.0	S	0.0
Cele_WBGene00011166.1	Tetnig_ENSTNIP00000003161	1.0	S	0.0
Cele_WBGene00011166.1	Ratnor_ENSRNOP00000070204	1.0	S	0.0
Cele_WBGene00011166.1	Mondom_ENSMODP00000043631	1.0	S	0.0
Cele_WBGene00011166.1	Pantro_ENSPTRP00000088271	1.0	S	0.0
Cele_WBGene00011166.1	Mondom_ENSMODP00000001616	1.0	S	0.0
Cele_WBGene00011166.1	Ratnor_ENSRNOP00000052819	1.0	S	0.0
Cele_WBGene00011166.1	Bralan_BL95784_evm1	1.0	S	0.0
Cele_WBGene00011166.1	Mmus_ENSMUSP00000000573	1.0	S	0.0
Cele_WBGene00011166.1	Bralan_BL52614_cuf2	1.0	S	0.0
Cele_WBGene00011166.1	Mmus_ENSMUSP00000078134	1.0	S	0.0
Cele_WBGene00011166.1	Nvec_EDO49627	1.0	S	0.0
Cele_WBGene00016084.1	Hsap_ENSP00000356198	1.0	S	0.0
Cele_WBGene00016084.1	Drer_ENSDARP00000138333	1.0	S	0.0
Cele_WBGene00016084.1	Mmus_ENSMUSP00000029510	1.0	S	0.0
Cele_WBGene00016084.1	Nvec_EDO49743	1.0	S	0.0
Cele_WBGene00016084.1	Mmus_ENSMUSP00000080717	1.0	S	0.0
Cele_WBGene00016084.1	Galgal_ENSGALP00000069949	1.0	S	0.0
Cele_WBGene00016084.1	Mondom_ENSMODP00000001267	1.0	S	0.0
Cele_WBGene00016084.1	Canfam_ENSCAFP00000058655	1.0	S	0.0
Cele_WBGene00016084.1	Drer_ENSDARP00000148464	1.0	S	0.0
Cele_WBGene00016084.1	Hsap_ENSP00000437082	1.0	S	0.0
Cele_WBGene00016084.1	Mondom_ENSMODP00000001739	1.0	S	0.0
Cele_WBGene00016084.1	Galgal_ENSGALP00000066799	1.0	S	0.0
Cele_WBGene00016084.1	Canfam_ENSCAFP00000032028	1.0	S	0.0
Cele_WBGene00016084.1	Drer_ENSDARP00000134903	1.0	S	0.0
Cele_WBGene00016084.1	Nvec_EDO40445	1.0	S	0.0
Cele_WBGene00016084.1	Ratnor_ENSRNOP00000073705	1.0	S	0.0
Cele_WBGene00016084.1	Mmus_ENSMUSP00000053923	1.0	S	0.0
Cele_WBGene00016084.1	Mmus_ENSMUSP00000080851	1.0	S	0.0
Cele_WBGene00016084.1	Hsap_ENSP00000255409	1.0	S	0.0
Cele_WBGene00016084.1	Tetnig_ENSTNIP00000000910	1.0	S	0.0
Cele_WBGene00016084.1	Canfam_ENSCAFP00000020233	1.0	S	0.0
Cele_WBGene00016084.1	Pantro_ENSPTRP00000001896	1.0	S	0.0
Cele_WBGene00016084.1	Hsap_ENSP00000358747	1.0	S	0.0
Cele_WBGene00016084.1	Mondom_ENSMODP00000001804	1.0	S	0.0
Cele_WBGene00016084.1	Hsap_ENSP00000358755	1.0	S	0.0
Cele_WBGene00016084.1	Pantro_ENSPTRP00000003133	1.0	S	0.0
Cele_WBGene00016084.1	Bralan_BL96483_cuf4	1.0	S	0.0
Cele_WBGene00016084.1	Mmus_ENSMUSP00000123979	1.0	S	0.0
Cele_WBGene00016084.1	Galgal_ENSGALP00000058001	1.0	S	0.0
Cele_WBGene00016084.1	Drer_ENSDARP00000102083	1.0	S	0.0
Cele_WBGene00016084.1	Drer_ENSDARP00000135566	1.0	S	0.0
Cele_WBGene00016084.1	Mondom_ENSMODP00000047764	1.0	S	0.0
Cele_WBGene00016084.1	Pantro_ENSPTRP00000063859	1.0	S	0.0
Cele_WBGene00016084.1	Nvec_EDO43261	1.0	S	0.0
Cele_WBGene00016084.1	Mondom_ENSMODP00000040149	1.0	S	0.0
Cele_WBGene00016084.1	Ratnor_ENSRNOP00000074871	1.0	S	0.0
Cele_WBGene00016084.1	Tetnig_ENSTNIP00000001773	1.0	S	0.0
Cele_WBGene00016084.1	Pantro_ENSPTRP00000081197	1.0	S	0.0
Cele_WBGene00016084.1	Bralan_BL19132_evm1	1.0	S	0.0
Cele_WBGene00016084.1	Mondom_ENSMODP00000035744	1.0	S	0.0
Cele_WBGene00016084.1	Mmus_ENSMUSP00000142477	1.0	S	0.0
Cele_WBGene00016084.1	Bralan_BL15426_cuf14	1.0	S	0.0
Cele_WBGene00016084.1	Drer_ENSDARP00000095389	1.0	S	0.0
Cele_WBGene00016084.1	Cint_ENSCINP00000028628	1.0	S	0.0
Cele_WBGene00016084.1	Drer_ENSDARP00000005298	1.0	S	0.0
Cele_WBGene00016084.1	Ratnor_ENSRNOP00000052813	1.0	S	0.0
Cele_WBGene00016084.1	Pantro_ENSPTRP00000041993	1.0	S	0.0
Cele_WBGene00016084.1	Nvec_EDO40446	1.0	S	0.0
Cele_WBGene00016084.1	Tetnig_ENSTNIP00000003161	1.0	S	0.0
Cele_WBGene00016084.1	Ratnor_ENSRNOP00000070204	1.0	S	0.0
Cele_WBGene00016084.1	Mondom_ENSMODP00000043631	1.0	S	0.0
Cele_WBGene00016084.1	Pantro_ENSPTRP00000088271	1.0	S	0.0
Cele_WBGene00016084.1	Mondom_ENSMODP00000001616	1.0	S	0.0
Cele_WBGene00016084.1	Ratnor_ENSRNOP00000052819	1.0	S	0.0
Cele_WBGene00016084.1	Bralan_BL95784_evm1	1.0	S	0.0
Cele_WBGene00016084.1	Mmus_ENSMUSP00000000573	1.0	S	0.0
Cele_WBGene00016084.1	Bralan_BL52614_cuf2	1.0	S	0.0
Cele_WBGene00016084.1	Mmus_ENSMUSP00000078134	1.0	S	0.0
Cele_WBGene00016084.1	Nvec_EDO49627	1.0	S	0.0
Dmel_FBpp0071463	Hsap_ENSP00000356198	1.0	S	0.0
Dmel_FBpp0071463	Drer_ENSDARP00000138333	1.0	S	0.0
Dmel_FBpp0071463	Mmus_ENSMUSP00000029510	1.0	S	0.0
Dmel_FBpp0071463	Nvec_EDO49743	1.0	S	0.0
Dmel_FBpp0071463	Mmus_ENSMUSP00000080717	1.0	S	0.0
Dmel_FBpp0071463	Galgal_ENSGALP00000069949	1.0	S	0.0
Dmel_FBpp0071463	Mondom_ENSMODP00000001267	1.0	S	0.0
Dmel_FBpp0071463	Canfam_ENSCAFP00000058655	1.0	S	0.0
Dmel_FBpp0071463	Drer_ENSDARP00000148464	1.0	S	0.0
Dmel_FBpp0071463	Hsap_ENSP00000437082	1.0	S	0.0
Dmel_FBpp0071463	Mondom_ENSMODP00000001739	1.0	S	0.0
Dmel_FBpp0071463	Galgal_ENSGALP00000066799	1.0	S	0.0
Dmel_FBpp0071463	Canfam_ENSCAFP00000032028	1.0	S	0.0
Dmel_FBpp0071463	Drer_ENSDARP00000134903	1.0	S	0.0
Dmel_FBpp0071463	Nvec_EDO40445	1.0	S	0.0
Dmel_FBpp0071463	Ratnor_ENSRNOP00000073705	1.0	S	0.0
Dmel_FBpp0071463	Mmus_ENSMUSP00000053923	1.0	S	0.0
Dmel_FBpp0071463	Mmus_ENSMUSP00000080851	1.0	S	0.0
Dmel_FBpp0071463	Hsap_ENSP00000255409	1.0	S	0.0
Dmel_FBpp0071463	Tetnig_ENSTNIP00000000910	1.0	S	0.0
Dmel_FBpp0071463	Canfam_ENSCAFP00000020233	1.0	S	0.0
Dmel_FBpp0071463	Pantro_ENSPTRP00000001896	1.0	S	0.0
Dmel_FBpp0071463	Hsap_ENSP00000358747	1.0	S	0.0
Dmel_FBpp0071463	Mondom_ENSMODP00000001804	1.0	S	0.0
Dmel_FBpp0071463	Hsap_ENSP00000358755	1.0	S	0.0
Dmel_FBpp0071463	Pantro_ENSPTRP00000003133	1.0	S	0.0
Dmel_FBpp0071463	Bralan_BL96483_cuf4	1.0	S	0.0
Dmel_FBpp0071463	Mmus_ENSMUSP00000123979	1.0	S	0.0
Dmel_FBpp0071463	Galgal_ENSGALP00000058001	1.0	S	0.0
Dmel_FBpp0071463	Drer_ENSDARP00000102083	1.0	S	0.0
Dmel_FBpp0071463	Drer_ENSDARP00000135566	1.0	S	0.0
Dmel_FBpp0071463	Mondom_ENSMODP00000047764	1.0	S	0.0
Dmel_FBpp0071463	Pantro_ENSPTRP00000063859	1.0	S	0.0
Dmel_FBpp0071463	Nvec_EDO43261	1.0	S	0.0
Dmel_FBpp0071463	Mondom_ENSMODP00000040149	1.0	S	0.0
Dmel_FBpp0071463	Ratnor_ENSRNOP00000074871	1.0	S	0.0
Dmel_FBpp0071463	Tetnig_ENSTNIP00000001773	1.0	S	0.0
Dmel_FBpp0071463	Pantro_ENSPTRP00000081197	1.0	S	0.0
Dmel_FBpp0071463	Bralan_BL19132_evm1	1.0	S	0.0
Dmel_FBpp0071463	Mondom_ENSMODP00000035744	1.0	S	0.0
Dmel_FBpp0071463	Mmus_ENSMUSP00000142477	1.0	S	0.0
Dmel_FBpp0071463	Bralan_BL15426_cuf14	1.0	S	0.0
Dmel_FBpp0071463	Drer_ENSDARP00000095389	1.0	S	0.0
Dmel_FBpp0071463	Cint_ENSCINP00000028628	1.0	S	0.0
Dmel_FBpp0071463	Drer_ENSDARP00000005298	1.0	S	0.0
Dmel_FBpp0071463	Ratnor_ENSRNOP00000052813	1.0	S	0.0
Dmel_FBpp0071463	Pantro_ENSPTRP00000041993	1.0	S	0.0
Dmel_FBpp0071463	Nvec_EDO40446	1.0	S	0.0
Dmel_FBpp0071463	Tetnig_ENSTNIP00000003161	1.0	S	0.0
Dmel_FBpp0071463	Ratnor_ENSRNOP00000070204	1.0	S	0.0
Dmel_FBpp0071463	Mondom_ENSMODP00000043631	1.0	S	0.0
Dmel_FBpp0071463	Pantro_ENSPTRP00000088271	1.0	S	0.0
Dmel_FBpp0071463	Mondom_ENSMODP00000001616	1.0	S	0.0
Dmel_FBpp0071463	Ratnor_ENSRNOP00000052819	1.0	S	0.0
Dmel_FBpp0071463	Bralan_BL95784_evm1	1.0	S	0.0
Dmel_FBpp0071463	Mmus_ENSMUSP00000000573	1.0	S	0.0
Dmel_FBpp0071463	Bralan_BL52614_cuf2	1.0	S	0.0
Dmel_FBpp0071463	Mmus_ENSMUSP00000078134	1.0	S	0.0
Dmel_FBpp0071463	Nvec_EDO49627	1.0	S	0.0
Cele_WBGene00020407.1	Hsap_ENSP00000356198	1.0	S	0.0
Cele_WBGene00020407.1	Drer_ENSDARP00000138333	1.0	S	0.0
Cele_WBGene00020407.1	Mmus_ENSMUSP00000029510	1.0	S	0.0
Cele_WBGene00020407.1	Nvec_EDO49743	1.0	S	0.0
Cele_WBGene00020407.1	Mmus_ENSMUSP00000080717	1.0	S	0.0
Cele_WBGene00020407.1	Galgal_ENSGALP00000069949	1.0	S	0.0
Cele_WBGene00020407.1	Mondom_ENSMODP00000001267	1.0	S	0.0
Cele_WBGene00020407.1	Canfam_ENSCAFP00000058655	1.0	S	0.0
Cele_WBGene00020407.1	Drer_ENSDARP00000148464	1.0	S	0.0
Cele_WBGene00020407.1	Hsap_ENSP00000437082	1.0	S	0.0
Cele_WBGene00020407.1	Mondom_ENSMODP00000001739	1.0	S	0.0
Cele_WBGene00020407.1	Galgal_ENSGALP00000066799	1.0	S	0.0
Cele_WBGene00020407.1	Canfam_ENSCAFP00000032028	1.0	S	0.0
Cele_WBGene00020407.1	Drer_ENSDARP00000134903	1.0	S	0.0
Cele_WBGene00020407.1	Nvec_EDO40445	1.0	S	0.0
Cele_WBGene00020407.1	Ratnor_ENSRNOP00000073705	1.0	S	0.0
Cele_WBGene00020407.1	Mmus_ENSMUSP00000053923	1.0	S	0.0
Cele_WBGene00020407.1	Mmus_ENSMUSP00000080851	1.0	S	0.0
Cele_WBGene00020407.1	Hsap_ENSP00000255409	1.0	S	0.0
Cele_WBGene00020407.1	Tetnig_ENSTNIP00000000910	1.0	S	0.0
Cele_WBGene00020407.1	Canfam_ENSCAFP00000020233	1.0	S	0.0
Cele_WBGene00020407.1	Pantro_ENSPTRP00000001896	1.0	S	0.0
Cele_WBGene00020407.1	Hsap_ENSP00000358747	1.0	S	0.0
Cele_WBGene00020407.1	Mondom_ENSMODP00000001804	1.0	S	0.0
Cele_WBGene00020407.1	Hsap_ENSP00000358755	1.0	S	0.0
Cele_WBGene00020407.1	Pantro_ENSPTRP00000003133	1.0	S	0.0
Cele_WBGene00020407.1	Bralan_BL96483_cuf4	1.0	S	0.0
Cele_WBGene00020407.1	Mmus_ENSMUSP00000123979	1.0	S	0.0
Cele_WBGene00020407.1	Galgal_ENSGALP00000058001	1.0	S	0.0
Cele_WBGene00020407.1	Drer_ENSDARP00000102083	1.0	S	0.0
Cele_WBGene00020407.1	Drer_ENSDARP00000135566	1.0	S	0.0
Cele_WBGene00020407.1	Mondom_ENSMODP00000047764	1.0	S	0.0
Cele_WBGene00020407.1	Pantro_ENSPTRP00000063859	1.0	S	0.0
Cele_WBGene00020407.1	Nvec_EDO43261	1.0	S	0.0
Cele_WBGene00020407.1	Mondom_ENSMODP00000040149	1.0	S	0.0
Cele_WBGene00020407.1	Ratnor_ENSRNOP00000074871	1.0	S	0.0
Cele_WBGene00020407.1	Tetnig_ENSTNIP00000001773	1.0	S	0.0
Cele_WBGene00020407.1	Pantro_ENSPTRP00000081197	1.0	S	0.0
Cele_WBGene00020407.1	Bralan_BL19132_evm1	1.0	S	0.0
Cele_WBGene00020407.1	Mondom_ENSMODP00000035744	1.0	S	0.0
Cele_WBGene00020407.1	Mmus_ENSMUSP00000142477	1.0	S	0.0
Cele_WBGene00020407.1	Bralan_BL15426_cuf14	1.0	S	0.0
Cele_WBGene00020407.1	Drer_ENSDARP00000095389	1.0	S	0.0
Cele_WBGene00020407.1	Cint_ENSCINP00000028628	1.0	S	0.0
Cele_WBGene00020407.1	Drer_ENSDARP00000005298	1.0	S	0.0
Cele_WBGene00020407.1	Ratnor_ENSRNOP00000052813	1.0	S	0.0
Cele_WBGene00020407.1	Pantro_ENSPTRP00000041993	1.0	S	0.0
Cele_WBGene00020407.1	Nvec_EDO40446	1.0	S	0.0
Cele_WBGene00020407.1	Tetnig_ENSTNIP00000003161	1.0	S	0.0
Cele_WBGene00020407.1	Ratnor_ENSRNOP00000070204	1.0	S	0.0
Cele_WBGene00020407.1	Mondom_ENSMODP00000043631	1.0	S	0.0
Cele_WBGene00020407.1	Pantro_ENSPTRP00000088271	1.0	S	0.0
Cele_WBGene00020407.1	Mondom_ENSMODP00000001616	1.0	S	0.0
Cele_WBGene00020407.1	Ratnor_ENSRNOP00000052819	1.0	S	0.0
Cele_WBGene00020407.1	Bralan_BL95784_evm1	1.0	S	0.0
Cele_WBGene00020407.1	Mmus_ENSMUSP00000000573	1.0	S	0.0
Cele_WBGene00020407.1	Bralan_BL52614_cuf2	1.0	S	0.0
Cele_WBGene00020407.1	Mmus_ENSMUSP00000078134	1.0	S	0.0
Cele_WBGene00020407.1	Nvec_EDO49627	1.0	S	0.0
Cele_WBGene00011161.1	Hsap_ENSP00000356198	1.0	S	0.0
Cele_WBGene00011161.1	Drer_ENSDARP00000138333	1.0	S	0.0
Cele_WBGene00011161.1	Mmus_ENSMUSP00000029510	1.0	S	0.0
Cele_WBGene00011161.1	Nvec_EDO49743	1.0	S	0.0
Cele_WBGene00011161.1	Mmus_ENSMUSP00000080717	1.0	S	0.0
Cele_WBGene00011161.1	Galgal_ENSGALP00000069949	1.0	S	0.0
Cele_WBGene00011161.1	Mondom_ENSMODP00000001267	1.0	S	0.0
Cele_WBGene00011161.1	Canfam_ENSCAFP00000058655	1.0	S	0.0
Cele_WBGene00011161.1	Drer_ENSDARP00000148464	1.0	S	0.0
Cele_WBGene00011161.1	Hsap_ENSP00000437082	1.0	S	0.0
Cele_WBGene00011161.1	Mondom_ENSMODP00000001739	1.0	S	0.0
Cele_WBGene00011161.1	Galgal_ENSGALP00000066799	1.0	S	0.0
Cele_WBGene00011161.1	Canfam_ENSCAFP00000032028	1.0	S	0.0
Cele_WBGene00011161.1	Drer_ENSDARP00000134903	1.0	S	0.0
Cele_WBGene00011161.1	Nvec_EDO40445	1.0	S	0.0
Cele_WBGene00011161.1	Ratnor_ENSRNOP00000073705	1.0	S	0.0
Cele_WBGene00011161.1	Mmus_ENSMUSP00000053923	1.0	S	0.0
Cele_WBGene00011161.1	Mmus_ENSMUSP00000080851	1.0	S	0.0
Cele_WBGene00011161.1	Hsap_ENSP00000255409	1.0	S	0.0
Cele_WBGene00011161.1	Tetnig_ENSTNIP00000000910	1.0	S	0.0
Cele_WBGene00011161.1	Canfam_ENSCAFP00000020233	1.0	S	0.0
Cele_WBGene00011161.1	Pantro_ENSPTRP00000001896	1.0	S	0.0
Cele_WBGene00011161.1	Hsap_ENSP00000358747	1.0	S	0.0
Cele_WBGene00011161.1	Mondom_ENSMODP00000001804	1.0	S	0.0
Cele_WBGene00011161.1	Hsap_ENSP00000358755	1.0	S	0.0
Cele_WBGene00011161.1	Pantro_ENSPTRP00000003133	1.0	S	0.0
Cele_WBGene00011161.1	Bralan_BL96483_cuf4	1.0	S	0.0
Cele_WBGene00011161.1	Mmus_ENSMUSP00000123979	1.0	S	0.0
Cele_WBGene00011161.1	Galgal_ENSGALP00000058001	1.0	S	0.0
Cele_WBGene00011161.1	Drer_ENSDARP00000102083	1.0	S	0.0
Cele_WBGene00011161.1	Drer_ENSDARP00000135566	1.0	S	0.0
Cele_WBGene00011161.1	Mondom_ENSMODP00000047764	1.0	S	0.0
Cele_WBGene00011161.1	Pantro_ENSPTRP00000063859	1.0	S	0.0
Cele_WBGene00011161.1	Nvec_EDO43261	1.0	S	0.0
Cele_WBGene00011161.1	Mondom_ENSMODP00000040149	1.0	S	0.0
Cele_WBGene00011161.1	Ratnor_ENSRNOP00000074871	1.0	S	0.0
Cele_WBGene00011161.1	Tetnig_ENSTNIP00000001773	1.0	S	0.0
Cele_WBGene00011161.1	Pantro_ENSPTRP00000081197	1.0	S	0.0
Cele_WBGene00011161.1	Bralan_BL19132_evm1	1.0	S	0.0
Cele_WBGene00011161.1	Mondom_ENSMODP00000035744	1.0	S	0.0
Cele_WBGene00011161.1	Mmus_ENSMUSP00000142477	1.0	S	0.0
Cele_WBGene00011161.1	Bralan_BL15426_cuf14	1.0	S	0.0
Cele_WBGene00011161.1	Drer_ENSDARP00000095389	1.0	S	0.0
Cele_WBGene00011161.1	Cint_ENSCINP00000028628	1.0	S	0.0
Cele_WBGene00011161.1	Drer_ENSDARP00000005298	1.0	S	0.0
Cele_WBGene00011161.1	Ratnor_ENSRNOP00000052813	1.0	S	0.0
Cele_WBGene00011161.1	Pantro_ENSPTRP00000041993	1.0	S	0.0
Cele_WBGene00011161.1	Nvec_EDO40446	1.0	S	0.0
Cele_WBGene00011161.1	Tetnig_ENSTNIP00000003161	1.0	S	0.0
Cele_WBGene00011161.1	Ratnor_ENSRNOP00000070204	1.0	S	0.0
Cele_WBGene00011161.1	Mondom_ENSMODP00000043631	1.0	S	0.0
Cele_WBGene00011161.1	Pantro_ENSPTRP00000088271	1.0	S	0.0
Cele_WBGene00011161.1	Mondom_ENSMODP00000001616	1.0	S	0.0
Cele_WBGene00011161.1	Ratnor_ENSRNOP00000052819	1.0	S	0.0
Cele_WBGene00011161.1	Bralan_BL95784_evm1	1.0	S	0.0
Cele_WBGene00011161.1	Mmus_ENSMUSP00000000573	1.0	S	0.0
Cele_WBGene00011161.1	Bralan_BL52614_cuf2	1.0	S	0.0
Cele_WBGene00011161.1	Mmus_ENSMUSP00000078134	1.0	S	0.0
Cele_WBGene00011161.1	Nvec_EDO49627	1.0	S	0.0
Mlei_ML03134a-PA	Hsap_ENSP00000356198	1.0	S	0.0
Mlei_ML03134a-PA	Drer_ENSDARP00000138333	1.0	S	0.0
Mlei_ML03134a-PA	Mmus_ENSMUSP00000029510	1.0	S	0.0
Mlei_ML03134a-PA	Nvec_EDO49743	1.0	S	0.0
Mlei_ML03134a-PA	Mmus_ENSMUSP00000080717	1.0	S	0.0
Mlei_ML03134a-PA	Galgal_ENSGALP00000069949	1.0	S	0.0
Mlei_ML03134a-PA	Mondom_ENSMODP00000001267	1.0	S	0.0
Mlei_ML03134a-PA	Canfam_ENSCAFP00000058655	1.0	S	0.0
Mlei_ML03134a-PA	Drer_ENSDARP00000148464	1.0	S	0.0
Mlei_ML03134a-PA	Hsap_ENSP00000437082	1.0	S	0.0
Mlei_ML03134a-PA	Mondom_ENSMODP00000001739	1.0	S	0.0
Mlei_ML03134a-PA	Galgal_ENSGALP00000066799	1.0	S	0.0
Mlei_ML03134a-PA	Canfam_ENSCAFP00000032028	1.0	S	0.0
Mlei_ML03134a-PA	Drer_ENSDARP00000134903	1.0	S	0.0
Mlei_ML03134a-PA	Nvec_EDO40445	1.0	S	0.0
Mlei_ML03134a-PA	Ratnor_ENSRNOP00000073705	1.0	S	0.0
Mlei_ML03134a-PA	Mmus_ENSMUSP00000053923	1.0	S	0.0
Mlei_ML03134a-PA	Mmus_ENSMUSP00000080851	1.0	S	0.0
Mlei_ML03134a-PA	Hsap_ENSP00000255409	1.0	S	0.0
Mlei_ML03134a-PA	Tetnig_ENSTNIP00000000910	1.0	S	0.0
Mlei_ML03134a-PA	Canfam_ENSCAFP00000020233	1.0	S	0.0
Mlei_ML03134a-PA	Pantro_ENSPTRP00000001896	1.0	S	0.0
Mlei_ML03134a-PA	Hsap_ENSP00000358747	1.0	S	0.0
Mlei_ML03134a-PA	Mondom_ENSMODP00000001804	1.0	S	0.0
Mlei_ML03134a-PA	Hsap_ENSP00000358755	1.0	S	0.0
Mlei_ML03134a-PA	Pantro_ENSPTRP00000003133	1.0	S	0.0
Mlei_ML03134a-PA	Bralan_BL96483_cuf4	1.0	S	0.0
Mlei_ML03134a-PA	Mmus_ENSMUSP00000123979	1.0	S	0.0
Mlei_ML03134a-PA	Galgal_ENSGALP00000058001	1.0	S	0.0
Mlei_ML03134a-PA	Drer_ENSDARP00000102083	1.0	S	0.0
Mlei_ML03134a-PA	Drer_ENSDARP00000135566	1.0	S	0.0
Mlei_ML03134a-PA	Mondom_ENSMODP00000047764	1.0	S	0.0
Mlei_ML03134a-PA	Pantro_ENSPTRP00000063859	1.0	S	0.0
Mlei_ML03134a-PA	Nvec_EDO43261	1.0	S	0.0
Mlei_ML03134a-PA	Mondom_ENSMODP00000040149	1.0	S	0.0
Mlei_ML03134a-PA	Ratnor_ENSRNOP00000074871	1.0	S	0.0
Mlei_ML03134a-PA	Tetnig_ENSTNIP00000001773	1.0	S	0.0
Mlei_ML03134a-PA	Pantro_ENSPTRP00000081197	1.0	S	0.0
Mlei_ML03134a-PA	Bralan_BL19132_evm1	1.0	S	0.0
Mlei_ML03134a-PA	Mondom_ENSMODP00000035744	1.0	S	0.0
Mlei_ML03134a-PA	Mmus_ENSMUSP00000142477	1.0	S	0.0
Mlei_ML03134a-PA	Bralan_BL15426_cuf14	1.0	S	0.0
Mlei_ML03134a-PA	Drer_ENSDARP00000095389	1.0	S	0.0
Mlei_ML03134a-PA	Cint_ENSCINP00000028628	1.0	S	0.0
Mlei_ML03134a-PA	Drer_ENSDARP00000005298	1.0	S	0.0
Mlei_ML03134a-PA	Ratnor_ENSRNOP00000052813	1.0	S	0.0
Mlei_ML03134a-PA	Pantro_ENSPTRP00000041993	1.0	S	0.0
Mlei_ML03134a-PA	Nvec_EDO40446	1.0	S	0.0
Mlei_ML03134a-PA	Tetnig_ENSTNIP00000003161	1.0	S	0.0
Mlei_ML03134a-PA	Ratnor_ENSRNOP00000070204	1.0	S	0.0
Mlei_ML03134a-PA	Mondom_ENSMODP00000043631	1.0	S	0.0
Mlei_ML03134a-PA	Pantro_ENSPTRP00000088271	1.0	S	0.0
Mlei_ML03134a-PA	Mondom_ENSMODP00000001616	1.0	S	0.0
Mlei_ML03134a-PA	Ratnor_ENSRNOP00000052819	1.0	S	0.0
Mlei_ML03134a-PA	Bralan_BL95784_evm1	1.0	S	0.0
Mlei_ML03134a-PA	Mmus_ENSMUSP00000000573	1.0	S	0.0
Mlei_ML03134a-PA	Bralan_BL52614_cuf2	1.0	S	0.0
Mlei_ML03134a-PA	Mmus_ENSMUSP00000078134	1.0	S	0.0
Mlei_ML03134a-PA	Nvec_EDO49627	1.0	S	0.0
Dmel_FBpp0309782	Hsap_ENSP00000356198	1.0	S	0.0
Dmel_FBpp0309782	Drer_ENSDARP00000138333	1.0	S	0.0
Dmel_FBpp0309782	Mmus_ENSMUSP00000029510	1.0	S	0.0
Dmel_FBpp0309782	Nvec_EDO49743	1.0	S	0.0
Dmel_FBpp0309782	Mmus_ENSMUSP00000080717	1.0	S	0.0
Dmel_FBpp0309782	Galgal_ENSGALP00000069949	1.0	S	0.0
Dmel_FBpp0309782	Mondom_ENSMODP00000001267	1.0	S	0.0
Dmel_FBpp0309782	Canfam_ENSCAFP00000058655	1.0	S	0.0
Dmel_FBpp0309782	Drer_ENSDARP00000148464	1.0	S	0.0
Dmel_FBpp0309782	Hsap_ENSP00000437082	1.0	S	0.0
Dmel_FBpp0309782	Mondom_ENSMODP00000001739	1.0	S	0.0
Dmel_FBpp0309782	Galgal_ENSGALP00000066799	1.0	S	0.0
Dmel_FBpp0309782	Canfam_ENSCAFP00000032028	1.0	S	0.0
Dmel_FBpp0309782	Drer_ENSDARP00000134903	1.0	S	0.0
Dmel_FBpp0309782	Nvec_EDO40445	1.0	S	0.0
Dmel_FBpp0309782	Ratnor_ENSRNOP00000073705	1.0	S	0.0
Dmel_FBpp0309782	Mmus_ENSMUSP00000053923	1.0	S	0.0
Dmel_FBpp0309782	Mmus_ENSMUSP00000080851	1.0	S	0.0
Dmel_FBpp0309782	Hsap_ENSP00000255409	1.0	S	0.0
Dmel_FBpp0309782	Tetnig_ENSTNIP00000000910	1.0	S	0.0
Dmel_FBpp0309782	Canfam_ENSCAFP00000020233	1.0	S	0.0
Dmel_FBpp0309782	Pantro_ENSPTRP00000001896	1.0	S	0.0
Dmel_FBpp0309782	Hsap_ENSP00000358747	1.0	S	0.0
Dmel_FBpp0309782	Mondom_ENSMODP00000001804	1.0	S	0.0
Dmel_FBpp0309782	Hsap_ENSP00000358755	1.0	S	0.0
Dmel_FBpp0309782	Pantro_ENSPTRP00000003133	1.0	S	0.0
Dmel_FBpp0309782	Bralan_BL96483_cuf4	1.0	S	0.0
Dmel_FBpp0309782	Mmus_ENSMUSP00000123979	1.0	S	0.0
Dmel_FBpp0309782	Galgal_ENSGALP00000058001	1.0	S	0.0
Dmel_FBpp0309782	Drer_ENSDARP00000102083	1.0	S	0.0
Dmel_FBpp0309782	Drer_ENSDARP00000135566	1.0	S	0.0
Dmel_FBpp0309782	Mondom_ENSMODP00000047764	1.0	S	0.0
Dmel_FBpp0309782	Pantro_ENSPTRP00000063859	1.0	S	0.0
Dmel_FBpp0309782	Nvec_EDO43261	1.0	S	0.0
Dmel_FBpp0309782	Mondom_ENSMODP00000040149	1.0	S	0.0
Dmel_FBpp0309782	Ratnor_ENSRNOP00000074871	1.0	S	0.0
Dmel_FBpp0309782	Tetnig_ENSTNIP00000001773	1.0	S	0.0
Dmel_FBpp0309782	Pantro_ENSPTRP00000081197	1.0	S	0.0
Dmel_FBpp0309782	Bralan_BL19132_evm1	1.0	S	0.0
Dmel_FBpp0309782	Mondom_ENSMODP00000035744	1.0	S	0.0
Dmel_FBpp0309782	Mmus_ENSMUSP00000142477	1.0	S	0.0
Dmel_FBpp0309782	Bralan_BL15426_cuf14	1.0	S	0.0
Dmel_FBpp0309782	Drer_ENSDARP00000095389	1.0	S	0.0
Dmel_FBpp0309782	Cint_ENSCINP00000028628	1.0	S	0.0
Dmel_FBpp0309782	Drer_ENSDARP00000005298	1.0	S	0.0
Dmel_FBpp0309782	Ratnor_ENSRNOP00000052813	1.0	S	0.0
Dmel_FBpp0309782	Pantro_ENSPTRP00000041993	1.0	S	0.0
Dmel_FBpp0309782	Nvec_EDO40446	1.0	S	0.0
Dmel_FBpp0309782	Tetnig_ENSTNIP00000003161	1.0	S	0.0
Dmel_FBpp0309782	Ratnor_ENSRNOP00000070204	1.0	S	0.0
Dmel_FBpp0309782	Mondom_ENSMODP00000043631	1.0	S	0.0
Dmel_FBpp0309782	Pantro_ENSPTRP00000088271	1.0	S	0.0
Dmel_FBpp0309782	Mondom_ENSMODP00000001616	1.0	S	0.0
Dmel_FBpp0309782	Ratnor_ENSRNOP00000052819	1.0	S	0.0
Dmel_FBpp0309782	Bralan_BL95784_evm1	1.0	S	0.0
Dmel_FBpp0309782	Mmus_ENSMUSP00000000573	1.0	S	0.0
Dmel_FBpp0309782	Bralan_BL52614_cuf2	1.0	S	0.0
Dmel_FBpp0309782	Mmus_ENSMUSP00000078134	1.0	S	0.0
Dmel_FBpp0309782	Nvec_EDO49627	1.0	S	0.0
Cele_WBGene00014162.1	Hsap_ENSP00000356198	1.0	S	0.0
Cele_WBGene00014162.1	Drer_ENSDARP00000138333	1.0	S	0.0
Cele_WBGene00014162.1	Mmus_ENSMUSP00000029510	1.0	S	0.0
Cele_WBGene00014162.1	Nvec_EDO49743	1.0	S	0.0
Cele_WBGene00014162.1	Mmus_ENSMUSP00000080717	1.0	S	0.0
Cele_WBGene00014162.1	Galgal_ENSGALP00000069949	1.0	S	0.0
Cele_WBGene00014162.1	Mondom_ENSMODP00000001267	1.0	S	0.0
Cele_WBGene00014162.1	Canfam_ENSCAFP00000058655	1.0	S	0.0
Cele_WBGene00014162.1	Drer_ENSDARP00000148464	1.0	S	0.0
Cele_WBGene00014162.1	Hsap_ENSP00000437082	1.0	S	0.0
Cele_WBGene00014162.1	Mondom_ENSMODP00000001739	1.0	S	0.0
Cele_WBGene00014162.1	Galgal_ENSGALP00000066799	1.0	S	0.0
Cele_WBGene00014162.1	Canfam_ENSCAFP00000032028	1.0	S	0.0
Cele_WBGene00014162.1	Drer_ENSDARP00000134903	1.0	S	0.0
Cele_WBGene00014162.1	Nvec_EDO40445	1.0	S	0.0
Cele_WBGene00014162.1	Ratnor_ENSRNOP00000073705	1.0	S	0.0
Cele_WBGene00014162.1	Mmus_ENSMUSP00000053923	1.0	S	0.0
Cele_WBGene00014162.1	Mmus_ENSMUSP00000080851	1.0	S	0.0
Cele_WBGene00014162.1	Hsap_ENSP00000255409	1.0	S	0.0
Cele_WBGene00014162.1	Tetnig_ENSTNIP00000000910	1.0	S	0.0
Cele_WBGene00014162.1	Canfam_ENSCAFP00000020233	1.0	S	0.0
Cele_WBGene00014162.1	Pantro_ENSPTRP00000001896	1.0	S	0.0
Cele_WBGene00014162.1	Hsap_ENSP00000358747	1.0	S	0.0
Cele_WBGene00014162.1	Mondom_ENSMODP00000001804	1.0	S	0.0
Cele_WBGene00014162.1	Hsap_ENSP00000358755	1.0	S	0.0
Cele_WBGene00014162.1	Pantro_ENSPTRP00000003133	1.0	S	0.0
Cele_WBGene00014162.1	Bralan_BL96483_cuf4	1.0	S	0.0
Cele_WBGene00014162.1	Mmus_ENSMUSP00000123979	1.0	S	0.0
Cele_WBGene00014162.1	Galgal_ENSGALP00000058001	1.0	S	0.0
Cele_WBGene00014162.1	Drer_ENSDARP00000102083	1.0	S	0.0
Cele_WBGene00014162.1	Drer_ENSDARP00000135566	1.0	S	0.0
Cele_WBGene00014162.1	Mondom_ENSMODP00000047764	1.0	S	0.0
Cele_WBGene00014162.1	Pantro_ENSPTRP00000063859	1.0	S	0.0
Cele_WBGene00014162.1	Nvec_EDO43261	1.0	S	0.0
Cele_WBGene00014162.1	Mondom_ENSMODP00000040149	1.0	S	0.0
Cele_WBGene00014162.1	Ratnor_ENSRNOP00000074871	1.0	S	0.0
Cele_WBGene00014162.1	Tetnig_ENSTNIP00000001773	1.0	S	0.0
Cele_WBGene00014162.1	Pantro_ENSPTRP00000081197	1.0	S	0.0
Cele_WBGene00014162.1	Bralan_BL19132_evm1	1.0	S	0.0
Cele_WBGene00014162.1	Mondom_ENSMODP00000035744	1.0	S	0.0
Cele_WBGene00014162.1	Mmus_ENSMUSP00000142477	1.0	S	0.0
Cele_WBGene00014162.1	Bralan_BL15426_cuf14	1.0	S	0.0
Cele_WBGene00014162.1	Drer_ENSDARP00000095389	1.0	S	0.0
Cele_WBGene00014162.1	Cint_ENSCINP00000028628	1.0	S	0.0
Cele_WBGene00014162.1	Drer_ENSDARP00000005298	1.0	S	0.0
Cele_WBGene00014162.1	Ratnor_ENSRNOP00000052813	1.0	S	0.0
Cele_WBGene00014162.1	Pantro_ENSPTRP00000041993	1.0	S	0.0
Cele_WBGene00014162.1	Nvec_EDO40446	1.0	S	0.0
Cele_WBGene00014162.1	Tetnig_ENSTNIP00000003161	1.0	S	0.0
Cele_WBGene00014162.1	Ratnor_ENSRNOP00000070204	1.0	S	0.0
Cele_WBGene00014162.1	Mondom_ENSMODP00000043631	1.0	S	0.0
Cele_WBGene00014162.1	Pantro_ENSPTRP00000088271	1.0	S	0.0
Cele_WBGene00014162.1	Mondom_ENSMODP00000001616	1.0	S	0.0
Cele_WBGene00014162.1	Ratnor_ENSRNOP00000052819	1.0	S	0.0
Cele_WBGene00014162.1	Bralan_BL95784_evm1	1.0	S	0.0
Cele_WBGene00014162.1	Mmus_ENSMUSP00000000573	1.0	S	0.0
Cele_WBGene00014162.1	Bralan_BL52614_cuf2	1.0	S	0.0
Cele_WBGene00014162.1	Mmus_ENSMUSP00000078134	1.0	S	0.0
Cele_WBGene00014162.1	Nvec_EDO49627	1.0	S	0.0
Mlei_ML07445a-PA	Hsap_ENSP00000356198	1.0	S	0.0
Mlei_ML07445a-PA	Drer_ENSDARP00000138333	1.0	S	0.0
Mlei_ML07445a-PA	Mmus_ENSMUSP00000029510	1.0	S	0.0
Mlei_ML07445a-PA	Nvec_EDO49743	1.0	S	0.0
Mlei_ML07445a-PA	Mmus_ENSMUSP00000080717	1.0	S	0.0
Mlei_ML07445a-PA	Galgal_ENSGALP00000069949	1.0	S	0.0
Mlei_ML07445a-PA	Mondom_ENSMODP00000001267	1.0	S	0.0
Mlei_ML07445a-PA	Canfam_ENSCAFP00000058655	1.0	S	0.0
Mlei_ML07445a-PA	Drer_ENSDARP00000148464	1.0	S	0.0
Mlei_ML07445a-PA	Hsap_ENSP00000437082	1.0	S	0.0
Mlei_ML07445a-PA	Mondom_ENSMODP00000001739	1.0	S	0.0
Mlei_ML07445a-PA	Galgal_ENSGALP00000066799	1.0	S	0.0
Mlei_ML07445a-PA	Canfam_ENSCAFP00000032028	1.0	S	0.0
Mlei_ML07445a-PA	Drer_ENSDARP00000134903	1.0	S	0.0
Mlei_ML07445a-PA	Nvec_EDO40445	1.0	S	0.0
Mlei_ML07445a-PA	Ratnor_ENSRNOP00000073705	1.0	S	0.0
Mlei_ML07445a-PA	Mmus_ENSMUSP00000053923	1.0	S	0.0
Mlei_ML07445a-PA	Mmus_ENSMUSP00000080851	1.0	S	0.0
Mlei_ML07445a-PA	Hsap_ENSP00000255409	1.0	S	0.0
Mlei_ML07445a-PA	Tetnig_ENSTNIP00000000910	1.0	S	0.0
Mlei_ML07445a-PA	Canfam_ENSCAFP00000020233	1.0	S	0.0
Mlei_ML07445a-PA	Pantro_ENSPTRP00000001896	1.0	S	0.0
Mlei_ML07445a-PA	Hsap_ENSP00000358747	1.0	S	0.0
Mlei_ML07445a-PA	Mondom_ENSMODP00000001804	1.0	S	0.0
Mlei_ML07445a-PA	Hsap_ENSP00000358755	1.0	S	0.0
Mlei_ML07445a-PA	Pantro_ENSPTRP00000003133	1.0	S	0.0
Mlei_ML07445a-PA	Bralan_BL96483_cuf4	1.0	S	0.0
Mlei_ML07445a-PA	Mmus_ENSMUSP00000123979	1.0	S	0.0
Mlei_ML07445a-PA	Galgal_ENSGALP00000058001	1.0	S	0.0
Mlei_ML07445a-PA	Drer_ENSDARP00000102083	1.0	S	0.0
Mlei_ML07445a-PA	Drer_ENSDARP00000135566	1.0	S	0.0
Mlei_ML07445a-PA	Mondom_ENSMODP00000047764	1.0	S	0.0
Mlei_ML07445a-PA	Pantro_ENSPTRP00000063859	1.0	S	0.0
Mlei_ML07445a-PA	Nvec_EDO43261	1.0	S	0.0
Mlei_ML07445a-PA	Mondom_ENSMODP00000040149	1.0	S	0.0
Mlei_ML07445a-PA	Ratnor_ENSRNOP00000074871	1.0	S	0.0
Mlei_ML07445a-PA	Tetnig_ENSTNIP00000001773	1.0	S	0.0
Mlei_ML07445a-PA	Pantro_ENSPTRP00000081197	1.0	S	0.0
Mlei_ML07445a-PA	Bralan_BL19132_evm1	1.0	S	0.0
Mlei_ML07445a-PA	Mondom_ENSMODP00000035744	1.0	S	0.0
Mlei_ML07445a-PA	Mmus_ENSMUSP00000142477	1.0	S	0.0
Mlei_ML07445a-PA	Bralan_BL15426_cuf14	1.0	S	0.0
Mlei_ML07445a-PA	Drer_ENSDARP00000095389	1.0	S	0.0
Mlei_ML07445a-PA	Cint_ENSCINP00000028628	1.0	S	0.0
Mlei_ML07445a-PA	Drer_ENSDARP00000005298	1.0	S	0.0
Mlei_ML07445a-PA	Ratnor_ENSRNOP00000052813	1.0	S	0.0
Mlei_ML07445a-PA	Pantro_ENSPTRP00000041993	1.0	S	0.0
Mlei_ML07445a-PA	Nvec_EDO40446	1.0	S	0.0
Mlei_ML07445a-PA	Tetnig_ENSTNIP00000003161	1.0	S	0.0
Mlei_ML07445a-PA	Ratnor_ENSRNOP00000070204	1.0	S	0.0
Mlei_ML07445a-PA	Mondom_ENSMODP00000043631	1.0	S	0.0
Mlei_ML07445a-PA	Pantro_ENSPTRP00000088271	1.0	S	0.0
Mlei_ML07445a-PA	Mondom_ENSMODP00000001616	1.0	S	0.0
Mlei_ML07445a-PA	Ratnor_ENSRNOP00000052819	1.0	S	0.0
Mlei_ML07445a-PA	Bralan_BL95784_evm1	1.0	S	0.0
Mlei_ML07445a-PA	Mmus_ENSMUSP00000000573	1.0	S	0.0
Mlei_ML07445a-PA	Bralan_BL52614_cuf2	1.0	S	0.0
Mlei_ML07445a-PA	Mmus_ENSMUSP00000078134	1.0	S	0.0
Mlei_ML07445a-PA	Nvec_EDO49627	1.0	S	0.0
Cele_WBGene00011159.1	Hsap_ENSP00000356198	1.0	S	0.0
Cele_WBGene00011159.1	Drer_ENSDARP00000138333	1.0	S	0.0
Cele_WBGene00011159.1	Mmus_ENSMUSP00000029510	1.0	S	0.0
Cele_WBGene00011159.1	Nvec_EDO49743	1.0	S	0.0
Cele_WBGene00011159.1	Mmus_ENSMUSP00000080717	1.0	S	0.0
Cele_WBGene00011159.1	Galgal_ENSGALP00000069949	1.0	S	0.0
Cele_WBGene00011159.1	Mondom_ENSMODP00000001267	1.0	S	0.0
Cele_WBGene00011159.1	Canfam_ENSCAFP00000058655	1.0	S	0.0
Cele_WBGene00011159.1	Drer_ENSDARP00000148464	1.0	S	0.0
Cele_WBGene00011159.1	Hsap_ENSP00000437082	1.0	S	0.0
Cele_WBGene00011159.1	Mondom_ENSMODP00000001739	1.0	S	0.0
Cele_WBGene00011159.1	Galgal_ENSGALP00000066799	1.0	S	0.0
Cele_WBGene00011159.1	Canfam_ENSCAFP00000032028	1.0	S	0.0
Cele_WBGene00011159.1	Drer_ENSDARP00000134903	1.0	S	0.0
Cele_WBGene00011159.1	Nvec_EDO40445	1.0	S	0.0
Cele_WBGene00011159.1	Ratnor_ENSRNOP00000073705	1.0	S	0.0
Cele_WBGene00011159.1	Mmus_ENSMUSP00000053923	1.0	S	0.0
Cele_WBGene00011159.1	Mmus_ENSMUSP00000080851	1.0	S	0.0
Cele_WBGene00011159.1	Hsap_ENSP00000255409	1.0	S	0.0
Cele_WBGene00011159.1	Tetnig_ENSTNIP00000000910	1.0	S	0.0
Cele_WBGene00011159.1	Canfam_ENSCAFP00000020233	1.0	S	0.0
Cele_WBGene00011159.1	Pantro_ENSPTRP00000001896	1.0	S	0.0
Cele_WBGene00011159.1	Hsap_ENSP00000358747	1.0	S	0.0
Cele_WBGene00011159.1	Mondom_ENSMODP00000001804	1.0	S	0.0
Cele_WBGene00011159.1	Hsap_ENSP00000358755	1.0	S	0.0
Cele_WBGene00011159.1	Pantro_ENSPTRP00000003133	1.0	S	0.0
Cele_WBGene00011159.1	Bralan_BL96483_cuf4	1.0	S	0.0
Cele_WBGene00011159.1	Mmus_ENSMUSP00000123979	1.0	S	0.0
Cele_WBGene00011159.1	Galgal_ENSGALP00000058001	1.0	S	0.0
Cele_WBGene00011159.1	Drer_ENSDARP00000102083	1.0	S	0.0
Cele_WBGene00011159.1	Drer_ENSDARP00000135566	1.0	S	0.0
Cele_WBGene00011159.1	Mondom_ENSMODP00000047764	1.0	S	0.0
Cele_WBGene00011159.1	Pantro_ENSPTRP00000063859	1.0	S	0.0
Cele_WBGene00011159.1	Nvec_EDO43261	1.0	S	0.0
Cele_WBGene00011159.1	Mondom_ENSMODP00000040149	1.0	S	0.0
Cele_WBGene00011159.1	Ratnor_ENSRNOP00000074871	1.0	S	0.0
Cele_WBGene00011159.1	Tetnig_ENSTNIP00000001773	1.0	S	0.0
Cele_WBGene00011159.1	Pantro_ENSPTRP00000081197	1.0	S	0.0
Cele_WBGene00011159.1	Bralan_BL19132_evm1	1.0	S	0.0
Cele_WBGene00011159.1	Mondom_ENSMODP00000035744	1.0	S	0.0
Cele_WBGene00011159.1	Mmus_ENSMUSP00000142477	1.0	S	0.0
Cele_WBGene00011159.1	Bralan_BL15426_cuf14	1.0	S	0.0
Cele_WBGene00011159.1	Drer_ENSDARP00000095389	1.0	S	0.0
Cele_WBGene00011159.1	Cint_ENSCINP00000028628	1.0	S	0.0
Cele_WBGene00011159.1	Drer_ENSDARP00000005298	1.0	S	0.0
Cele_WBGene00011159.1	Ratnor_ENSRNOP00000052813	1.0	S	0.0
Cele_WBGene00011159.1	Pantro_ENSPTRP00000041993	1.0	S	0.0
Cele_WBGene00011159.1	Nvec_EDO40446	1.0	S	0.0
Cele_WBGene00011159.1	Tetnig_ENSTNIP00000003161	1.0	S	0.0
Cele_WBGene00011159.1	Ratnor_ENSRNOP00000070204	1.0	S	0.0
Cele_WBGene00011159.1	Mondom_ENSMODP00000043631	1.0	S	0.0
Cele_WBGene00011159.1	Pantro_ENSPTRP00000088271	1.0	S	0.0
Cele_WBGene00011159.1	Mondom_ENSMODP00000001616	1.0	S	0.0
Cele_WBGene00011159.1	Ratnor_ENSRNOP00000052819	1.0	S	0.0
Cele_WBGene00011159.1	Bralan_BL95784_evm1	1.0	S	0.0
Cele_WBGene00011159.1	Mmus_ENSMUSP00000000573	1.0	S	0.0
Cele_WBGene00011159.1	Bralan_BL52614_cuf2	1.0	S	0.0
Cele_WBGene00011159.1	Mmus_ENSMUSP00000078134	1.0	S	0.0
Cele_WBGene00011159.1	Nvec_EDO49627	1.0	S	0.0
Mlei_ML368913a-PA	Hsap_ENSP00000356198	1.0	S	0.0
Mlei_ML368913a-PA	Drer_ENSDARP00000138333	1.0	S	0.0
Mlei_ML368913a-PA	Mmus_ENSMUSP00000029510	1.0	S	0.0
Mlei_ML368913a-PA	Nvec_EDO49743	1.0	S	0.0
Mlei_ML368913a-PA	Mmus_ENSMUSP00000080717	1.0	S	0.0
Mlei_ML368913a-PA	Galgal_ENSGALP00000069949	1.0	S	0.0
Mlei_ML368913a-PA	Mondom_ENSMODP00000001267	1.0	S	0.0
Mlei_ML368913a-PA	Canfam_ENSCAFP00000058655	1.0	S	0.0
Mlei_ML368913a-PA	Drer_ENSDARP00000148464	1.0	S	0.0
Mlei_ML368913a-PA	Hsap_ENSP00000437082	1.0	S	0.0
Mlei_ML368913a-PA	Mondom_ENSMODP00000001739	1.0	S	0.0
Mlei_ML368913a-PA	Galgal_ENSGALP00000066799	1.0	S	0.0
Mlei_ML368913a-PA	Canfam_ENSCAFP00000032028	1.0	S	0.0
Mlei_ML368913a-PA	Drer_ENSDARP00000134903	1.0	S	0.0
Mlei_ML368913a-PA	Nvec_EDO40445	1.0	S	0.0
Mlei_ML368913a-PA	Ratnor_ENSRNOP00000073705	1.0	S	0.0
Mlei_ML368913a-PA	Mmus_ENSMUSP00000053923	1.0	S	0.0
Mlei_ML368913a-PA	Mmus_ENSMUSP00000080851	1.0	S	0.0
Mlei_ML368913a-PA	Hsap_ENSP00000255409	1.0	S	0.0
Mlei_ML368913a-PA	Tetnig_ENSTNIP00000000910	1.0	S	0.0
Mlei_ML368913a-PA	Canfam_ENSCAFP00000020233	1.0	S	0.0
Mlei_ML368913a-PA	Pantro_ENSPTRP00000001896	1.0	S	0.0
Mlei_ML368913a-PA	Hsap_ENSP00000358747	1.0	S	0.0
Mlei_ML368913a-PA	Mondom_ENSMODP00000001804	1.0	S	0.0
Mlei_ML368913a-PA	Hsap_ENSP00000358755	1.0	S	0.0
Mlei_ML368913a-PA	Pantro_ENSPTRP00000003133	1.0	S	0.0
Mlei_ML368913a-PA	Bralan_BL96483_cuf4	1.0	S	0.0
Mlei_ML368913a-PA	Mmus_ENSMUSP00000123979	1.0	S	0.0
Mlei_ML368913a-PA	Galgal_ENSGALP00000058001	1.0	S	0.0
Mlei_ML368913a-PA	Drer_ENSDARP00000102083	1.0	S	0.0
Mlei_ML368913a-PA	Drer_ENSDARP00000135566	1.0	S	0.0
Mlei_ML368913a-PA	Mondom_ENSMODP00000047764	1.0	S	0.0
Mlei_ML368913a-PA	Pantro_ENSPTRP00000063859	1.0	S	0.0
Mlei_ML368913a-PA	Nvec_EDO43261	1.0	S	0.0
Mlei_ML368913a-PA	Mondom_ENSMODP00000040149	1.0	S	0.0
Mlei_ML368913a-PA	Ratnor_ENSRNOP00000074871	1.0	S	0.0
Mlei_ML368913a-PA	Tetnig_ENSTNIP00000001773	1.0	S	0.0
Mlei_ML368913a-PA	Pantro_ENSPTRP00000081197	1.0	S	0.0
Mlei_ML368913a-PA	Bralan_BL19132_evm1	1.0	S	0.0
Mlei_ML368913a-PA	Mondom_ENSMODP00000035744	1.0	S	0.0
Mlei_ML368913a-PA	Mmus_ENSMUSP00000142477	1.0	S	0.0
Mlei_ML368913a-PA	Bralan_BL15426_cuf14	1.0	S	0.0
Mlei_ML368913a-PA	Drer_ENSDARP00000095389	1.0	S	0.0
Mlei_ML368913a-PA	Cint_ENSCINP00000028628	1.0	S	0.0
Mlei_ML368913a-PA	Drer_ENSDARP00000005298	1.0	S	0.0
Mlei_ML368913a-PA	Ratnor_ENSRNOP00000052813	1.0	S	0.0
Mlei_ML368913a-PA	Pantro_ENSPTRP00000041993	1.0	S	0.0
Mlei_ML368913a-PA	Nvec_EDO40446	1.0	S	0.0
Mlei_ML368913a-PA	Tetnig_ENSTNIP00000003161	1.0	S	0.0
Mlei_ML368913a-PA	Ratnor_ENSRNOP00000070204	1.0	S	0.0
Mlei_ML368913a-PA	Mondom_ENSMODP00000043631	1.0	S	0.0
Mlei_ML368913a-PA	Pantro_ENSPTRP00000088271	1.0	S	0.0
Mlei_ML368913a-PA	Mondom_ENSMODP00000001616	1.0	S	0.0
Mlei_ML368913a-PA	Ratnor_ENSRNOP00000052819	1.0	S	0.0
Mlei_ML368913a-PA	Bralan_BL95784_evm1	1.0	S	0.0
Mlei_ML368913a-PA	Mmus_ENSMUSP00000000573	1.0	S	0.0
Mlei_ML368913a-PA	Bralan_BL52614_cuf2	1.0	S	0.0
Mlei_ML368913a-PA	Mmus_ENSMUSP00000078134	1.0	S	0.0
Mlei_ML368913a-PA	Nvec_EDO49627	1.0	S	0.0
Dmel_FBpp0085849	Hsap_ENSP00000356198	1.0	S	0.0
Dmel_FBpp0085849	Drer_ENSDARP00000138333	1.0	S	0.0
Dmel_FBpp0085849	Mmus_ENSMUSP00000029510	1.0	S	0.0
Dmel_FBpp0085849	Nvec_EDO49743	1.0	S	0.0
Dmel_FBpp0085849	Mmus_ENSMUSP00000080717	1.0	S	0.0
Dmel_FBpp0085849	Galgal_ENSGALP00000069949	1.0	S	0.0
Dmel_FBpp0085849	Mondom_ENSMODP00000001267	1.0	S	0.0
Dmel_FBpp0085849	Canfam_ENSCAFP00000058655	1.0	S	0.0
Dmel_FBpp0085849	Drer_ENSDARP00000148464	1.0	S	0.0
Dmel_FBpp0085849	Hsap_ENSP00000437082	1.0	S	0.0
Dmel_FBpp0085849	Mondom_ENSMODP00000001739	1.0	S	0.0
Dmel_FBpp0085849	Galgal_ENSGALP00000066799	1.0	S	0.0
Dmel_FBpp0085849	Canfam_ENSCAFP00000032028	1.0	S	0.0
Dmel_FBpp0085849	Drer_ENSDARP00000134903	1.0	S	0.0
Dmel_FBpp0085849	Nvec_EDO40445	1.0	S	0.0
Dmel_FBpp0085849	Ratnor_ENSRNOP00000073705	1.0	S	0.0
Dmel_FBpp0085849	Mmus_ENSMUSP00000053923	1.0	S	0.0
Dmel_FBpp0085849	Mmus_ENSMUSP00000080851	1.0	S	0.0
Dmel_FBpp0085849	Hsap_ENSP00000255409	1.0	S	0.0
Dmel_FBpp0085849	Tetnig_ENSTNIP00000000910	1.0	S	0.0
Dmel_FBpp0085849	Canfam_ENSCAFP00000020233	1.0	S	0.0
Dmel_FBpp0085849	Pantro_ENSPTRP00000001896	1.0	S	0.0
Dmel_FBpp0085849	Hsap_ENSP00000358747	1.0	S	0.0
Dmel_FBpp0085849	Mondom_ENSMODP00000001804	1.0	S	0.0
Dmel_FBpp0085849	Hsap_ENSP00000358755	1.0	S	0.0
Dmel_FBpp0085849	Pantro_ENSPTRP00000003133	1.0	S	0.0
Dmel_FBpp0085849	Bralan_BL96483_cuf4	1.0	S	0.0
Dmel_FBpp0085849	Mmus_ENSMUSP00000123979	1.0	S	0.0
Dmel_FBpp0085849	Galgal_ENSGALP00000058001	1.0	S	0.0
Dmel_FBpp0085849	Drer_ENSDARP00000102083	1.0	S	0.0
Dmel_FBpp0085849	Drer_ENSDARP00000135566	1.0	S	0.0
Dmel_FBpp0085849	Mondom_ENSMODP00000047764	1.0	S	0.0
Dmel_FBpp0085849	Pantro_ENSPTRP00000063859	1.0	S	0.0
Dmel_FBpp0085849	Nvec_EDO43261	1.0	S	0.0
Dmel_FBpp0085849	Mondom_ENSMODP00000040149	1.0	S	0.0
Dmel_FBpp0085849	Ratnor_ENSRNOP00000074871	1.0	S	0.0
Dmel_FBpp0085849	Tetnig_ENSTNIP00000001773	1.0	S	0.0
Dmel_FBpp0085849	Pantro_ENSPTRP00000081197	1.0	S	0.0
Dmel_FBpp0085849	Bralan_BL19132_evm1	1.0	S	0.0
Dmel_FBpp0085849	Mondom_ENSMODP00000035744	1.0	S	0.0
Dmel_FBpp0085849	Mmus_ENSMUSP00000142477	1.0	S	0.0
Dmel_FBpp0085849	Bralan_BL15426_cuf14	1.0	S	0.0
Dmel_FBpp0085849	Drer_ENSDARP00000095389	1.0	S	0.0
Dmel_FBpp0085849	Cint_ENSCINP00000028628	1.0	S	0.0
Dmel_FBpp0085849	Drer_ENSDARP00000005298	1.0	S	0.0
Dmel_FBpp0085849	Ratnor_ENSRNOP00000052813	1.0	S	0.0
Dmel_FBpp0085849	Pantro_ENSPTRP00000041993	1.0	S	0.0
Dmel_FBpp0085849	Nvec_EDO40446	1.0	S	0.0
Dmel_FBpp0085849	Tetnig_ENSTNIP00000003161	1.0	S	0.0
Dmel_FBpp0085849	Ratnor_ENSRNOP00000070204	1.0	S	0.0
Dmel_FBpp0085849	Mondom_ENSMODP00000043631	1.0	S	0.0
Dmel_FBpp0085849	Pantro_ENSPTRP00000088271	1.0	S	0.0
Dmel_FBpp0085849	Mondom_ENSMODP00000001616	1.0	S	0.0
Dmel_FBpp0085849	Ratnor_ENSRNOP00000052819	1.0	S	0.0
Dmel_FBpp0085849	Bralan_BL95784_evm1	1.0	S	0.0
Dmel_FBpp0085849	Mmus_ENSMUSP00000000573	1.0	S	0.0
Dmel_FBpp0085849	Bralan_BL52614_cuf2	1.0	S	0.0
Dmel_FBpp0085849	Mmus_ENSMUSP00000078134	1.0	S	0.0
Dmel_FBpp0085849	Nvec_EDO49627	1.0	S	0.0
Cele_WBGene00016665.1	Hsap_ENSP00000356198	1.0	S	0.0
Cele_WBGene00016665.1	Drer_ENSDARP00000138333	1.0	S	0.0
Cele_WBGene00016665.1	Mmus_ENSMUSP00000029510	1.0	S	0.0
Cele_WBGene00016665.1	Nvec_EDO49743	1.0	S	0.0
Cele_WBGene00016665.1	Mmus_ENSMUSP00000080717	1.0	S	0.0
Cele_WBGene00016665.1	Galgal_ENSGALP00000069949	1.0	S	0.0
Cele_WBGene00016665.1	Mondom_ENSMODP00000001267	1.0	S	0.0
Cele_WBGene00016665.1	Canfam_ENSCAFP00000058655	1.0	S	0.0
Cele_WBGene00016665.1	Drer_ENSDARP00000148464	1.0	S	0.0
Cele_WBGene00016665.1	Hsap_ENSP00000437082	1.0	S	0.0
Cele_WBGene00016665.1	Mondom_ENSMODP00000001739	1.0	S	0.0
Cele_WBGene00016665.1	Galgal_ENSGALP00000066799	1.0	S	0.0
Cele_WBGene00016665.1	Canfam_ENSCAFP00000032028	1.0	S	0.0
Cele_WBGene00016665.1	Drer_ENSDARP00000134903	1.0	S	0.0
Cele_WBGene00016665.1	Nvec_EDO40445	1.0	S	0.0
Cele_WBGene00016665.1	Ratnor_ENSRNOP00000073705	1.0	S	0.0
Cele_WBGene00016665.1	Mmus_ENSMUSP00000053923	1.0	S	0.0
Cele_WBGene00016665.1	Mmus_ENSMUSP00000080851	1.0	S	0.0
Cele_WBGene00016665.1	Hsap_ENSP00000255409	1.0	S	0.0
Cele_WBGene00016665.1	Tetnig_ENSTNIP00000000910	1.0	S	0.0
Cele_WBGene00016665.1	Canfam_ENSCAFP00000020233	1.0	S	0.0
Cele_WBGene00016665.1	Pantro_ENSPTRP00000001896	1.0	S	0.0
Cele_WBGene00016665.1	Hsap_ENSP00000358747	1.0	S	0.0
Cele_WBGene00016665.1	Mondom_ENSMODP00000001804	1.0	S	0.0
Cele_WBGene00016665.1	Hsap_ENSP00000358755	1.0	S	0.0
Cele_WBGene00016665.1	Pantro_ENSPTRP00000003133	1.0	S	0.0
Cele_WBGene00016665.1	Bralan_BL96483_cuf4	1.0	S	0.0
Cele_WBGene00016665.1	Mmus_ENSMUSP00000123979	1.0	S	0.0
Cele_WBGene00016665.1	Galgal_ENSGALP00000058001	1.0	S	0.0
Cele_WBGene00016665.1	Drer_ENSDARP00000102083	1.0	S	0.0
Cele_WBGene00016665.1	Drer_ENSDARP00000135566	1.0	S	0.0
Cele_WBGene00016665.1	Mondom_ENSMODP00000047764	1.0	S	0.0
Cele_WBGene00016665.1	Pantro_ENSPTRP00000063859	1.0	S	0.0
Cele_WBGene00016665.1	Nvec_EDO43261	1.0	S	0.0
Cele_WBGene00016665.1	Mondom_ENSMODP00000040149	1.0	S	0.0
Cele_WBGene00016665.1	Ratnor_ENSRNOP00000074871	1.0	S	0.0
Cele_WBGene00016665.1	Tetnig_ENSTNIP00000001773	1.0	S	0.0
Cele_WBGene00016665.1	Pantro_ENSPTRP00000081197	1.0	S	0.0
Cele_WBGene00016665.1	Bralan_BL19132_evm1	1.0	S	0.0
Cele_WBGene00016665.1	Mondom_ENSMODP00000035744	1.0	S	0.0
Cele_WBGene00016665.1	Mmus_ENSMUSP00000142477	1.0	S	0.0
Cele_WBGene00016665.1	Bralan_BL15426_cuf14	1.0	S	0.0
Cele_WBGene00016665.1	Drer_ENSDARP00000095389	1.0	S	0.0
Cele_WBGene00016665.1	Cint_ENSCINP00000028628	1.0	S	0.0
Cele_WBGene00016665.1	Drer_ENSDARP00000005298	1.0	S	0.0
Cele_WBGene00016665.1	Ratnor_ENSRNOP00000052813	1.0	S	0.0
Cele_WBGene00016665.1	Pantro_ENSPTRP00000041993	1.0	S	0.0
Cele_WBGene00016665.1	Nvec_EDO40446	1.0	S	0.0
Cele_WBGene00016665.1	Tetnig_ENSTNIP00000003161	1.0	S	0.0
Cele_WBGene00016665.1	Ratnor_ENSRNOP00000070204	1.0	S	0.0
Cele_WBGene00016665.1	Mondom_ENSMODP00000043631	1.0	S	0.0
Cele_WBGene00016665.1	Pantro_ENSPTRP00000088271	1.0	S	0.0
Cele_WBGene00016665.1	Mondom_ENSMODP00000001616	1.0	S	0.0
Cele_WBGene00016665.1	Ratnor_ENSRNOP00000052819	1.0	S	0.0
Cele_WBGene00016665.1	Bralan_BL95784_evm1	1.0	S	0.0
Cele_WBGene00016665.1	Mmus_ENSMUSP00000000573	1.0	S	0.0
Cele_WBGene00016665.1	Bralan_BL52614_cuf2	1.0	S	0.0
Cele_WBGene00016665.1	Mmus_ENSMUSP00000078134	1.0	S	0.0
Cele_WBGene00016665.1	Nvec_EDO49627	1.0	S	0.0
Cele_WBGene00010799.1	Hsap_ENSP00000356198	1.0	S	0.0
Cele_WBGene00010799.1	Drer_ENSDARP00000138333	1.0	S	0.0
Cele_WBGene00010799.1	Mmus_ENSMUSP00000029510	1.0	S	0.0
Cele_WBGene00010799.1	Nvec_EDO49743	1.0	S	0.0
Cele_WBGene00010799.1	Mmus_ENSMUSP00000080717	1.0	S	0.0
Cele_WBGene00010799.1	Galgal_ENSGALP00000069949	1.0	S	0.0
Cele_WBGene00010799.1	Mondom_ENSMODP00000001267	1.0	S	0.0
Cele_WBGene00010799.1	Canfam_ENSCAFP00000058655	1.0	S	0.0
Cele_WBGene00010799.1	Drer_ENSDARP00000148464	1.0	S	0.0
Cele_WBGene00010799.1	Hsap_ENSP00000437082	1.0	S	0.0
Cele_WBGene00010799.1	Mondom_ENSMODP00000001739	1.0	S	0.0
Cele_WBGene00010799.1	Galgal_ENSGALP00000066799	1.0	S	0.0
Cele_WBGene00010799.1	Canfam_ENSCAFP00000032028	1.0	S	0.0
Cele_WBGene00010799.1	Drer_ENSDARP00000134903	1.0	S	0.0
Cele_WBGene00010799.1	Nvec_EDO40445	1.0	S	0.0
Cele_WBGene00010799.1	Ratnor_ENSRNOP00000073705	1.0	S	0.0
Cele_WBGene00010799.1	Mmus_ENSMUSP00000053923	1.0	S	0.0
Cele_WBGene00010799.1	Mmus_ENSMUSP00000080851	1.0	S	0.0
Cele_WBGene00010799.1	Hsap_ENSP00000255409	1.0	S	0.0
Cele_WBGene00010799.1	Tetnig_ENSTNIP00000000910	1.0	S	0.0
Cele_WBGene00010799.1	Canfam_ENSCAFP00000020233	1.0	S	0.0
Cele_WBGene00010799.1	Pantro_ENSPTRP00000001896	1.0	S	0.0
Cele_WBGene00010799.1	Hsap_ENSP00000358747	1.0	S	0.0
Cele_WBGene00010799.1	Mondom_ENSMODP00000001804	1.0	S	0.0
Cele_WBGene00010799.1	Hsap_ENSP00000358755	1.0	S	0.0
Cele_WBGene00010799.1	Pantro_ENSPTRP00000003133	1.0	S	0.0
Cele_WBGene00010799.1	Bralan_BL96483_cuf4	1.0	S	0.0
Cele_WBGene00010799.1	Mmus_ENSMUSP00000123979	1.0	S	0.0
Cele_WBGene00010799.1	Galgal_ENSGALP00000058001	1.0	S	0.0
Cele_WBGene00010799.1	Drer_ENSDARP00000102083	1.0	S	0.0
Cele_WBGene00010799.1	Drer_ENSDARP00000135566	1.0	S	0.0
Cele_WBGene00010799.1	Mondom_ENSMODP00000047764	1.0	S	0.0
Cele_WBGene00010799.1	Pantro_ENSPTRP00000063859	1.0	S	0.0
Cele_WBGene00010799.1	Nvec_EDO43261	1.0	S	0.0
Cele_WBGene00010799.1	Mondom_ENSMODP00000040149	1.0	S	0.0
Cele_WBGene00010799.1	Ratnor_ENSRNOP00000074871	1.0	S	0.0
Cele_WBGene00010799.1	Tetnig_ENSTNIP00000001773	1.0	S	0.0
Cele_WBGene00010799.1	Pantro_ENSPTRP00000081197	1.0	S	0.0
Cele_WBGene00010799.1	Bralan_BL19132_evm1	1.0	S	0.0
Cele_WBGene00010799.1	Mondom_ENSMODP00000035744	1.0	S	0.0
Cele_WBGene00010799.1	Mmus_ENSMUSP00000142477	1.0	S	0.0
Cele_WBGene00010799.1	Bralan_BL15426_cuf14	1.0	S	0.0
Cele_WBGene00010799.1	Drer_ENSDARP00000095389	1.0	S	0.0
Cele_WBGene00010799.1	Cint_ENSCINP00000028628	1.0	S	0.0
Cele_WBGene00010799.1	Drer_ENSDARP00000005298	1.0	S	0.0
Cele_WBGene00010799.1	Ratnor_ENSRNOP00000052813	1.0	S	0.0
Cele_WBGene00010799.1	Pantro_ENSPTRP00000041993	1.0	S	0.0
Cele_WBGene00010799.1	Nvec_EDO40446	1.0	S	0.0
Cele_WBGene00010799.1	Tetnig_ENSTNIP00000003161	1.0	S	0.0
Cele_WBGene00010799.1	Ratnor_ENSRNOP00000070204	1.0	S	0.0
Cele_WBGene00010799.1	Mondom_ENSMODP00000043631	1.0	S	0.0
Cele_WBGene00010799.1	Pantro_ENSPTRP00000088271	1.0	S	0.0
Cele_WBGene00010799.1	Mondom_ENSMODP00000001616	1.0	S	0.0
Cele_WBGene00010799.1	Ratnor_ENSRNOP00000052819	1.0	S	0.0
Cele_WBGene00010799.1	Bralan_BL95784_evm1	1.0	S	0.0
Cele_WBGene00010799.1	Mmus_ENSMUSP00000000573	1.0	S	0.0
Cele_WBGene00010799.1	Bralan_BL52614_cuf2	1.0	S	0.0
Cele_WBGene00010799.1	Mmus_ENSMUSP00000078134	1.0	S	0.0
Cele_WBGene00010799.1	Nvec_EDO49627	1.0	S	0.0
Dmel_FBpp0072985	Hsap_ENSP00000356198	1.0	S	0.0
Dmel_FBpp0072985	Drer_ENSDARP00000138333	1.0	S	0.0
Dmel_FBpp0072985	Mmus_ENSMUSP00000029510	1.0	S	0.0
Dmel_FBpp0072985	Nvec_EDO49743	1.0	S	0.0
Dmel_FBpp0072985	Mmus_ENSMUSP00000080717	1.0	S	0.0
Dmel_FBpp0072985	Galgal_ENSGALP00000069949	1.0	S	0.0
Dmel_FBpp0072985	Mondom_ENSMODP00000001267	1.0	S	0.0
Dmel_FBpp0072985	Canfam_ENSCAFP00000058655	1.0	S	0.0
Dmel_FBpp0072985	Drer_ENSDARP00000148464	1.0	S	0.0
Dmel_FBpp0072985	Hsap_ENSP00000437082	1.0	S	0.0
Dmel_FBpp0072985	Mondom_ENSMODP00000001739	1.0	S	0.0
Dmel_FBpp0072985	Galgal_ENSGALP00000066799	1.0	S	0.0
Dmel_FBpp0072985	Canfam_ENSCAFP00000032028	1.0	S	0.0
Dmel_FBpp0072985	Drer_ENSDARP00000134903	1.0	S	0.0
Dmel_FBpp0072985	Nvec_EDO40445	1.0	S	0.0
Dmel_FBpp0072985	Ratnor_ENSRNOP00000073705	1.0	S	0.0
Dmel_FBpp0072985	Mmus_ENSMUSP00000053923	1.0	S	0.0
Dmel_FBpp0072985	Mmus_ENSMUSP00000080851	1.0	S	0.0
Dmel_FBpp0072985	Hsap_ENSP00000255409	1.0	S	0.0
Dmel_FBpp0072985	Tetnig_ENSTNIP00000000910	1.0	S	0.0
Dmel_FBpp0072985	Canfam_ENSCAFP00000020233	1.0	S	0.0
Dmel_FBpp0072985	Pantro_ENSPTRP00000001896	1.0	S	0.0
Dmel_FBpp0072985	Hsap_ENSP00000358747	1.0	S	0.0
Dmel_FBpp0072985	Mondom_ENSMODP00000001804	1.0	S	0.0
Dmel_FBpp0072985	Hsap_ENSP00000358755	1.0	S	0.0
Dmel_FBpp0072985	Pantro_ENSPTRP00000003133	1.0	S	0.0
Dmel_FBpp0072985	Bralan_BL96483_cuf4	1.0	S	0.0
Dmel_FBpp0072985	Mmus_ENSMUSP00000123979	1.0	S	0.0
Dmel_FBpp0072985	Galgal_ENSGALP00000058001	1.0	S	0.0
Dmel_FBpp0072985	Drer_ENSDARP00000102083	1.0	S	0.0
Dmel_FBpp0072985	Drer_ENSDARP00000135566	1.0	S	0.0
Dmel_FBpp0072985	Mondom_ENSMODP00000047764	1.0	S	0.0
Dmel_FBpp0072985	Pantro_ENSPTRP00000063859	1.0	S	0.0
Dmel_FBpp0072985	Nvec_EDO43261	1.0	S	0.0
Dmel_FBpp0072985	Mondom_ENSMODP00000040149	1.0	S	0.0
Dmel_FBpp0072985	Ratnor_ENSRNOP00000074871	1.0	S	0.0
Dmel_FBpp0072985	Tetnig_ENSTNIP00000001773	1.0	S	0.0
Dmel_FBpp0072985	Pantro_ENSPTRP00000081197	1.0	S	0.0
Dmel_FBpp0072985	Bralan_BL19132_evm1	1.0	S	0.0
Dmel_FBpp0072985	Mondom_ENSMODP00000035744	1.0	S	0.0
Dmel_FBpp0072985	Mmus_ENSMUSP00000142477	1.0	S	0.0
Dmel_FBpp0072985	Bralan_BL15426_cuf14	1.0	S	0.0
Dmel_FBpp0072985	Drer_ENSDARP00000095389	1.0	S	0.0
Dmel_FBpp0072985	Cint_ENSCINP00000028628	1.0	S	0.0
Dmel_FBpp0072985	Drer_ENSDARP00000005298	1.0	S	0.0
Dmel_FBpp0072985	Ratnor_ENSRNOP00000052813	1.0	S	0.0
Dmel_FBpp0072985	Pantro_ENSPTRP00000041993	1.0	S	0.0
Dmel_FBpp0072985	Nvec_EDO40446	1.0	S	0.0
Dmel_FBpp0072985	Tetnig_ENSTNIP00000003161	1.0	S	0.0
Dmel_FBpp0072985	Ratnor_ENSRNOP00000070204	1.0	S	0.0
Dmel_FBpp0072985	Mondom_ENSMODP00000043631	1.0	S	0.0
Dmel_FBpp0072985	Pantro_ENSPTRP00000088271	1.0	S	0.0
Dmel_FBpp0072985	Mondom_ENSMODP00000001616	1.0	S	0.0
Dmel_FBpp0072985	Ratnor_ENSRNOP00000052819	1.0	S	0.0
Dmel_FBpp0072985	Bralan_BL95784_evm1	1.0	S	0.0
Dmel_FBpp0072985	Mmus_ENSMUSP00000000573	1.0	S	0.0
Dmel_FBpp0072985	Bralan_BL52614_cuf2	1.0	S	0.0
Dmel_FBpp0072985	Mmus_ENSMUSP00000078134	1.0	S	0.0
Dmel_FBpp0072985	Nvec_EDO49627	1.0	S	0.0
Dmel_FBpp0071473	Hsap_ENSP00000356198	1.0	S	0.0
Dmel_FBpp0071473	Drer_ENSDARP00000138333	1.0	S	0.0
Dmel_FBpp0071473	Mmus_ENSMUSP00000029510	1.0	S	0.0
Dmel_FBpp0071473	Nvec_EDO49743	1.0	S	0.0
Dmel_FBpp0071473	Mmus_ENSMUSP00000080717	1.0	S	0.0
Dmel_FBpp0071473	Galgal_ENSGALP00000069949	1.0	S	0.0
Dmel_FBpp0071473	Mondom_ENSMODP00000001267	1.0	S	0.0
Dmel_FBpp0071473	Canfam_ENSCAFP00000058655	1.0	S	0.0
Dmel_FBpp0071473	Drer_ENSDARP00000148464	1.0	S	0.0
Dmel_FBpp0071473	Hsap_ENSP00000437082	1.0	S	0.0
Dmel_FBpp0071473	Mondom_ENSMODP00000001739	1.0	S	0.0
Dmel_FBpp0071473	Galgal_ENSGALP00000066799	1.0	S	0.0
Dmel_FBpp0071473	Canfam_ENSCAFP00000032028	1.0	S	0.0
Dmel_FBpp0071473	Drer_ENSDARP00000134903	1.0	S	0.0
Dmel_FBpp0071473	Nvec_EDO40445	1.0	S	0.0
Dmel_FBpp0071473	Ratnor_ENSRNOP00000073705	1.0	S	0.0
Dmel_FBpp0071473	Mmus_ENSMUSP00000053923	1.0	S	0.0
Dmel_FBpp0071473	Mmus_ENSMUSP00000080851	1.0	S	0.0
Dmel_FBpp0071473	Hsap_ENSP00000255409	1.0	S	0.0
Dmel_FBpp0071473	Tetnig_ENSTNIP00000000910	1.0	S	0.0
Dmel_FBpp0071473	Canfam_ENSCAFP00000020233	1.0	S	0.0
Dmel_FBpp0071473	Pantro_ENSPTRP00000001896	1.0	S	0.0
Dmel_FBpp0071473	Hsap_ENSP00000358747	1.0	S	0.0
Dmel_FBpp0071473	Mondom_ENSMODP00000001804	1.0	S	0.0
Dmel_FBpp0071473	Hsap_ENSP00000358755	1.0	S	0.0
Dmel_FBpp0071473	Pantro_ENSPTRP00000003133	1.0	S	0.0
Dmel_FBpp0071473	Bralan_BL96483_cuf4	1.0	S	0.0
Dmel_FBpp0071473	Mmus_ENSMUSP00000123979	1.0	S	0.0
Dmel_FBpp0071473	Galgal_ENSGALP00000058001	1.0	S	0.0
Dmel_FBpp0071473	Drer_ENSDARP00000102083	1.0	S	0.0
Dmel_FBpp0071473	Drer_ENSDARP00000135566	1.0	S	0.0
Dmel_FBpp0071473	Mondom_ENSMODP00000047764	1.0	S	0.0
Dmel_FBpp0071473	Pantro_ENSPTRP00000063859	1.0	S	0.0
Dmel_FBpp0071473	Nvec_EDO43261	1.0	S	0.0
Dmel_FBpp0071473	Mondom_ENSMODP00000040149	1.0	S	0.0
Dmel_FBpp0071473	Ratnor_ENSRNOP00000074871	1.0	S	0.0
Dmel_FBpp0071473	Tetnig_ENSTNIP00000001773	1.0	S	0.0
Dmel_FBpp0071473	Pantro_ENSPTRP00000081197	1.0	S	0.0
Dmel_FBpp0071473	Bralan_BL19132_evm1	1.0	S	0.0
Dmel_FBpp0071473	Mondom_ENSMODP00000035744	1.0	S	0.0
Dmel_FBpp0071473	Mmus_ENSMUSP00000142477	1.0	S	0.0
Dmel_FBpp0071473	Bralan_BL15426_cuf14	1.0	S	0.0
Dmel_FBpp0071473	Drer_ENSDARP00000095389	1.0	S	0.0
Dmel_FBpp0071473	Cint_ENSCINP00000028628	1.0	S	0.0
Dmel_FBpp0071473	Drer_ENSDARP00000005298	1.0	S	0.0
Dmel_FBpp0071473	Ratnor_ENSRNOP00000052813	1.0	S	0.0
Dmel_FBpp0071473	Pantro_ENSPTRP00000041993	1.0	S	0.0
Dmel_FBpp0071473	Nvec_EDO40446	1.0	S	0.0
Dmel_FBpp0071473	Tetnig_ENSTNIP00000003161	1.0	S	0.0
Dmel_FBpp0071473	Ratnor_ENSRNOP00000070204	1.0	S	0.0
Dmel_FBpp0071473	Mondom_ENSMODP00000043631	1.0	S	0.0
Dmel_FBpp0071473	Pantro_ENSPTRP00000088271	1.0	S	0.0
Dmel_FBpp0071473	Mondom_ENSMODP00000001616	1.0	S	0.0
Dmel_FBpp0071473	Ratnor_ENSRNOP00000052819	1.0	S	0.0
Dmel_FBpp0071473	Bralan_BL95784_evm1	1.0	S	0.0
Dmel_FBpp0071473	Mmus_ENSMUSP00000000573	1.0	S	0.0
Dmel_FBpp0071473	Bralan_BL52614_cuf2	1.0	S	0.0
Dmel_FBpp0071473	Mmus_ENSMUSP00000078134	1.0	S	0.0
Dmel_FBpp0071473	Nvec_EDO49627	1.0	S	0.0
Dmel_FBpp0082294	Hsap_ENSP00000356198	1.0	S	0.0
Dmel_FBpp0082294	Drer_ENSDARP00000138333	1.0	S	0.0
Dmel_FBpp0082294	Mmus_ENSMUSP00000029510	1.0	S	0.0
Dmel_FBpp0082294	Nvec_EDO49743	1.0	S	0.0
Dmel_FBpp0082294	Mmus_ENSMUSP00000080717	1.0	S	0.0
Dmel_FBpp0082294	Galgal_ENSGALP00000069949	1.0	S	0.0
Dmel_FBpp0082294	Mondom_ENSMODP00000001267	1.0	S	0.0
Dmel_FBpp0082294	Canfam_ENSCAFP00000058655	1.0	S	0.0
Dmel_FBpp0082294	Drer_ENSDARP00000148464	1.0	S	0.0
Dmel_FBpp0082294	Hsap_ENSP00000437082	1.0	S	0.0
Dmel_FBpp0082294	Mondom_ENSMODP00000001739	1.0	S	0.0
Dmel_FBpp0082294	Galgal_ENSGALP00000066799	1.0	S	0.0
Dmel_FBpp0082294	Canfam_ENSCAFP00000032028	1.0	S	0.0
Dmel_FBpp0082294	Drer_ENSDARP00000134903	1.0	S	0.0
Dmel_FBpp0082294	Nvec_EDO40445	1.0	S	0.0
Dmel_FBpp0082294	Ratnor_ENSRNOP00000073705	1.0	S	0.0
Dmel_FBpp0082294	Mmus_ENSMUSP00000053923	1.0	S	0.0
Dmel_FBpp0082294	Mmus_ENSMUSP00000080851	1.0	S	0.0
Dmel_FBpp0082294	Hsap_ENSP00000255409	1.0	S	0.0
Dmel_FBpp0082294	Tetnig_ENSTNIP00000000910	1.0	S	0.0
Dmel_FBpp0082294	Canfam_ENSCAFP00000020233	1.0	S	0.0
Dmel_FBpp0082294	Pantro_ENSPTRP00000001896	1.0	S	0.0
Dmel_FBpp0082294	Hsap_ENSP00000358747	1.0	S	0.0
Dmel_FBpp0082294	Mondom_ENSMODP00000001804	1.0	S	0.0
Dmel_FBpp0082294	Hsap_ENSP00000358755	1.0	S	0.0
Dmel_FBpp0082294	Pantro_ENSPTRP00000003133	1.0	S	0.0
Dmel_FBpp0082294	Bralan_BL96483_cuf4	1.0	S	0.0
Dmel_FBpp0082294	Mmus_ENSMUSP00000123979	1.0	S	0.0
Dmel_FBpp0082294	Galgal_ENSGALP00000058001	1.0	S	0.0
Dmel_FBpp0082294	Drer_ENSDARP00000102083	1.0	S	0.0
Dmel_FBpp0082294	Drer_ENSDARP00000135566	1.0	S	0.0
Dmel_FBpp0082294	Mondom_ENSMODP00000047764	1.0	S	0.0
Dmel_FBpp0082294	Pantro_ENSPTRP00000063859	1.0	S	0.0
Dmel_FBpp0082294	Nvec_EDO43261	1.0	S	0.0
Dmel_FBpp0082294	Mondom_ENSMODP00000040149	1.0	S	0.0
Dmel_FBpp0082294	Ratnor_ENSRNOP00000074871	1.0	S	0.0
Dmel_FBpp0082294	Tetnig_ENSTNIP00000001773	1.0	S	0.0
Dmel_FBpp0082294	Pantro_ENSPTRP00000081197	1.0	S	0.0
Dmel_FBpp0082294	Bralan_BL19132_evm1	1.0	S	0.0
Dmel_FBpp0082294	Mondom_ENSMODP00000035744	1.0	S	0.0
Dmel_FBpp0082294	Mmus_ENSMUSP00000142477	1.0	S	0.0
Dmel_FBpp0082294	Bralan_BL15426_cuf14	1.0	S	0.0
Dmel_FBpp0082294	Drer_ENSDARP00000095389	1.0	S	0.0
Dmel_FBpp0082294	Cint_ENSCINP00000028628	1.0	S	0.0
Dmel_FBpp0082294	Drer_ENSDARP00000005298	1.0	S	0.0
Dmel_FBpp0082294	Ratnor_ENSRNOP00000052813	1.0	S	0.0
Dmel_FBpp0082294	Pantro_ENSPTRP00000041993	1.0	S	0.0
Dmel_FBpp0082294	Nvec_EDO40446	1.0	S	0.0
Dmel_FBpp0082294	Tetnig_ENSTNIP00000003161	1.0	S	0.0
Dmel_FBpp0082294	Ratnor_ENSRNOP00000070204	1.0	S	0.0
Dmel_FBpp0082294	Mondom_ENSMODP00000043631	1.0	S	0.0
Dmel_FBpp0082294	Pantro_ENSPTRP00000088271	1.0	S	0.0
Dmel_FBpp0082294	Mondom_ENSMODP00000001616	1.0	S	0.0
Dmel_FBpp0082294	Ratnor_ENSRNOP00000052819	1.0	S	0.0
Dmel_FBpp0082294	Bralan_BL95784_evm1	1.0	S	0.0
Dmel_FBpp0082294	Mmus_ENSMUSP00000000573	1.0	S	0.0
Dmel_FBpp0082294	Bralan_BL52614_cuf2	1.0	S	0.0
Dmel_FBpp0082294	Mmus_ENSMUSP00000078134	1.0	S	0.0
Dmel_FBpp0082294	Nvec_EDO49627	1.0	S	0.0
Cele_WBGene00011164.1	Hsap_ENSP00000356198	1.0	S	0.0
Cele_WBGene00011164.1	Drer_ENSDARP00000138333	1.0	S	0.0
Cele_WBGene00011164.1	Mmus_ENSMUSP00000029510	1.0	S	0.0
Cele_WBGene00011164.1	Nvec_EDO49743	1.0	S	0.0
Cele_WBGene00011164.1	Mmus_ENSMUSP00000080717	1.0	S	0.0
Cele_WBGene00011164.1	Galgal_ENSGALP00000069949	1.0	S	0.0
Cele_WBGene00011164.1	Mondom_ENSMODP00000001267	1.0	S	0.0
Cele_WBGene00011164.1	Canfam_ENSCAFP00000058655	1.0	S	0.0
Cele_WBGene00011164.1	Drer_ENSDARP00000148464	1.0	S	0.0
Cele_WBGene00011164.1	Hsap_ENSP00000437082	1.0	S	0.0
Cele_WBGene00011164.1	Mondom_ENSMODP00000001739	1.0	S	0.0
Cele_WBGene00011164.1	Galgal_ENSGALP00000066799	1.0	S	0.0
Cele_WBGene00011164.1	Canfam_ENSCAFP00000032028	1.0	S	0.0
Cele_WBGene00011164.1	Drer_ENSDARP00000134903	1.0	S	0.0
Cele_WBGene00011164.1	Nvec_EDO40445	1.0	S	0.0
Cele_WBGene00011164.1	Ratnor_ENSRNOP00000073705	1.0	S	0.0
Cele_WBGene00011164.1	Mmus_ENSMUSP00000053923	1.0	S	0.0
Cele_WBGene00011164.1	Mmus_ENSMUSP00000080851	1.0	S	0.0
Cele_WBGene00011164.1	Hsap_ENSP00000255409	1.0	S	0.0
Cele_WBGene00011164.1	Tetnig_ENSTNIP00000000910	1.0	S	0.0
Cele_WBGene00011164.1	Canfam_ENSCAFP00000020233	1.0	S	0.0
Cele_WBGene00011164.1	Pantro_ENSPTRP00000001896	1.0	S	0.0
Cele_WBGene00011164.1	Hsap_ENSP00000358747	1.0	S	0.0
Cele_WBGene00011164.1	Mondom_ENSMODP00000001804	1.0	S	0.0
Cele_WBGene00011164.1	Hsap_ENSP00000358755	1.0	S	0.0
Cele_WBGene00011164.1	Pantro_ENSPTRP00000003133	1.0	S	0.0
Cele_WBGene00011164.1	Bralan_BL96483_cuf4	1.0	S	0.0
Cele_WBGene00011164.1	Mmus_ENSMUSP00000123979	1.0	S	0.0
Cele_WBGene00011164.1	Galgal_ENSGALP00000058001	1.0	S	0.0
Cele_WBGene00011164.1	Drer_ENSDARP00000102083	1.0	S	0.0
Cele_WBGene00011164.1	Drer_ENSDARP00000135566	1.0	S	0.0
Cele_WBGene00011164.1	Mondom_ENSMODP00000047764	1.0	S	0.0
Cele_WBGene00011164.1	Pantro_ENSPTRP00000063859	1.0	S	0.0
Cele_WBGene00011164.1	Nvec_EDO43261	1.0	S	0.0
Cele_WBGene00011164.1	Mondom_ENSMODP00000040149	1.0	S	0.0
Cele_WBGene00011164.1	Ratnor_ENSRNOP00000074871	1.0	S	0.0
Cele_WBGene00011164.1	Tetnig_ENSTNIP00000001773	1.0	S	0.0
Cele_WBGene00011164.1	Pantro_ENSPTRP00000081197	1.0	S	0.0
Cele_WBGene00011164.1	Bralan_BL19132_evm1	1.0	S	0.0
Cele_WBGene00011164.1	Mondom_ENSMODP00000035744	1.0	S	0.0
Cele_WBGene00011164.1	Mmus_ENSMUSP00000142477	1.0	S	0.0
Cele_WBGene00011164.1	Bralan_BL15426_cuf14	1.0	S	0.0
Cele_WBGene00011164.1	Drer_ENSDARP00000095389	1.0	S	0.0
Cele_WBGene00011164.1	Cint_ENSCINP00000028628	1.0	S	0.0
Cele_WBGene00011164.1	Drer_ENSDARP00000005298	1.0	S	0.0
Cele_WBGene00011164.1	Ratnor_ENSRNOP00000052813	1.0	S	0.0
Cele_WBGene00011164.1	Pantro_ENSPTRP00000041993	1.0	S	0.0
Cele_WBGene00011164.1	Nvec_EDO40446	1.0	S	0.0
Cele_WBGene00011164.1	Tetnig_ENSTNIP00000003161	1.0	S	0.0
Cele_WBGene00011164.1	Ratnor_ENSRNOP00000070204	1.0	S	0.0
Cele_WBGene00011164.1	Mondom_ENSMODP00000043631	1.0	S	0.0
Cele_WBGene00011164.1	Pantro_ENSPTRP00000088271	1.0	S	0.0
Cele_WBGene00011164.1	Mondom_ENSMODP00000001616	1.0	S	0.0
Cele_WBGene00011164.1	Ratnor_ENSRNOP00000052819	1.0	S	0.0
Cele_WBGene00011164.1	Bralan_BL95784_evm1	1.0	S	0.0
Cele_WBGene00011164.1	Mmus_ENSMUSP00000000573	1.0	S	0.0
Cele_WBGene00011164.1	Bralan_BL52614_cuf2	1.0	S	0.0
Cele_WBGene00011164.1	Mmus_ENSMUSP00000078134	1.0	S	0.0
Cele_WBGene00011164.1	Nvec_EDO49627	1.0	S	0.0
Cele_WBGene00011158.1	Hsap_ENSP00000356198	1.0	S	0.0
Cele_WBGene00011158.1	Drer_ENSDARP00000138333	1.0	S	0.0
Cele_WBGene00011158.1	Mmus_ENSMUSP00000029510	1.0	S	0.0
Cele_WBGene00011158.1	Nvec_EDO49743	1.0	S	0.0
Cele_WBGene00011158.1	Mmus_ENSMUSP00000080717	1.0	S	0.0
Cele_WBGene00011158.1	Galgal_ENSGALP00000069949	1.0	S	0.0
Cele_WBGene00011158.1	Mondom_ENSMODP00000001267	1.0	S	0.0
Cele_WBGene00011158.1	Canfam_ENSCAFP00000058655	1.0	S	0.0
Cele_WBGene00011158.1	Drer_ENSDARP00000148464	1.0	S	0.0
Cele_WBGene00011158.1	Hsap_ENSP00000437082	1.0	S	0.0
Cele_WBGene00011158.1	Mondom_ENSMODP00000001739	1.0	S	0.0
Cele_WBGene00011158.1	Galgal_ENSGALP00000066799	1.0	S	0.0
Cele_WBGene00011158.1	Canfam_ENSCAFP00000032028	1.0	S	0.0
Cele_WBGene00011158.1	Drer_ENSDARP00000134903	1.0	S	0.0
Cele_WBGene00011158.1	Nvec_EDO40445	1.0	S	0.0
Cele_WBGene00011158.1	Ratnor_ENSRNOP00000073705	1.0	S	0.0
Cele_WBGene00011158.1	Mmus_ENSMUSP00000053923	1.0	S	0.0
Cele_WBGene00011158.1	Mmus_ENSMUSP00000080851	1.0	S	0.0
Cele_WBGene00011158.1	Hsap_ENSP00000255409	1.0	S	0.0
Cele_WBGene00011158.1	Tetnig_ENSTNIP00000000910	1.0	S	0.0
Cele_WBGene00011158.1	Canfam_ENSCAFP00000020233	1.0	S	0.0
Cele_WBGene00011158.1	Pantro_ENSPTRP00000001896	1.0	S	0.0
Cele_WBGene00011158.1	Hsap_ENSP00000358747	1.0	S	0.0
Cele_WBGene00011158.1	Mondom_ENSMODP00000001804	1.0	S	0.0
Cele_WBGene00011158.1	Hsap_ENSP00000358755	1.0	S	0.0
Cele_WBGene00011158.1	Pantro_ENSPTRP00000003133	1.0	S	0.0
Cele_WBGene00011158.1	Bralan_BL96483_cuf4	1.0	S	0.0
Cele_WBGene00011158.1	Mmus_ENSMUSP00000123979	1.0	S	0.0
Cele_WBGene00011158.1	Galgal_ENSGALP00000058001	1.0	S	0.0
Cele_WBGene00011158.1	Drer_ENSDARP00000102083	1.0	S	0.0
Cele_WBGene00011158.1	Drer_ENSDARP00000135566	1.0	S	0.0
Cele_WBGene00011158.1	Mondom_ENSMODP00000047764	1.0	S	0.0
Cele_WBGene00011158.1	Pantro_ENSPTRP00000063859	1.0	S	0.0
Cele_WBGene00011158.1	Nvec_EDO43261	1.0	S	0.0
Cele_WBGene00011158.1	Mondom_ENSMODP00000040149	1.0	S	0.0
Cele_WBGene00011158.1	Ratnor_ENSRNOP00000074871	1.0	S	0.0
Cele_WBGene00011158.1	Tetnig_ENSTNIP00000001773	1.0	S	0.0
Cele_WBGene00011158.1	Pantro_ENSPTRP00000081197	1.0	S	0.0
Cele_WBGene00011158.1	Bralan_BL19132_evm1	1.0	S	0.0
Cele_WBGene00011158.1	Mondom_ENSMODP00000035744	1.0	S	0.0
Cele_WBGene00011158.1	Mmus_ENSMUSP00000142477	1.0	S	0.0
Cele_WBGene00011158.1	Bralan_BL15426_cuf14	1.0	S	0.0
Cele_WBGene00011158.1	Drer_ENSDARP00000095389	1.0	S	0.0
Cele_WBGene00011158.1	Cint_ENSCINP00000028628	1.0	S	0.0
Cele_WBGene00011158.1	Drer_ENSDARP00000005298	1.0	S	0.0
Cele_WBGene00011158.1	Ratnor_ENSRNOP00000052813	1.0	S	0.0
Cele_WBGene00011158.1	Pantro_ENSPTRP00000041993	1.0	S	0.0
Cele_WBGene00011158.1	Nvec_EDO40446	1.0	S	0.0
Cele_WBGene00011158.1	Tetnig_ENSTNIP00000003161	1.0	S	0.0
Cele_WBGene00011158.1	Ratnor_ENSRNOP00000070204	1.0	S	0.0
Cele_WBGene00011158.1	Mondom_ENSMODP00000043631	1.0	S	0.0
Cele_WBGene00011158.1	Pantro_ENSPTRP00000088271	1.0	S	0.0
Cele_WBGene00011158.1	Mondom_ENSMODP00000001616	1.0	S	0.0
Cele_WBGene00011158.1	Ratnor_ENSRNOP00000052819	1.0	S	0.0
Cele_WBGene00011158.1	Bralan_BL95784_evm1	1.0	S	0.0
Cele_WBGene00011158.1	Mmus_ENSMUSP00000000573	1.0	S	0.0
Cele_WBGene00011158.1	Bralan_BL52614_cuf2	1.0	S	0.0
Cele_WBGene00011158.1	Mmus_ENSMUSP00000078134	1.0	S	0.0
Cele_WBGene00011158.1	Nvec_EDO49627	1.0	S	0.0
Dmel_FBpp0110419	Hsap_ENSP00000356198	1.0	S	0.0
Dmel_FBpp0110419	Drer_ENSDARP00000138333	1.0	S	0.0
Dmel_FBpp0110419	Mmus_ENSMUSP00000029510	1.0	S	0.0
Dmel_FBpp0110419	Nvec_EDO49743	1.0	S	0.0
Dmel_FBpp0110419	Mmus_ENSMUSP00000080717	1.0	S	0.0
Dmel_FBpp0110419	Galgal_ENSGALP00000069949	1.0	S	0.0
Dmel_FBpp0110419	Mondom_ENSMODP00000001267	1.0	S	0.0
Dmel_FBpp0110419	Canfam_ENSCAFP00000058655	1.0	S	0.0
Dmel_FBpp0110419	Drer_ENSDARP00000148464	1.0	S	0.0
Dmel_FBpp0110419	Hsap_ENSP00000437082	1.0	S	0.0
Dmel_FBpp0110419	Mondom_ENSMODP00000001739	1.0	S	0.0
Dmel_FBpp0110419	Galgal_ENSGALP00000066799	1.0	S	0.0
Dmel_FBpp0110419	Canfam_ENSCAFP00000032028	1.0	S	0.0
Dmel_FBpp0110419	Drer_ENSDARP00000134903	1.0	S	0.0
Dmel_FBpp0110419	Nvec_EDO40445	1.0	S	0.0
Dmel_FBpp0110419	Ratnor_ENSRNOP00000073705	1.0	S	0.0
Dmel_FBpp0110419	Mmus_ENSMUSP00000053923	1.0	S	0.0
Dmel_FBpp0110419	Mmus_ENSMUSP00000080851	1.0	S	0.0
Dmel_FBpp0110419	Hsap_ENSP00000255409	1.0	S	0.0
Dmel_FBpp0110419	Tetnig_ENSTNIP00000000910	1.0	S	0.0
Dmel_FBpp0110419	Canfam_ENSCAFP00000020233	1.0	S	0.0
Dmel_FBpp0110419	Pantro_ENSPTRP00000001896	1.0	S	0.0
Dmel_FBpp0110419	Hsap_ENSP00000358747	1.0	S	0.0
Dmel_FBpp0110419	Mondom_ENSMODP00000001804	1.0	S	0.0
Dmel_FBpp0110419	Hsap_ENSP00000358755	1.0	S	0.0
Dmel_FBpp0110419	Pantro_ENSPTRP00000003133	1.0	S	0.0
Dmel_FBpp0110419	Bralan_BL96483_cuf4	1.0	S	0.0
Dmel_FBpp0110419	Mmus_ENSMUSP00000123979	1.0	S	0.0
Dmel_FBpp0110419	Galgal_ENSGALP00000058001	1.0	S	0.0
Dmel_FBpp0110419	Drer_ENSDARP00000102083	1.0	S	0.0
Dmel_FBpp0110419	Drer_ENSDARP00000135566	1.0	S	0.0
Dmel_FBpp0110419	Mondom_ENSMODP00000047764	1.0	S	0.0
Dmel_FBpp0110419	Pantro_ENSPTRP00000063859	1.0	S	0.0
Dmel_FBpp0110419	Nvec_EDO43261	1.0	S	0.0
Dmel_FBpp0110419	Mondom_ENSMODP00000040149	1.0	S	0.0
Dmel_FBpp0110419	Ratnor_ENSRNOP00000074871	1.0	S	0.0
Dmel_FBpp0110419	Tetnig_ENSTNIP00000001773	1.0	S	0.0
Dmel_FBpp0110419	Pantro_ENSPTRP00000081197	1.0	S	0.0
Dmel_FBpp0110419	Bralan_BL19132_evm1	1.0	S	0.0
Dmel_FBpp0110419	Mondom_ENSMODP00000035744	1.0	S	0.0
Dmel_FBpp0110419	Mmus_ENSMUSP00000142477	1.0	S	0.0
Dmel_FBpp0110419	Bralan_BL15426_cuf14	1.0	S	0.0
Dmel_FBpp0110419	Drer_ENSDARP00000095389	1.0	S	0.0
Dmel_FBpp0110419	Cint_ENSCINP00000028628	1.0	S	0.0
Dmel_FBpp0110419	Drer_ENSDARP00000005298	1.0	S	0.0
Dmel_FBpp0110419	Ratnor_ENSRNOP00000052813	1.0	S	0.0
Dmel_FBpp0110419	Pantro_ENSPTRP00000041993	1.0	S	0.0
Dmel_FBpp0110419	Nvec_EDO40446	1.0	S	0.0
Dmel_FBpp0110419	Tetnig_ENSTNIP00000003161	1.0	S	0.0
Dmel_FBpp0110419	Ratnor_ENSRNOP00000070204	1.0	S	0.0
Dmel_FBpp0110419	Mondom_ENSMODP00000043631	1.0	S	0.0
Dmel_FBpp0110419	Pantro_ENSPTRP00000088271	1.0	S	0.0
Dmel_FBpp0110419	Mondom_ENSMODP00000001616	1.0	S	0.0
Dmel_FBpp0110419	Ratnor_ENSRNOP00000052819	1.0	S	0.0
Dmel_FBpp0110419	Bralan_BL95784_evm1	1.0	S	0.0
Dmel_FBpp0110419	Mmus_ENSMUSP00000000573	1.0	S	0.0
Dmel_FBpp0110419	Bralan_BL52614_cuf2	1.0	S	0.0
Dmel_FBpp0110419	Mmus_ENSMUSP00000078134	1.0	S	0.0
Dmel_FBpp0110419	Nvec_EDO49627	1.0	S	0.0
Cele_WBGene00020141.1	Hsap_ENSP00000356198	1.0	S	0.0
Cele_WBGene00020141.1	Drer_ENSDARP00000138333	1.0	S	0.0
Cele_WBGene00020141.1	Mmus_ENSMUSP00000029510	1.0	S	0.0
Cele_WBGene00020141.1	Nvec_EDO49743	1.0	S	0.0
Cele_WBGene00020141.1	Mmus_ENSMUSP00000080717	1.0	S	0.0
Cele_WBGene00020141.1	Galgal_ENSGALP00000069949	1.0	S	0.0
Cele_WBGene00020141.1	Mondom_ENSMODP00000001267	1.0	S	0.0
Cele_WBGene00020141.1	Canfam_ENSCAFP00000058655	1.0	S	0.0
Cele_WBGene00020141.1	Drer_ENSDARP00000148464	1.0	S	0.0
Cele_WBGene00020141.1	Hsap_ENSP00000437082	1.0	S	0.0
Cele_WBGene00020141.1	Mondom_ENSMODP00000001739	1.0	S	0.0
Cele_WBGene00020141.1	Galgal_ENSGALP00000066799	1.0	S	0.0
Cele_WBGene00020141.1	Canfam_ENSCAFP00000032028	1.0	S	0.0
Cele_WBGene00020141.1	Drer_ENSDARP00000134903	1.0	S	0.0
Cele_WBGene00020141.1	Nvec_EDO40445	1.0	S	0.0
Cele_WBGene00020141.1	Ratnor_ENSRNOP00000073705	1.0	S	0.0
Cele_WBGene00020141.1	Mmus_ENSMUSP00000053923	1.0	S	0.0
Cele_WBGene00020141.1	Mmus_ENSMUSP00000080851	1.0	S	0.0
Cele_WBGene00020141.1	Hsap_ENSP00000255409	1.0	S	0.0
Cele_WBGene00020141.1	Tetnig_ENSTNIP00000000910	1.0	S	0.0
Cele_WBGene00020141.1	Canfam_ENSCAFP00000020233	1.0	S	0.0
Cele_WBGene00020141.1	Pantro_ENSPTRP00000001896	1.0	S	0.0
Cele_WBGene00020141.1	Hsap_ENSP00000358747	1.0	S	0.0
Cele_WBGene00020141.1	Mondom_ENSMODP00000001804	1.0	S	0.0
Cele_WBGene00020141.1	Hsap_ENSP00000358755	1.0	S	0.0
Cele_WBGene00020141.1	Pantro_ENSPTRP00000003133	1.0	S	0.0
Cele_WBGene00020141.1	Bralan_BL96483_cuf4	1.0	S	0.0
Cele_WBGene00020141.1	Mmus_ENSMUSP00000123979	1.0	S	0.0
Cele_WBGene00020141.1	Galgal_ENSGALP00000058001	1.0	S	0.0
Cele_WBGene00020141.1	Drer_ENSDARP00000102083	1.0	S	0.0
Cele_WBGene00020141.1	Drer_ENSDARP00000135566	1.0	S	0.0
Cele_WBGene00020141.1	Mondom_ENSMODP00000047764	1.0	S	0.0
Cele_WBGene00020141.1	Pantro_ENSPTRP00000063859	1.0	S	0.0
Cele_WBGene00020141.1	Nvec_EDO43261	1.0	S	0.0
Cele_WBGene00020141.1	Mondom_ENSMODP00000040149	1.0	S	0.0
Cele_WBGene00020141.1	Ratnor_ENSRNOP00000074871	1.0	S	0.0
Cele_WBGene00020141.1	Tetnig_ENSTNIP00000001773	1.0	S	0.0
Cele_WBGene00020141.1	Pantro_ENSPTRP00000081197	1.0	S	0.0
Cele_WBGene00020141.1	Bralan_BL19132_evm1	1.0	S	0.0
Cele_WBGene00020141.1	Mondom_ENSMODP00000035744	1.0	S	0.0
Cele_WBGene00020141.1	Mmus_ENSMUSP00000142477	1.0	S	0.0
Cele_WBGene00020141.1	Bralan_BL15426_cuf14	1.0	S	0.0
Cele_WBGene00020141.1	Drer_ENSDARP00000095389	1.0	S	0.0
Cele_WBGene00020141.1	Cint_ENSCINP00000028628	1.0	S	0.0
Cele_WBGene00020141.1	Drer_ENSDARP00000005298	1.0	S	0.0
Cele_WBGene00020141.1	Ratnor_ENSRNOP00000052813	1.0	S	0.0
Cele_WBGene00020141.1	Pantro_ENSPTRP00000041993	1.0	S	0.0
Cele_WBGene00020141.1	Nvec_EDO40446	1.0	S	0.0
Cele_WBGene00020141.1	Tetnig_ENSTNIP00000003161	1.0	S	0.0
Cele_WBGene00020141.1	Ratnor_ENSRNOP00000070204	1.0	S	0.0
Cele_WBGene00020141.1	Mondom_ENSMODP00000043631	1.0	S	0.0
Cele_WBGene00020141.1	Pantro_ENSPTRP00000088271	1.0	S	0.0
Cele_WBGene00020141.1	Mondom_ENSMODP00000001616	1.0	S	0.0
Cele_WBGene00020141.1	Ratnor_ENSRNOP00000052819	1.0	S	0.0
Cele_WBGene00020141.1	Bralan_BL95784_evm1	1.0	S	0.0
Cele_WBGene00020141.1	Mmus_ENSMUSP00000000573	1.0	S	0.0
Cele_WBGene00020141.1	Bralan_BL52614_cuf2	1.0	S	0.0
Cele_WBGene00020141.1	Mmus_ENSMUSP00000078134	1.0	S	0.0
Cele_WBGene00020141.1	Nvec_EDO49627	1.0	S	0.0
Dmel_FBpp0080419	Hsap_ENSP00000356198	1.0	S	0.0
Dmel_FBpp0080419	Drer_ENSDARP00000138333	1.0	S	0.0
Dmel_FBpp0080419	Mmus_ENSMUSP00000029510	1.0	S	0.0
Dmel_FBpp0080419	Nvec_EDO49743	1.0	S	0.0
Dmel_FBpp0080419	Mmus_ENSMUSP00000080717	1.0	S	0.0
Dmel_FBpp0080419	Galgal_ENSGALP00000069949	1.0	S	0.0
Dmel_FBpp0080419	Mondom_ENSMODP00000001267	1.0	S	0.0
Dmel_FBpp0080419	Canfam_ENSCAFP00000058655	1.0	S	0.0
Dmel_FBpp0080419	Drer_ENSDARP00000148464	1.0	S	0.0
Dmel_FBpp0080419	Hsap_ENSP00000437082	1.0	S	0.0
Dmel_FBpp0080419	Mondom_ENSMODP00000001739	1.0	S	0.0
Dmel_FBpp0080419	Galgal_ENSGALP00000066799	1.0	S	0.0
Dmel_FBpp0080419	Canfam_ENSCAFP00000032028	1.0	S	0.0
Dmel_FBpp0080419	Drer_ENSDARP00000134903	1.0	S	0.0
Dmel_FBpp0080419	Nvec_EDO40445	1.0	S	0.0
Dmel_FBpp0080419	Ratnor_ENSRNOP00000073705	1.0	S	0.0
Dmel_FBpp0080419	Mmus_ENSMUSP00000053923	1.0	S	0.0
Dmel_FBpp0080419	Mmus_ENSMUSP00000080851	1.0	S	0.0
Dmel_FBpp0080419	Hsap_ENSP00000255409	1.0	S	0.0
Dmel_FBpp0080419	Tetnig_ENSTNIP00000000910	1.0	S	0.0
Dmel_FBpp0080419	Canfam_ENSCAFP00000020233	1.0	S	0.0
Dmel_FBpp0080419	Pantro_ENSPTRP00000001896	1.0	S	0.0
Dmel_FBpp0080419	Hsap_ENSP00000358747	1.0	S	0.0
Dmel_FBpp0080419	Mondom_ENSMODP00000001804	1.0	S	0.0
Dmel_FBpp0080419	Hsap_ENSP00000358755	1.0	S	0.0
Dmel_FBpp0080419	Pantro_ENSPTRP00000003133	1.0	S	0.0
Dmel_FBpp0080419	Bralan_BL96483_cuf4	1.0	S	0.0
Dmel_FBpp0080419	Mmus_ENSMUSP00000123979	1.0	S	0.0
Dmel_FBpp0080419	Galgal_ENSGALP00000058001	1.0	S	0.0
Dmel_FBpp0080419	Drer_ENSDARP00000102083	1.0	S	0.0
Dmel_FBpp0080419	Drer_ENSDARP00000135566	1.0	S	0.0
Dmel_FBpp0080419	Mondom_ENSMODP00000047764	1.0	S	0.0
Dmel_FBpp0080419	Pantro_ENSPTRP00000063859	1.0	S	0.0
Dmel_FBpp0080419	Nvec_EDO43261	1.0	S	0.0
Dmel_FBpp0080419	Mondom_ENSMODP00000040149	1.0	S	0.0
Dmel_FBpp0080419	Ratnor_ENSRNOP00000074871	1.0	S	0.0
Dmel_FBpp0080419	Tetnig_ENSTNIP00000001773	1.0	S	0.0
Dmel_FBpp0080419	Pantro_ENSPTRP00000081197	1.0	S	0.0
Dmel_FBpp0080419	Bralan_BL19132_evm1	1.0	S	0.0
Dmel_FBpp0080419	Mondom_ENSMODP00000035744	1.0	S	0.0
Dmel_FBpp0080419	Mmus_ENSMUSP00000142477	1.0	S	0.0
Dmel_FBpp0080419	Bralan_BL15426_cuf14	1.0	S	0.0
Dmel_FBpp0080419	Drer_ENSDARP00000095389	1.0	S	0.0
Dmel_FBpp0080419	Cint_ENSCINP00000028628	1.0	S	0.0
Dmel_FBpp0080419	Drer_ENSDARP00000005298	1.0	S	0.0
Dmel_FBpp0080419	Ratnor_ENSRNOP00000052813	1.0	S	0.0
Dmel_FBpp0080419	Pantro_ENSPTRP00000041993	1.0	S	0.0
Dmel_FBpp0080419	Nvec_EDO40446	1.0	S	0.0
Dmel_FBpp0080419	Tetnig_ENSTNIP00000003161	1.0	S	0.0
Dmel_FBpp0080419	Ratnor_ENSRNOP00000070204	1.0	S	0.0
Dmel_FBpp0080419	Mondom_ENSMODP00000043631	1.0	S	0.0
Dmel_FBpp0080419	Pantro_ENSPTRP00000088271	1.0	S	0.0
Dmel_FBpp0080419	Mondom_ENSMODP00000001616	1.0	S	0.0
Dmel_FBpp0080419	Ratnor_ENSRNOP00000052819	1.0	S	0.0
Dmel_FBpp0080419	Bralan_BL95784_evm1	1.0	S	0.0
Dmel_FBpp0080419	Mmus_ENSMUSP00000000573	1.0	S	0.0
Dmel_FBpp0080419	Bralan_BL52614_cuf2	1.0	S	0.0
Dmel_FBpp0080419	Mmus_ENSMUSP00000078134	1.0	S	0.0
Dmel_FBpp0080419	Nvec_EDO49627	1.0	S	0.0
Cele_WBGene00011846.1	Hsap_ENSP00000356198	1.0	S	0.0
Cele_WBGene00011846.1	Drer_ENSDARP00000138333	1.0	S	0.0
Cele_WBGene00011846.1	Mmus_ENSMUSP00000029510	1.0	S	0.0
Cele_WBGene00011846.1	Nvec_EDO49743	1.0	S	0.0
Cele_WBGene00011846.1	Mmus_ENSMUSP00000080717	1.0	S	0.0
Cele_WBGene00011846.1	Galgal_ENSGALP00000069949	1.0	S	0.0
Cele_WBGene00011846.1	Mondom_ENSMODP00000001267	1.0	S	0.0
Cele_WBGene00011846.1	Canfam_ENSCAFP00000058655	1.0	S	0.0
Cele_WBGene00011846.1	Drer_ENSDARP00000148464	1.0	S	0.0
Cele_WBGene00011846.1	Hsap_ENSP00000437082	1.0	S	0.0
Cele_WBGene00011846.1	Mondom_ENSMODP00000001739	1.0	S	0.0
Cele_WBGene00011846.1	Galgal_ENSGALP00000066799	1.0	S	0.0
Cele_WBGene00011846.1	Canfam_ENSCAFP00000032028	1.0	S	0.0
Cele_WBGene00011846.1	Drer_ENSDARP00000134903	1.0	S	0.0
Cele_WBGene00011846.1	Nvec_EDO40445	1.0	S	0.0
Cele_WBGene00011846.1	Ratnor_ENSRNOP00000073705	1.0	S	0.0
Cele_WBGene00011846.1	Mmus_ENSMUSP00000053923	1.0	S	0.0
Cele_WBGene00011846.1	Mmus_ENSMUSP00000080851	1.0	S	0.0
Cele_WBGene00011846.1	Hsap_ENSP00000255409	1.0	S	0.0
Cele_WBGene00011846.1	Tetnig_ENSTNIP00000000910	1.0	S	0.0
Cele_WBGene00011846.1	Canfam_ENSCAFP00000020233	1.0	S	0.0
Cele_WBGene00011846.1	Pantro_ENSPTRP00000001896	1.0	S	0.0
Cele_WBGene00011846.1	Hsap_ENSP00000358747	1.0	S	0.0
Cele_WBGene00011846.1	Mondom_ENSMODP00000001804	1.0	S	0.0
Cele_WBGene00011846.1	Hsap_ENSP00000358755	1.0	S	0.0
Cele_WBGene00011846.1	Pantro_ENSPTRP00000003133	1.0	S	0.0
Cele_WBGene00011846.1	Bralan_BL96483_cuf4	1.0	S	0.0
Cele_WBGene00011846.1	Mmus_ENSMUSP00000123979	1.0	S	0.0
Cele_WBGene00011846.1	Galgal_ENSGALP00000058001	1.0	S	0.0
Cele_WBGene00011846.1	Drer_ENSDARP00000102083	1.0	S	0.0
Cele_WBGene00011846.1	Drer_ENSDARP00000135566	1.0	S	0.0
Cele_WBGene00011846.1	Mondom_ENSMODP00000047764	1.0	S	0.0
Cele_WBGene00011846.1	Pantro_ENSPTRP00000063859	1.0	S	0.0
Cele_WBGene00011846.1	Nvec_EDO43261	1.0	S	0.0
Cele_WBGene00011846.1	Mondom_ENSMODP00000040149	1.0	S	0.0
Cele_WBGene00011846.1	Ratnor_ENSRNOP00000074871	1.0	S	0.0
Cele_WBGene00011846.1	Tetnig_ENSTNIP00000001773	1.0	S	0.0
Cele_WBGene00011846.1	Pantro_ENSPTRP00000081197	1.0	S	0.0
Cele_WBGene00011846.1	Bralan_BL19132_evm1	1.0	S	0.0
Cele_WBGene00011846.1	Mondom_ENSMODP00000035744	1.0	S	0.0
Cele_WBGene00011846.1	Mmus_ENSMUSP00000142477	1.0	S	0.0
Cele_WBGene00011846.1	Bralan_BL15426_cuf14	1.0	S	0.0
Cele_WBGene00011846.1	Drer_ENSDARP00000095389	1.0	S	0.0
Cele_WBGene00011846.1	Cint_ENSCINP00000028628	1.0	S	0.0
Cele_WBGene00011846.1	Drer_ENSDARP00000005298	1.0	S	0.0
Cele_WBGene00011846.1	Ratnor_ENSRNOP00000052813	1.0	S	0.0
Cele_WBGene00011846.1	Pantro_ENSPTRP00000041993	1.0	S	0.0
Cele_WBGene00011846.1	Nvec_EDO40446	1.0	S	0.0
Cele_WBGene00011846.1	Tetnig_ENSTNIP00000003161	1.0	S	0.0
Cele_WBGene00011846.1	Ratnor_ENSRNOP00000070204	1.0	S	0.0
Cele_WBGene00011846.1	Mondom_ENSMODP00000043631	1.0	S	0.0
Cele_WBGene00011846.1	Pantro_ENSPTRP00000088271	1.0	S	0.0
Cele_WBGene00011846.1	Mondom_ENSMODP00000001616	1.0	S	0.0
Cele_WBGene00011846.1	Ratnor_ENSRNOP00000052819	1.0	S	0.0
Cele_WBGene00011846.1	Bralan_BL95784_evm1	1.0	S	0.0
Cele_WBGene00011846.1	Mmus_ENSMUSP00000000573	1.0	S	0.0
Cele_WBGene00011846.1	Bralan_BL52614_cuf2	1.0	S	0.0
Cele_WBGene00011846.1	Mmus_ENSMUSP00000078134	1.0	S	0.0
Cele_WBGene00011846.1	Nvec_EDO49627	1.0	S	0.0
Cele_WBGene00010945.1	Hsap_ENSP00000356198	1.0	S	0.0
Cele_WBGene00010945.1	Drer_ENSDARP00000138333	1.0	S	0.0
Cele_WBGene00010945.1	Mmus_ENSMUSP00000029510	1.0	S	0.0
Cele_WBGene00010945.1	Nvec_EDO49743	1.0	S	0.0
Cele_WBGene00010945.1	Mmus_ENSMUSP00000080717	1.0	S	0.0
Cele_WBGene00010945.1	Galgal_ENSGALP00000069949	1.0	S	0.0
Cele_WBGene00010945.1	Mondom_ENSMODP00000001267	1.0	S	0.0
Cele_WBGene00010945.1	Canfam_ENSCAFP00000058655	1.0	S	0.0
Cele_WBGene00010945.1	Drer_ENSDARP00000148464	1.0	S	0.0
Cele_WBGene00010945.1	Hsap_ENSP00000437082	1.0	S	0.0
Cele_WBGene00010945.1	Mondom_ENSMODP00000001739	1.0	S	0.0
Cele_WBGene00010945.1	Galgal_ENSGALP00000066799	1.0	S	0.0
Cele_WBGene00010945.1	Canfam_ENSCAFP00000032028	1.0	S	0.0
Cele_WBGene00010945.1	Drer_ENSDARP00000134903	1.0	S	0.0
Cele_WBGene00010945.1	Nvec_EDO40445	1.0	S	0.0
Cele_WBGene00010945.1	Ratnor_ENSRNOP00000073705	1.0	S	0.0
Cele_WBGene00010945.1	Mmus_ENSMUSP00000053923	1.0	S	0.0
Cele_WBGene00010945.1	Mmus_ENSMUSP00000080851	1.0	S	0.0
Cele_WBGene00010945.1	Hsap_ENSP00000255409	1.0	S	0.0
Cele_WBGene00010945.1	Tetnig_ENSTNIP00000000910	1.0	S	0.0
Cele_WBGene00010945.1	Canfam_ENSCAFP00000020233	1.0	S	0.0
Cele_WBGene00010945.1	Pantro_ENSPTRP00000001896	1.0	S	0.0
Cele_WBGene00010945.1	Hsap_ENSP00000358747	1.0	S	0.0
Cele_WBGene00010945.1	Mondom_ENSMODP00000001804	1.0	S	0.0
Cele_WBGene00010945.1	Hsap_ENSP00000358755	1.0	S	0.0
Cele_WBGene00010945.1	Pantro_ENSPTRP00000003133	1.0	S	0.0
Cele_WBGene00010945.1	Bralan_BL96483_cuf4	1.0	S	0.0
Cele_WBGene00010945.1	Mmus_ENSMUSP00000123979	1.0	S	0.0
Cele_WBGene00010945.1	Galgal_ENSGALP00000058001	1.0	S	0.0
Cele_WBGene00010945.1	Drer_ENSDARP00000102083	1.0	S	0.0
Cele_WBGene00010945.1	Drer_ENSDARP00000135566	1.0	S	0.0
Cele_WBGene00010945.1	Mondom_ENSMODP00000047764	1.0	S	0.0
Cele_WBGene00010945.1	Pantro_ENSPTRP00000063859	1.0	S	0.0
Cele_WBGene00010945.1	Nvec_EDO43261	1.0	S	0.0
Cele_WBGene00010945.1	Mondom_ENSMODP00000040149	1.0	S	0.0
Cele_WBGene00010945.1	Ratnor_ENSRNOP00000074871	1.0	S	0.0
Cele_WBGene00010945.1	Tetnig_ENSTNIP00000001773	1.0	S	0.0
Cele_WBGene00010945.1	Pantro_ENSPTRP00000081197	1.0	S	0.0
Cele_WBGene00010945.1	Bralan_BL19132_evm1	1.0	S	0.0
Cele_WBGene00010945.1	Mondom_ENSMODP00000035744	1.0	S	0.0
Cele_WBGene00010945.1	Mmus_ENSMUSP00000142477	1.0	S	0.0
Cele_WBGene00010945.1	Bralan_BL15426_cuf14	1.0	S	0.0
Cele_WBGene00010945.1	Drer_ENSDARP00000095389	1.0	S	0.0
Cele_WBGene00010945.1	Cint_ENSCINP00000028628	1.0	S	0.0
Cele_WBGene00010945.1	Drer_ENSDARP00000005298	1.0	S	0.0
Cele_WBGene00010945.1	Ratnor_ENSRNOP00000052813	1.0	S	0.0
Cele_WBGene00010945.1	Pantro_ENSPTRP00000041993	1.0	S	0.0
Cele_WBGene00010945.1	Nvec_EDO40446	1.0	S	0.0
Cele_WBGene00010945.1	Tetnig_ENSTNIP00000003161	1.0	S	0.0
Cele_WBGene00010945.1	Ratnor_ENSRNOP00000070204	1.0	S	0.0
Cele_WBGene00010945.1	Mondom_ENSMODP00000043631	1.0	S	0.0
Cele_WBGene00010945.1	Pantro_ENSPTRP00000088271	1.0	S	0.0
Cele_WBGene00010945.1	Mondom_ENSMODP00000001616	1.0	S	0.0
Cele_WBGene00010945.1	Ratnor_ENSRNOP00000052819	1.0	S	0.0
Cele_WBGene00010945.1	Bralan_BL95784_evm1	1.0	S	0.0
Cele_WBGene00010945.1	Mmus_ENSMUSP00000000573	1.0	S	0.0
Cele_WBGene00010945.1	Bralan_BL52614_cuf2	1.0	S	0.0
Cele_WBGene00010945.1	Mmus_ENSMUSP00000078134	1.0	S	0.0
Cele_WBGene00010945.1	Nvec_EDO49627	1.0	S	0.0
Dmel_FBpp0071472	Hsap_ENSP00000356198	1.0	S	0.0
Dmel_FBpp0071472	Drer_ENSDARP00000138333	1.0	S	0.0
Dmel_FBpp0071472	Mmus_ENSMUSP00000029510	1.0	S	0.0
Dmel_FBpp0071472	Nvec_EDO49743	1.0	S	0.0
Dmel_FBpp0071472	Mmus_ENSMUSP00000080717	1.0	S	0.0
Dmel_FBpp0071472	Galgal_ENSGALP00000069949	1.0	S	0.0
Dmel_FBpp0071472	Mondom_ENSMODP00000001267	1.0	S	0.0
Dmel_FBpp0071472	Canfam_ENSCAFP00000058655	1.0	S	0.0
Dmel_FBpp0071472	Drer_ENSDARP00000148464	1.0	S	0.0
Dmel_FBpp0071472	Hsap_ENSP00000437082	1.0	S	0.0
Dmel_FBpp0071472	Mondom_ENSMODP00000001739	1.0	S	0.0
Dmel_FBpp0071472	Galgal_ENSGALP00000066799	1.0	S	0.0
Dmel_FBpp0071472	Canfam_ENSCAFP00000032028	1.0	S	0.0
Dmel_FBpp0071472	Drer_ENSDARP00000134903	1.0	S	0.0
Dmel_FBpp0071472	Nvec_EDO40445	1.0	S	0.0
Dmel_FBpp0071472	Ratnor_ENSRNOP00000073705	1.0	S	0.0
Dmel_FBpp0071472	Mmus_ENSMUSP00000053923	1.0	S	0.0
Dmel_FBpp0071472	Mmus_ENSMUSP00000080851	1.0	S	0.0
Dmel_FBpp0071472	Hsap_ENSP00000255409	1.0	S	0.0
Dmel_FBpp0071472	Tetnig_ENSTNIP00000000910	1.0	S	0.0
Dmel_FBpp0071472	Canfam_ENSCAFP00000020233	1.0	S	0.0
Dmel_FBpp0071472	Pantro_ENSPTRP00000001896	1.0	S	0.0
Dmel_FBpp0071472	Hsap_ENSP00000358747	1.0	S	0.0
Dmel_FBpp0071472	Mondom_ENSMODP00000001804	1.0	S	0.0
Dmel_FBpp0071472	Hsap_ENSP00000358755	1.0	S	0.0
Dmel_FBpp0071472	Pantro_ENSPTRP00000003133	1.0	S	0.0
Dmel_FBpp0071472	Bralan_BL96483_cuf4	1.0	S	0.0
Dmel_FBpp0071472	Mmus_ENSMUSP00000123979	1.0	S	0.0
Dmel_FBpp0071472	Galgal_ENSGALP00000058001	1.0	S	0.0
Dmel_FBpp0071472	Drer_ENSDARP00000102083	1.0	S	0.0
Dmel_FBpp0071472	Drer_ENSDARP00000135566	1.0	S	0.0
Dmel_FBpp0071472	Mondom_ENSMODP00000047764	1.0	S	0.0
Dmel_FBpp0071472	Pantro_ENSPTRP00000063859	1.0	S	0.0
Dmel_FBpp0071472	Nvec_EDO43261	1.0	S	0.0
Dmel_FBpp0071472	Mondom_ENSMODP00000040149	1.0	S	0.0
Dmel_FBpp0071472	Ratnor_ENSRNOP00000074871	1.0	S	0.0
Dmel_FBpp0071472	Tetnig_ENSTNIP00000001773	1.0	S	0.0
Dmel_FBpp0071472	Pantro_ENSPTRP00000081197	1.0	S	0.0
Dmel_FBpp0071472	Bralan_BL19132_evm1	1.0	S	0.0
Dmel_FBpp0071472	Mondom_ENSMODP00000035744	1.0	S	0.0
Dmel_FBpp0071472	Mmus_ENSMUSP00000142477	1.0	S	0.0
Dmel_FBpp0071472	Bralan_BL15426_cuf14	1.0	S	0.0
Dmel_FBpp0071472	Drer_ENSDARP00000095389	1.0	S	0.0
Dmel_FBpp0071472	Cint_ENSCINP00000028628	1.0	S	0.0
Dmel_FBpp0071472	Drer_ENSDARP00000005298	1.0	S	0.0
Dmel_FBpp0071472	Ratnor_ENSRNOP00000052813	1.0	S	0.0
Dmel_FBpp0071472	Pantro_ENSPTRP00000041993	1.0	S	0.0
Dmel_FBpp0071472	Nvec_EDO40446	1.0	S	0.0
Dmel_FBpp0071472	Tetnig_ENSTNIP00000003161	1.0	S	0.0
Dmel_FBpp0071472	Ratnor_ENSRNOP00000070204	1.0	S	0.0
Dmel_FBpp0071472	Mondom_ENSMODP00000043631	1.0	S	0.0
Dmel_FBpp0071472	Pantro_ENSPTRP00000088271	1.0	S	0.0
Dmel_FBpp0071472	Mondom_ENSMODP00000001616	1.0	S	0.0
Dmel_FBpp0071472	Ratnor_ENSRNOP00000052819	1.0	S	0.0
Dmel_FBpp0071472	Bralan_BL95784_evm1	1.0	S	0.0
Dmel_FBpp0071472	Mmus_ENSMUSP00000000573	1.0	S	0.0
Dmel_FBpp0071472	Bralan_BL52614_cuf2	1.0	S	0.0
Dmel_FBpp0071472	Mmus_ENSMUSP00000078134	1.0	S	0.0
Dmel_FBpp0071472	Nvec_EDO49627	1.0	S	0.0
Dmel_FBpp0080418	Hsap_ENSP00000356198	1.0	S	0.0
Dmel_FBpp0080418	Drer_ENSDARP00000138333	1.0	S	0.0
Dmel_FBpp0080418	Mmus_ENSMUSP00000029510	1.0	S	0.0
Dmel_FBpp0080418	Nvec_EDO49743	1.0	S	0.0
Dmel_FBpp0080418	Mmus_ENSMUSP00000080717	1.0	S	0.0
Dmel_FBpp0080418	Galgal_ENSGALP00000069949	1.0	S	0.0
Dmel_FBpp0080418	Mondom_ENSMODP00000001267	1.0	S	0.0
Dmel_FBpp0080418	Canfam_ENSCAFP00000058655	1.0	S	0.0
Dmel_FBpp0080418	Drer_ENSDARP00000148464	1.0	S	0.0
Dmel_FBpp0080418	Hsap_ENSP00000437082	1.0	S	0.0
Dmel_FBpp0080418	Mondom_ENSMODP00000001739	1.0	S	0.0
Dmel_FBpp0080418	Galgal_ENSGALP00000066799	1.0	S	0.0
Dmel_FBpp0080418	Canfam_ENSCAFP00000032028	1.0	S	0.0
Dmel_FBpp0080418	Drer_ENSDARP00000134903	1.0	S	0.0
Dmel_FBpp0080418	Nvec_EDO40445	1.0	S	0.0
Dmel_FBpp0080418	Ratnor_ENSRNOP00000073705	1.0	S	0.0
Dmel_FBpp0080418	Mmus_ENSMUSP00000053923	1.0	S	0.0
Dmel_FBpp0080418	Mmus_ENSMUSP00000080851	1.0	S	0.0
Dmel_FBpp0080418	Hsap_ENSP00000255409	1.0	S	0.0
Dmel_FBpp0080418	Tetnig_ENSTNIP00000000910	1.0	S	0.0
Dmel_FBpp0080418	Canfam_ENSCAFP00000020233	1.0	S	0.0
Dmel_FBpp0080418	Pantro_ENSPTRP00000001896	1.0	S	0.0
Dmel_FBpp0080418	Hsap_ENSP00000358747	1.0	S	0.0
Dmel_FBpp0080418	Mondom_ENSMODP00000001804	1.0	S	0.0
Dmel_FBpp0080418	Hsap_ENSP00000358755	1.0	S	0.0
Dmel_FBpp0080418	Pantro_ENSPTRP00000003133	1.0	S	0.0
Dmel_FBpp0080418	Bralan_BL96483_cuf4	1.0	S	0.0
Dmel_FBpp0080418	Mmus_ENSMUSP00000123979	1.0	S	0.0
Dmel_FBpp0080418	Galgal_ENSGALP00000058001	1.0	S	0.0
Dmel_FBpp0080418	Drer_ENSDARP00000102083	1.0	S	0.0
Dmel_FBpp0080418	Drer_ENSDARP00000135566	1.0	S	0.0
Dmel_FBpp0080418	Mondom_ENSMODP00000047764	1.0	S	0.0
Dmel_FBpp0080418	Pantro_ENSPTRP00000063859	1.0	S	0.0
Dmel_FBpp0080418	Nvec_EDO43261	1.0	S	0.0
Dmel_FBpp0080418	Mondom_ENSMODP00000040149	1.0	S	0.0
Dmel_FBpp0080418	Ratnor_ENSRNOP00000074871	1.0	S	0.0
Dmel_FBpp0080418	Tetnig_ENSTNIP00000001773	1.0	S	0.0
Dmel_FBpp0080418	Pantro_ENSPTRP00000081197	1.0	S	0.0
Dmel_FBpp0080418	Bralan_BL19132_evm1	1.0	S	0.0
Dmel_FBpp0080418	Mondom_ENSMODP00000035744	1.0	S	0.0
Dmel_FBpp0080418	Mmus_ENSMUSP00000142477	1.0	S	0.0
Dmel_FBpp0080418	Bralan_BL15426_cuf14	1.0	S	0.0
Dmel_FBpp0080418	Drer_ENSDARP00000095389	1.0	S	0.0
Dmel_FBpp0080418	Cint_ENSCINP00000028628	1.0	S	0.0
Dmel_FBpp0080418	Drer_ENSDARP00000005298	1.0	S	0.0
Dmel_FBpp0080418	Ratnor_ENSRNOP00000052813	1.0	S	0.0
Dmel_FBpp0080418	Pantro_ENSPTRP00000041993	1.0	S	0.0
Dmel_FBpp0080418	Nvec_EDO40446	1.0	S	0.0
Dmel_FBpp0080418	Tetnig_ENSTNIP00000003161	1.0	S	0.0
Dmel_FBpp0080418	Ratnor_ENSRNOP00000070204	1.0	S	0.0
Dmel_FBpp0080418	Mondom_ENSMODP00000043631	1.0	S	0.0
Dmel_FBpp0080418	Pantro_ENSPTRP00000088271	1.0	S	0.0
Dmel_FBpp0080418	Mondom_ENSMODP00000001616	1.0	S	0.0
Dmel_FBpp0080418	Ratnor_ENSRNOP00000052819	1.0	S	0.0
Dmel_FBpp0080418	Bralan_BL95784_evm1	1.0	S	0.0
Dmel_FBpp0080418	Mmus_ENSMUSP00000000573	1.0	S	0.0
Dmel_FBpp0080418	Bralan_BL52614_cuf2	1.0	S	0.0
Dmel_FBpp0080418	Mmus_ENSMUSP00000078134	1.0	S	0.0
Dmel_FBpp0080418	Nvec_EDO49627	1.0	S	0.0
Cele_WBGene00011163.1	Hsap_ENSP00000356198	1.0	S	0.0
Cele_WBGene00011163.1	Drer_ENSDARP00000138333	1.0	S	0.0
Cele_WBGene00011163.1	Mmus_ENSMUSP00000029510	1.0	S	0.0
Cele_WBGene00011163.1	Nvec_EDO49743	1.0	S	0.0
Cele_WBGene00011163.1	Mmus_ENSMUSP00000080717	1.0	S	0.0
Cele_WBGene00011163.1	Galgal_ENSGALP00000069949	1.0	S	0.0
Cele_WBGene00011163.1	Mondom_ENSMODP00000001267	1.0	S	0.0
Cele_WBGene00011163.1	Canfam_ENSCAFP00000058655	1.0	S	0.0
Cele_WBGene00011163.1	Drer_ENSDARP00000148464	1.0	S	0.0
Cele_WBGene00011163.1	Hsap_ENSP00000437082	1.0	S	0.0
Cele_WBGene00011163.1	Mondom_ENSMODP00000001739	1.0	S	0.0
Cele_WBGene00011163.1	Galgal_ENSGALP00000066799	1.0	S	0.0
Cele_WBGene00011163.1	Canfam_ENSCAFP00000032028	1.0	S	0.0
Cele_WBGene00011163.1	Drer_ENSDARP00000134903	1.0	S	0.0
Cele_WBGene00011163.1	Nvec_EDO40445	1.0	S	0.0
Cele_WBGene00011163.1	Ratnor_ENSRNOP00000073705	1.0	S	0.0
Cele_WBGene00011163.1	Mmus_ENSMUSP00000053923	1.0	S	0.0
Cele_WBGene00011163.1	Mmus_ENSMUSP00000080851	1.0	S	0.0
Cele_WBGene00011163.1	Hsap_ENSP00000255409	1.0	S	0.0
Cele_WBGene00011163.1	Tetnig_ENSTNIP00000000910	1.0	S	0.0
Cele_WBGene00011163.1	Canfam_ENSCAFP00000020233	1.0	S	0.0
Cele_WBGene00011163.1	Pantro_ENSPTRP00000001896	1.0	S	0.0
Cele_WBGene00011163.1	Hsap_ENSP00000358747	1.0	S	0.0
Cele_WBGene00011163.1	Mondom_ENSMODP00000001804	1.0	S	0.0
Cele_WBGene00011163.1	Hsap_ENSP00000358755	1.0	S	0.0
Cele_WBGene00011163.1	Pantro_ENSPTRP00000003133	1.0	S	0.0
Cele_WBGene00011163.1	Bralan_BL96483_cuf4	1.0	S	0.0
Cele_WBGene00011163.1	Mmus_ENSMUSP00000123979	1.0	S	0.0
Cele_WBGene00011163.1	Galgal_ENSGALP00000058001	1.0	S	0.0
Cele_WBGene00011163.1	Drer_ENSDARP00000102083	1.0	S	0.0
Cele_WBGene00011163.1	Drer_ENSDARP00000135566	1.0	S	0.0
Cele_WBGene00011163.1	Mondom_ENSMODP00000047764	1.0	S	0.0
Cele_WBGene00011163.1	Pantro_ENSPTRP00000063859	1.0	S	0.0
Cele_WBGene00011163.1	Nvec_EDO43261	1.0	S	0.0
Cele_WBGene00011163.1	Mondom_ENSMODP00000040149	1.0	S	0.0
Cele_WBGene00011163.1	Ratnor_ENSRNOP00000074871	1.0	S	0.0
Cele_WBGene00011163.1	Tetnig_ENSTNIP00000001773	1.0	S	0.0
Cele_WBGene00011163.1	Pantro_ENSPTRP00000081197	1.0	S	0.0
Cele_WBGene00011163.1	Bralan_BL19132_evm1	1.0	S	0.0
Cele_WBGene00011163.1	Mondom_ENSMODP00000035744	1.0	S	0.0
Cele_WBGene00011163.1	Mmus_ENSMUSP00000142477	1.0	S	0.0
Cele_WBGene00011163.1	Bralan_BL15426_cuf14	1.0	S	0.0
Cele_WBGene00011163.1	Drer_ENSDARP00000095389	1.0	S	0.0
Cele_WBGene00011163.1	Cint_ENSCINP00000028628	1.0	S	0.0
Cele_WBGene00011163.1	Drer_ENSDARP00000005298	1.0	S	0.0
Cele_WBGene00011163.1	Ratnor_ENSRNOP00000052813	1.0	S	0.0
Cele_WBGene00011163.1	Pantro_ENSPTRP00000041993	1.0	S	0.0
Cele_WBGene00011163.1	Nvec_EDO40446	1.0	S	0.0
Cele_WBGene00011163.1	Tetnig_ENSTNIP00000003161	1.0	S	0.0
Cele_WBGene00011163.1	Ratnor_ENSRNOP00000070204	1.0	S	0.0
Cele_WBGene00011163.1	Mondom_ENSMODP00000043631	1.0	S	0.0
Cele_WBGene00011163.1	Pantro_ENSPTRP00000088271	1.0	S	0.0
Cele_WBGene00011163.1	Mondom_ENSMODP00000001616	1.0	S	0.0
Cele_WBGene00011163.1	Ratnor_ENSRNOP00000052819	1.0	S	0.0
Cele_WBGene00011163.1	Bralan_BL95784_evm1	1.0	S	0.0
Cele_WBGene00011163.1	Mmus_ENSMUSP00000000573	1.0	S	0.0
Cele_WBGene00011163.1	Bralan_BL52614_cuf2	1.0	S	0.0
Cele_WBGene00011163.1	Mmus_ENSMUSP00000078134	1.0	S	0.0
Cele_WBGene00011163.1	Nvec_EDO49627	1.0	S	0.0
Dmel_FBpp0298358	Hsap_ENSP00000356198	1.0	S	0.0
Dmel_FBpp0298358	Drer_ENSDARP00000138333	1.0	S	0.0
Dmel_FBpp0298358	Mmus_ENSMUSP00000029510	1.0	S	0.0
Dmel_FBpp0298358	Nvec_EDO49743	1.0	S	0.0
Dmel_FBpp0298358	Mmus_ENSMUSP00000080717	1.0	S	0.0
Dmel_FBpp0298358	Galgal_ENSGALP00000069949	1.0	S	0.0
Dmel_FBpp0298358	Mondom_ENSMODP00000001267	1.0	S	0.0
Dmel_FBpp0298358	Canfam_ENSCAFP00000058655	1.0	S	0.0
Dmel_FBpp0298358	Drer_ENSDARP00000148464	1.0	S	0.0
Dmel_FBpp0298358	Hsap_ENSP00000437082	1.0	S	0.0
Dmel_FBpp0298358	Mondom_ENSMODP00000001739	1.0	S	0.0
Dmel_FBpp0298358	Galgal_ENSGALP00000066799	1.0	S	0.0
Dmel_FBpp0298358	Canfam_ENSCAFP00000032028	1.0	S	0.0
Dmel_FBpp0298358	Drer_ENSDARP00000134903	1.0	S	0.0
Dmel_FBpp0298358	Nvec_EDO40445	1.0	S	0.0
Dmel_FBpp0298358	Ratnor_ENSRNOP00000073705	1.0	S	0.0
Dmel_FBpp0298358	Mmus_ENSMUSP00000053923	1.0	S	0.0
Dmel_FBpp0298358	Mmus_ENSMUSP00000080851	1.0	S	0.0
Dmel_FBpp0298358	Hsap_ENSP00000255409	1.0	S	0.0
Dmel_FBpp0298358	Tetnig_ENSTNIP00000000910	1.0	S	0.0
Dmel_FBpp0298358	Canfam_ENSCAFP00000020233	1.0	S	0.0
Dmel_FBpp0298358	Pantro_ENSPTRP00000001896	1.0	S	0.0
Dmel_FBpp0298358	Hsap_ENSP00000358747	1.0	S	0.0
Dmel_FBpp0298358	Mondom_ENSMODP00000001804	1.0	S	0.0
Dmel_FBpp0298358	Hsap_ENSP00000358755	1.0	S	0.0
Dmel_FBpp0298358	Pantro_ENSPTRP00000003133	1.0	S	0.0
Dmel_FBpp0298358	Bralan_BL96483_cuf4	1.0	S	0.0
Dmel_FBpp0298358	Mmus_ENSMUSP00000123979	1.0	S	0.0
Dmel_FBpp0298358	Galgal_ENSGALP00000058001	1.0	S	0.0
Dmel_FBpp0298358	Drer_ENSDARP00000102083	1.0	S	0.0
Dmel_FBpp0298358	Drer_ENSDARP00000135566	1.0	S	0.0
Dmel_FBpp0298358	Mondom_ENSMODP00000047764	1.0	S	0.0
Dmel_FBpp0298358	Pantro_ENSPTRP00000063859	1.0	S	0.0
Dmel_FBpp0298358	Nvec_EDO43261	1.0	S	0.0
Dmel_FBpp0298358	Mondom_ENSMODP00000040149	1.0	S	0.0
Dmel_FBpp0298358	Ratnor_ENSRNOP00000074871	1.0	S	0.0
Dmel_FBpp0298358	Tetnig_ENSTNIP00000001773	1.0	S	0.0
Dmel_FBpp0298358	Pantro_ENSPTRP00000081197	1.0	S	0.0
Dmel_FBpp0298358	Bralan_BL19132_evm1	1.0	S	0.0
Dmel_FBpp0298358	Mondom_ENSMODP00000035744	1.0	S	0.0
Dmel_FBpp0298358	Mmus_ENSMUSP00000142477	1.0	S	0.0
Dmel_FBpp0298358	Bralan_BL15426_cuf14	1.0	S	0.0
Dmel_FBpp0298358	Drer_ENSDARP00000095389	1.0	S	0.0
Dmel_FBpp0298358	Cint_ENSCINP00000028628	1.0	S	0.0
Dmel_FBpp0298358	Drer_ENSDARP00000005298	1.0	S	0.0
Dmel_FBpp0298358	Ratnor_ENSRNOP00000052813	1.0	S	0.0
Dmel_FBpp0298358	Pantro_ENSPTRP00000041993	1.0	S	0.0
Dmel_FBpp0298358	Nvec_EDO40446	1.0	S	0.0
Dmel_FBpp0298358	Tetnig_ENSTNIP00000003161	1.0	S	0.0
Dmel_FBpp0298358	Ratnor_ENSRNOP00000070204	1.0	S	0.0
Dmel_FBpp0298358	Mondom_ENSMODP00000043631	1.0	S	0.0
Dmel_FBpp0298358	Pantro_ENSPTRP00000088271	1.0	S	0.0
Dmel_FBpp0298358	Mondom_ENSMODP00000001616	1.0	S	0.0
Dmel_FBpp0298358	Ratnor_ENSRNOP00000052819	1.0	S	0.0
Dmel_FBpp0298358	Bralan_BL95784_evm1	1.0	S	0.0
Dmel_FBpp0298358	Mmus_ENSMUSP00000000573	1.0	S	0.0
Dmel_FBpp0298358	Bralan_BL52614_cuf2	1.0	S	0.0
Dmel_FBpp0298358	Mmus_ENSMUSP00000078134	1.0	S	0.0
Dmel_FBpp0298358	Nvec_EDO49627	1.0	S	0.0
Bralan_BL15426_cuf14	Hsap_ENSP00000356198	88.0	S	0.0
Bralan_BL15426_cuf14	Drer_ENSDARP00000138333	88.0	S	0.0
Bralan_BL15426_cuf14	Mmus_ENSMUSP00000029510	88.0	S	0.0
Bralan_BL15426_cuf14	Mmus_ENSMUSP00000080717	88.0	S	0.0
Bralan_BL15426_cuf14	Galgal_ENSGALP00000069949	88.0	S	0.0
Bralan_BL15426_cuf14	Mondom_ENSMODP00000001267	88.0	S	0.0
Bralan_BL15426_cuf14	Canfam_ENSCAFP00000058655	88.0	S	0.0
Bralan_BL15426_cuf14	Drer_ENSDARP00000148464	88.0	S	0.0
Bralan_BL15426_cuf14	Hsap_ENSP00000437082	88.0	S	0.0
Bralan_BL15426_cuf14	Galgal_ENSGALP00000066799	88.0	S	0.0
Bralan_BL15426_cuf14	Mondom_ENSMODP00000001739	88.0	S	0.0
Bralan_BL15426_cuf14	Canfam_ENSCAFP00000032028	88.0	S	0.0
Bralan_BL15426_cuf14	Drer_ENSDARP00000134903	88.0	S	0.0
Bralan_BL15426_cuf14	Ratnor_ENSRNOP00000073705	88.0	S	0.0
Bralan_BL15426_cuf14	Mmus_ENSMUSP00000053923	88.0	S	0.0
Bralan_BL15426_cuf14	Mmus_ENSMUSP00000080851	88.0	S	0.0
Bralan_BL15426_cuf14	Hsap_ENSP00000255409	88.0	S	0.0
Bralan_BL15426_cuf14	Tetnig_ENSTNIP00000000910	88.0	S	0.0
Bralan_BL15426_cuf14	Canfam_ENSCAFP00000020233	88.0	S	0.0
Bralan_BL15426_cuf14	Pantro_ENSPTRP00000001896	88.0	S	0.0
Bralan_BL15426_cuf14	Hsap_ENSP00000358747	88.0	S	0.0
Bralan_BL15426_cuf14	Mondom_ENSMODP00000001804	88.0	S	0.0
Bralan_BL15426_cuf14	Hsap_ENSP00000358755	88.0	S	0.0
Bralan_BL15426_cuf14	Pantro_ENSPTRP00000003133	88.0	S	0.0
Bralan_BL15426_cuf14	Mmus_ENSMUSP00000123979	88.0	S	0.0
Bralan_BL15426_cuf14	Galgal_ENSGALP00000058001	88.0	S	0.0
Bralan_BL15426_cuf14	Drer_ENSDARP00000102083	88.0	S	0.0
Bralan_BL15426_cuf14	Drer_ENSDARP00000135566	88.0	S	0.0
Bralan_BL15426_cuf14	Mondom_ENSMODP00000047764	88.0	S	0.0
Bralan_BL15426_cuf14	Pantro_ENSPTRP00000063859	88.0	S	0.0
Bralan_BL15426_cuf14	Mondom_ENSMODP00000040149	88.0	S	0.0
Bralan_BL15426_cuf14	Ratnor_ENSRNOP00000074871	88.0	S	0.0
Bralan_BL15426_cuf14	Tetnig_ENSTNIP00000001773	88.0	S	0.0
Bralan_BL15426_cuf14	Pantro_ENSPTRP00000081197	88.0	S	0.0
Bralan_BL15426_cuf14	Mondom_ENSMODP00000035744	88.0	S	0.0
Bralan_BL15426_cuf14	Mmus_ENSMUSP00000142477	88.0	S	0.0
Bralan_BL15426_cuf14	Drer_ENSDARP00000095389	88.0	S	0.0
Bralan_BL15426_cuf14	Drer_ENSDARP00000005298	88.0	S	0.0
Bralan_BL15426_cuf14	Ratnor_ENSRNOP00000052813	88.0	S	0.0
Bralan_BL15426_cuf14	Pantro_ENSPTRP00000041993	88.0	S	0.0
Bralan_BL15426_cuf14	Tetnig_ENSTNIP00000003161	88.0	S	0.0
Bralan_BL15426_cuf14	Ratnor_ENSRNOP00000070204	88.0	S	0.0
Bralan_BL15426_cuf14	Mondom_ENSMODP00000043631	88.0	S	0.0
Bralan_BL15426_cuf14	Pantro_ENSPTRP00000088271	88.0	S	0.0
Bralan_BL15426_cuf14	Mondom_ENSMODP00000001616	88.0	S	0.0
Bralan_BL15426_cuf14	Ratnor_ENSRNOP00000052819	88.0	S	0.0
Bralan_BL15426_cuf14	Mmus_ENSMUSP00000000573	88.0	S	0.0
Bralan_BL15426_cuf14	Mmus_ENSMUSP00000078134	88.0	S	0.0
Bralan_BL96483_cuf4	Hsap_ENSP00000356198	88.0	S	0.0
Bralan_BL96483_cuf4	Drer_ENSDARP00000138333	88.0	S	0.0
Bralan_BL96483_cuf4	Mmus_ENSMUSP00000029510	88.0	S	0.0
Bralan_BL96483_cuf4	Mmus_ENSMUSP00000080717	88.0	S	0.0
Bralan_BL96483_cuf4	Galgal_ENSGALP00000069949	88.0	S	0.0
Bralan_BL96483_cuf4	Mondom_ENSMODP00000001267	88.0	S	0.0
Bralan_BL96483_cuf4	Canfam_ENSCAFP00000058655	88.0	S	0.0
Bralan_BL96483_cuf4	Drer_ENSDARP00000148464	88.0	S	0.0
Bralan_BL96483_cuf4	Hsap_ENSP00000437082	88.0	S	0.0
Bralan_BL96483_cuf4	Galgal_ENSGALP00000066799	88.0	S	0.0
Bralan_BL96483_cuf4	Mondom_ENSMODP00000001739	88.0	S	0.0
Bralan_BL96483_cuf4	Canfam_ENSCAFP00000032028	88.0	S	0.0
Bralan_BL96483_cuf4	Drer_ENSDARP00000134903	88.0	S	0.0
Bralan_BL96483_cuf4	Ratnor_ENSRNOP00000073705	88.0	S	0.0
Bralan_BL96483_cuf4	Mmus_ENSMUSP00000053923	88.0	S	0.0
Bralan_BL96483_cuf4	Mmus_ENSMUSP00000080851	88.0	S	0.0
Bralan_BL96483_cuf4	Hsap_ENSP00000255409	88.0	S	0.0
Bralan_BL96483_cuf4	Tetnig_ENSTNIP00000000910	88.0	S	0.0
Bralan_BL96483_cuf4	Canfam_ENSCAFP00000020233	88.0	S	0.0
Bralan_BL96483_cuf4	Pantro_ENSPTRP00000001896	88.0	S	0.0
Bralan_BL96483_cuf4	Hsap_ENSP00000358747	88.0	S	0.0
Bralan_BL96483_cuf4	Mondom_ENSMODP00000001804	88.0	S	0.0
Bralan_BL96483_cuf4	Hsap_ENSP00000358755	88.0	S	0.0
Bralan_BL96483_cuf4	Pantro_ENSPTRP00000003133	88.0	S	0.0
Bralan_BL96483_cuf4	Mmus_ENSMUSP00000123979	88.0	S	0.0
Bralan_BL96483_cuf4	Galgal_ENSGALP00000058001	88.0	S	0.0
Bralan_BL96483_cuf4	Drer_ENSDARP00000102083	88.0	S	0.0
Bralan_BL96483_cuf4	Drer_ENSDARP00000135566	88.0	S	0.0
Bralan_BL96483_cuf4	Mondom_ENSMODP00000047764	88.0	S	0.0
Bralan_BL96483_cuf4	Pantro_ENSPTRP00000063859	88.0	S	0.0
Bralan_BL96483_cuf4	Mondom_ENSMODP00000040149	88.0	S	0.0
Bralan_BL96483_cuf4	Ratnor_ENSRNOP00000074871	88.0	S	0.0
Bralan_BL96483_cuf4	Tetnig_ENSTNIP00000001773	88.0	S	0.0
Bralan_BL96483_cuf4	Pantro_ENSPTRP00000081197	88.0	S	0.0
Bralan_BL96483_cuf4	Mondom_ENSMODP00000035744	88.0	S	0.0
Bralan_BL96483_cuf4	Mmus_ENSMUSP00000142477	88.0	S	0.0
Bralan_BL96483_cuf4	Drer_ENSDARP00000095389	88.0	S	0.0
Bralan_BL96483_cuf4	Drer_ENSDARP00000005298	88.0	S	0.0
Bralan_BL96483_cuf4	Ratnor_ENSRNOP00000052813	88.0	S	0.0
Bralan_BL96483_cuf4	Pantro_ENSPTRP00000041993	88.0	S	0.0
Bralan_BL96483_cuf4	Tetnig_ENSTNIP00000003161	88.0	S	0.0
Bralan_BL96483_cuf4	Ratnor_ENSRNOP00000070204	88.0	S	0.0
Bralan_BL96483_cuf4	Mondom_ENSMODP00000043631	88.0	S	0.0
Bralan_BL96483_cuf4	Pantro_ENSPTRP00000088271	88.0	S	0.0
Bralan_BL96483_cuf4	Mondom_ENSMODP00000001616	88.0	S	0.0
Bralan_BL96483_cuf4	Ratnor_ENSRNOP00000052819	88.0	S	0.0
Bralan_BL96483_cuf4	Mmus_ENSMUSP00000000573	88.0	S	0.0
Bralan_BL96483_cuf4	Mmus_ENSMUSP00000078134	88.0	S	0.0
Cint_ENSCINP00000028628	Hsap_ENSP00000356198	88.0	S	0.0
Cint_ENSCINP00000028628	Drer_ENSDARP00000138333	88.0	S	0.0
Cint_ENSCINP00000028628	Mmus_ENSMUSP00000029510	88.0	S	0.0
Cint_ENSCINP00000028628	Mmus_ENSMUSP00000080717	88.0	S	0.0
Cint_ENSCINP00000028628	Galgal_ENSGALP00000069949	88.0	S	0.0
Cint_ENSCINP00000028628	Mondom_ENSMODP00000001267	88.0	S	0.0
Cint_ENSCINP00000028628	Canfam_ENSCAFP00000058655	88.0	S	0.0
Cint_ENSCINP00000028628	Drer_ENSDARP00000148464	88.0	S	0.0
Cint_ENSCINP00000028628	Hsap_ENSP00000437082	88.0	S	0.0
Cint_ENSCINP00000028628	Galgal_ENSGALP00000066799	88.0	S	0.0
Cint_ENSCINP00000028628	Mondom_ENSMODP00000001739	88.0	S	0.0
Cint_ENSCINP00000028628	Canfam_ENSCAFP00000032028	88.0	S	0.0
Cint_ENSCINP00000028628	Drer_ENSDARP00000134903	88.0	S	0.0
Cint_ENSCINP00000028628	Ratnor_ENSRNOP00000073705	88.0	S	0.0
Cint_ENSCINP00000028628	Mmus_ENSMUSP00000053923	88.0	S	0.0
Cint_ENSCINP00000028628	Mmus_ENSMUSP00000080851	88.0	S	0.0
Cint_ENSCINP00000028628	Hsap_ENSP00000255409	88.0	S	0.0
Cint_ENSCINP00000028628	Tetnig_ENSTNIP00000000910	88.0	S	0.0
Cint_ENSCINP00000028628	Canfam_ENSCAFP00000020233	88.0	S	0.0
Cint_ENSCINP00000028628	Pantro_ENSPTRP00000001896	88.0	S	0.0
Cint_ENSCINP00000028628	Hsap_ENSP00000358747	88.0	S	0.0
Cint_ENSCINP00000028628	Mondom_ENSMODP00000001804	88.0	S	0.0
Cint_ENSCINP00000028628	Hsap_ENSP00000358755	88.0	S	0.0
Cint_ENSCINP00000028628	Pantro_ENSPTRP00000003133	88.0	S	0.0
Cint_ENSCINP00000028628	Mmus_ENSMUSP00000123979	88.0	S	0.0
Cint_ENSCINP00000028628	Galgal_ENSGALP00000058001	88.0	S	0.0
Cint_ENSCINP00000028628	Drer_ENSDARP00000102083	88.0	S	0.0
Cint_ENSCINP00000028628	Drer_ENSDARP00000135566	88.0	S	0.0
Cint_ENSCINP00000028628	Mondom_ENSMODP00000047764	88.0	S	0.0
Cint_ENSCINP00000028628	Pantro_ENSPTRP00000063859	88.0	S	0.0
Cint_ENSCINP00000028628	Mondom_ENSMODP00000040149	88.0	S	0.0
Cint_ENSCINP00000028628	Ratnor_ENSRNOP00000074871	88.0	S	0.0
Cint_ENSCINP00000028628	Tetnig_ENSTNIP00000001773	88.0	S	0.0
Cint_ENSCINP00000028628	Pantro_ENSPTRP00000081197	88.0	S	0.0
Cint_ENSCINP00000028628	Mondom_ENSMODP00000035744	88.0	S	0.0
Cint_ENSCINP00000028628	Mmus_ENSMUSP00000142477	88.0	S	0.0
Cint_ENSCINP00000028628	Drer_ENSDARP00000095389	88.0	S	0.0
Cint_ENSCINP00000028628	Drer_ENSDARP00000005298	88.0	S	0.0
Cint_ENSCINP00000028628	Ratnor_ENSRNOP00000052813	88.0	S	0.0
Cint_ENSCINP00000028628	Pantro_ENSPTRP00000041993	88.0	S	0.0
Cint_ENSCINP00000028628	Tetnig_ENSTNIP00000003161	88.0	S	0.0
Cint_ENSCINP00000028628	Ratnor_ENSRNOP00000070204	88.0	S	0.0
Cint_ENSCINP00000028628	Mondom_ENSMODP00000043631	88.0	S	0.0
Cint_ENSCINP00000028628	Pantro_ENSPTRP00000088271	88.0	S	0.0
Cint_ENSCINP00000028628	Mondom_ENSMODP00000001616	88.0	S	0.0
Cint_ENSCINP00000028628	Ratnor_ENSRNOP00000052819	88.0	S	0.0
Cint_ENSCINP00000028628	Mmus_ENSMUSP00000000573	88.0	S	0.0
Cint_ENSCINP00000028628	Mmus_ENSMUSP00000078134	88.0	S	0.0
Nvec_EDO40446	Hsap_ENSP00000356198	88.0	S	0.0
Nvec_EDO40446	Drer_ENSDARP00000138333	88.0	S	0.0
Nvec_EDO40446	Mmus_ENSMUSP00000029510	88.0	S	0.0
Nvec_EDO40446	Mmus_ENSMUSP00000080717	88.0	S	0.0
Nvec_EDO40446	Galgal_ENSGALP00000069949	88.0	S	0.0
Nvec_EDO40446	Mondom_ENSMODP00000001267	88.0	S	0.0
Nvec_EDO40446	Canfam_ENSCAFP00000058655	88.0	S	0.0
Nvec_EDO40446	Drer_ENSDARP00000148464	88.0	S	0.0
Nvec_EDO40446	Hsap_ENSP00000437082	88.0	S	0.0
Nvec_EDO40446	Galgal_ENSGALP00000066799	88.0	S	0.0
Nvec_EDO40446	Mondom_ENSMODP00000001739	88.0	S	0.0
Nvec_EDO40446	Canfam_ENSCAFP00000032028	88.0	S	0.0
Nvec_EDO40446	Drer_ENSDARP00000134903	88.0	S	0.0
Nvec_EDO40446	Ratnor_ENSRNOP00000073705	88.0	S	0.0
Nvec_EDO40446	Mmus_ENSMUSP00000053923	88.0	S	0.0
Nvec_EDO40446	Mmus_ENSMUSP00000080851	88.0	S	0.0
Nvec_EDO40446	Hsap_ENSP00000255409	88.0	S	0.0
Nvec_EDO40446	Tetnig_ENSTNIP00000000910	88.0	S	0.0
Nvec_EDO40446	Canfam_ENSCAFP00000020233	88.0	S	0.0
Nvec_EDO40446	Pantro_ENSPTRP00000001896	88.0	S	0.0
Nvec_EDO40446	Hsap_ENSP00000358747	88.0	S	0.0
Nvec_EDO40446	Mondom_ENSMODP00000001804	88.0	S	0.0
Nvec_EDO40446	Hsap_ENSP00000358755	88.0	S	0.0
Nvec_EDO40446	Pantro_ENSPTRP00000003133	88.0	S	0.0
Nvec_EDO40446	Mmus_ENSMUSP00000123979	88.0	S	0.0
Nvec_EDO40446	Galgal_ENSGALP00000058001	88.0	S	0.0
Nvec_EDO40446	Drer_ENSDARP00000102083	88.0	S	0.0
Nvec_EDO40446	Drer_ENSDARP00000135566	88.0	S	0.0
Nvec_EDO40446	Mondom_ENSMODP00000047764	88.0	S	0.0
Nvec_EDO40446	Pantro_ENSPTRP00000063859	88.0	S	0.0
Nvec_EDO40446	Mondom_ENSMODP00000040149	88.0	S	0.0
Nvec_EDO40446	Ratnor_ENSRNOP00000074871	88.0	S	0.0
Nvec_EDO40446	Tetnig_ENSTNIP00000001773	88.0	S	0.0
Nvec_EDO40446	Pantro_ENSPTRP00000081197	88.0	S	0.0
Nvec_EDO40446	Mondom_ENSMODP00000035744	88.0	S	0.0
Nvec_EDO40446	Mmus_ENSMUSP00000142477	88.0	S	0.0
Nvec_EDO40446	Drer_ENSDARP00000095389	88.0	S	0.0
Nvec_EDO40446	Drer_ENSDARP00000005298	88.0	S	0.0
Nvec_EDO40446	Ratnor_ENSRNOP00000052813	88.0	S	0.0
Nvec_EDO40446	Pantro_ENSPTRP00000041993	88.0	S	0.0
Nvec_EDO40446	Tetnig_ENSTNIP00000003161	88.0	S	0.0
Nvec_EDO40446	Ratnor_ENSRNOP00000070204	88.0	S	0.0
Nvec_EDO40446	Mondom_ENSMODP00000043631	88.0	S	0.0
Nvec_EDO40446	Pantro_ENSPTRP00000088271	88.0	S	0.0
Nvec_EDO40446	Mondom_ENSMODP00000001616	88.0	S	0.0
Nvec_EDO40446	Ratnor_ENSRNOP00000052819	88.0	S	0.0
Nvec_EDO40446	Mmus_ENSMUSP00000000573	88.0	S	0.0
Nvec_EDO40446	Mmus_ENSMUSP00000078134	88.0	S	0.0
Nvec_EDO40445	Hsap_ENSP00000356198	88.0	S	0.0
Nvec_EDO40445	Drer_ENSDARP00000138333	88.0	S	0.0
Nvec_EDO40445	Mmus_ENSMUSP00000029510	88.0	S	0.0
Nvec_EDO40445	Mmus_ENSMUSP00000080717	88.0	S	0.0
Nvec_EDO40445	Galgal_ENSGALP00000069949	88.0	S	0.0
Nvec_EDO40445	Mondom_ENSMODP00000001267	88.0	S	0.0
Nvec_EDO40445	Canfam_ENSCAFP00000058655	88.0	S	0.0
Nvec_EDO40445	Drer_ENSDARP00000148464	88.0	S	0.0
Nvec_EDO40445	Hsap_ENSP00000437082	88.0	S	0.0
Nvec_EDO40445	Galgal_ENSGALP00000066799	88.0	S	0.0
Nvec_EDO40445	Mondom_ENSMODP00000001739	88.0	S	0.0
Nvec_EDO40445	Canfam_ENSCAFP00000032028	88.0	S	0.0
Nvec_EDO40445	Drer_ENSDARP00000134903	88.0	S	0.0
Nvec_EDO40445	Ratnor_ENSRNOP00000073705	88.0	S	0.0
Nvec_EDO40445	Mmus_ENSMUSP00000053923	88.0	S	0.0
Nvec_EDO40445	Mmus_ENSMUSP00000080851	88.0	S	0.0
Nvec_EDO40445	Hsap_ENSP00000255409	88.0	S	0.0
Nvec_EDO40445	Tetnig_ENSTNIP00000000910	88.0	S	0.0
Nvec_EDO40445	Canfam_ENSCAFP00000020233	88.0	S	0.0
Nvec_EDO40445	Pantro_ENSPTRP00000001896	88.0	S	0.0
Nvec_EDO40445	Hsap_ENSP00000358747	88.0	S	0.0
Nvec_EDO40445	Mondom_ENSMODP00000001804	88.0	S	0.0
Nvec_EDO40445	Hsap_ENSP00000358755	88.0	S	0.0
Nvec_EDO40445	Pantro_ENSPTRP00000003133	88.0	S	0.0
Nvec_EDO40445	Mmus_ENSMUSP00000123979	88.0	S	0.0
Nvec_EDO40445	Galgal_ENSGALP00000058001	88.0	S	0.0
Nvec_EDO40445	Drer_ENSDARP00000102083	88.0	S	0.0
Nvec_EDO40445	Drer_ENSDARP00000135566	88.0	S	0.0
Nvec_EDO40445	Mondom_ENSMODP00000047764	88.0	S	0.0
Nvec_EDO40445	Pantro_ENSPTRP00000063859	88.0	S	0.0
Nvec_EDO40445	Mondom_ENSMODP00000040149	88.0	S	0.0
Nvec_EDO40445	Ratnor_ENSRNOP00000074871	88.0	S	0.0
Nvec_EDO40445	Tetnig_ENSTNIP00000001773	88.0	S	0.0
Nvec_EDO40445	Pantro_ENSPTRP00000081197	88.0	S	0.0
Nvec_EDO40445	Mondom_ENSMODP00000035744	88.0	S	0.0
Nvec_EDO40445	Mmus_ENSMUSP00000142477	88.0	S	0.0
Nvec_EDO40445	Drer_ENSDARP00000095389	88.0	S	0.0
Nvec_EDO40445	Drer_ENSDARP00000005298	88.0	S	0.0
Nvec_EDO40445	Ratnor_ENSRNOP00000052813	88.0	S	0.0
Nvec_EDO40445	Pantro_ENSPTRP00000041993	88.0	S	0.0
Nvec_EDO40445	Tetnig_ENSTNIP00000003161	88.0	S	0.0
Nvec_EDO40445	Ratnor_ENSRNOP00000070204	88.0	S	0.0
Nvec_EDO40445	Mondom_ENSMODP00000043631	88.0	S	0.0
Nvec_EDO40445	Pantro_ENSPTRP00000088271	88.0	S	0.0
Nvec_EDO40445	Mondom_ENSMODP00000001616	88.0	S	0.0
Nvec_EDO40445	Ratnor_ENSRNOP00000052819	88.0	S	0.0
Nvec_EDO40445	Mmus_ENSMUSP00000000573	88.0	S	0.0
Nvec_EDO40445	Mmus_ENSMUSP00000078134	88.0	S	0.0
Nvec_EDO49743	Hsap_ENSP00000356198	88.0	S	0.0
Nvec_EDO49743	Drer_ENSDARP00000138333	88.0	S	0.0
Nvec_EDO49743	Mmus_ENSMUSP00000029510	88.0	S	0.0
Nvec_EDO49743	Mmus_ENSMUSP00000080717	88.0	S	0.0
Nvec_EDO49743	Galgal_ENSGALP00000069949	88.0	S	0.0
Nvec_EDO49743	Mondom_ENSMODP00000001267	88.0	S	0.0
Nvec_EDO49743	Canfam_ENSCAFP00000058655	88.0	S	0.0
Nvec_EDO49743	Drer_ENSDARP00000148464	88.0	S	0.0
Nvec_EDO49743	Hsap_ENSP00000437082	88.0	S	0.0
Nvec_EDO49743	Galgal_ENSGALP00000066799	88.0	S	0.0
Nvec_EDO49743	Mondom_ENSMODP00000001739	88.0	S	0.0
Nvec_EDO49743	Canfam_ENSCAFP00000032028	88.0	S	0.0
Nvec_EDO49743	Drer_ENSDARP00000134903	88.0	S	0.0
Nvec_EDO49743	Ratnor_ENSRNOP00000073705	88.0	S	0.0
Nvec_EDO49743	Mmus_ENSMUSP00000053923	88.0	S	0.0
Nvec_EDO49743	Mmus_ENSMUSP00000080851	88.0	S	0.0
Nvec_EDO49743	Hsap_ENSP00000255409	88.0	S	0.0
Nvec_EDO49743	Tetnig_ENSTNIP00000000910	88.0	S	0.0
Nvec_EDO49743	Canfam_ENSCAFP00000020233	88.0	S	0.0
Nvec_EDO49743	Pantro_ENSPTRP00000001896	88.0	S	0.0
Nvec_EDO49743	Hsap_ENSP00000358747	88.0	S	0.0
Nvec_EDO49743	Mondom_ENSMODP00000001804	88.0	S	0.0
Nvec_EDO49743	Hsap_ENSP00000358755	88.0	S	0.0
Nvec_EDO49743	Pantro_ENSPTRP00000003133	88.0	S	0.0
Nvec_EDO49743	Mmus_ENSMUSP00000123979	88.0	S	0.0
Nvec_EDO49743	Galgal_ENSGALP00000058001	88.0	S	0.0
Nvec_EDO49743	Drer_ENSDARP00000102083	88.0	S	0.0
Nvec_EDO49743	Drer_ENSDARP00000135566	88.0	S	0.0
Nvec_EDO49743	Mondom_ENSMODP00000047764	88.0	S	0.0
Nvec_EDO49743	Pantro_ENSPTRP00000063859	88.0	S	0.0
Nvec_EDO49743	Mondom_ENSMODP00000040149	88.0	S	0.0
Nvec_EDO49743	Ratnor_ENSRNOP00000074871	88.0	S	0.0
Nvec_EDO49743	Tetnig_ENSTNIP00000001773	88.0	S	0.0
Nvec_EDO49743	Pantro_ENSPTRP00000081197	88.0	S	0.0
Nvec_EDO49743	Mondom_ENSMODP00000035744	88.0	S	0.0
Nvec_EDO49743	Mmus_ENSMUSP00000142477	88.0	S	0.0
Nvec_EDO49743	Drer_ENSDARP00000095389	88.0	S	0.0
Nvec_EDO49743	Drer_ENSDARP00000005298	88.0	S	0.0
Nvec_EDO49743	Ratnor_ENSRNOP00000052813	88.0	S	0.0
Nvec_EDO49743	Pantro_ENSPTRP00000041993	88.0	S	0.0
Nvec_EDO49743	Tetnig_ENSTNIP00000003161	88.0	S	0.0
Nvec_EDO49743	Ratnor_ENSRNOP00000070204	88.0	S	0.0
Nvec_EDO49743	Mondom_ENSMODP00000043631	88.0	S	0.0
Nvec_EDO49743	Pantro_ENSPTRP00000088271	88.0	S	0.0
Nvec_EDO49743	Mondom_ENSMODP00000001616	88.0	S	0.0
Nvec_EDO49743	Ratnor_ENSRNOP00000052819	88.0	S	0.0
Nvec_EDO49743	Mmus_ENSMUSP00000000573	88.0	S	0.0
Nvec_EDO49743	Mmus_ENSMUSP00000078134	88.0	S	0.0
Bralan_BL95784_evm1	Hsap_ENSP00000356198	88.0	S	0.0
Bralan_BL95784_evm1	Drer_ENSDARP00000138333	88.0	S	0.0
Bralan_BL95784_evm1	Mmus_ENSMUSP00000029510	88.0	S	0.0
Bralan_BL95784_evm1	Mmus_ENSMUSP00000080717	88.0	S	0.0
Bralan_BL95784_evm1	Galgal_ENSGALP00000069949	88.0	S	0.0
Bralan_BL95784_evm1	Mondom_ENSMODP00000001267	88.0	S	0.0
Bralan_BL95784_evm1	Canfam_ENSCAFP00000058655	88.0	S	0.0
Bralan_BL95784_evm1	Drer_ENSDARP00000148464	88.0	S	0.0
Bralan_BL95784_evm1	Hsap_ENSP00000437082	88.0	S	0.0
Bralan_BL95784_evm1	Galgal_ENSGALP00000066799	88.0	S	0.0
Bralan_BL95784_evm1	Mondom_ENSMODP00000001739	88.0	S	0.0
Bralan_BL95784_evm1	Canfam_ENSCAFP00000032028	88.0	S	0.0
Bralan_BL95784_evm1	Drer_ENSDARP00000134903	88.0	S	0.0
Bralan_BL95784_evm1	Ratnor_ENSRNOP00000073705	88.0	S	0.0
Bralan_BL95784_evm1	Mmus_ENSMUSP00000053923	88.0	S	0.0
Bralan_BL95784_evm1	Mmus_ENSMUSP00000080851	88.0	S	0.0
Bralan_BL95784_evm1	Hsap_ENSP00000255409	88.0	S	0.0
Bralan_BL95784_evm1	Tetnig_ENSTNIP00000000910	88.0	S	0.0
Bralan_BL95784_evm1	Canfam_ENSCAFP00000020233	88.0	S	0.0
Bralan_BL95784_evm1	Pantro_ENSPTRP00000001896	88.0	S	0.0
Bralan_BL95784_evm1	Hsap_ENSP00000358747	88.0	S	0.0
Bralan_BL95784_evm1	Mondom_ENSMODP00000001804	88.0	S	0.0
Bralan_BL95784_evm1	Hsap_ENSP00000358755	88.0	S	0.0
Bralan_BL95784_evm1	Pantro_ENSPTRP00000003133	88.0	S	0.0
Bralan_BL95784_evm1	Mmus_ENSMUSP00000123979	88.0	S	0.0
Bralan_BL95784_evm1	Galgal_ENSGALP00000058001	88.0	S	0.0
Bralan_BL95784_evm1	Drer_ENSDARP00000102083	88.0	S	0.0
Bralan_BL95784_evm1	Drer_ENSDARP00000135566	88.0	S	0.0
Bralan_BL95784_evm1	Mondom_ENSMODP00000047764	88.0	S	0.0
Bralan_BL95784_evm1	Pantro_ENSPTRP00000063859	88.0	S	0.0
Bralan_BL95784_evm1	Mondom_ENSMODP00000040149	88.0	S	0.0
Bralan_BL95784_evm1	Ratnor_ENSRNOP00000074871	88.0	S	0.0
Bralan_BL95784_evm1	Tetnig_ENSTNIP00000001773	88.0	S	0.0
Bralan_BL95784_evm1	Pantro_ENSPTRP00000081197	88.0	S	0.0
Bralan_BL95784_evm1	Mondom_ENSMODP00000035744	88.0	S	0.0
Bralan_BL95784_evm1	Mmus_ENSMUSP00000142477	88.0	S	0.0
Bralan_BL95784_evm1	Drer_ENSDARP00000095389	88.0	S	0.0
Bralan_BL95784_evm1	Drer_ENSDARP00000005298	88.0	S	0.0
Bralan_BL95784_evm1	Ratnor_ENSRNOP00000052813	88.0	S	0.0
Bralan_BL95784_evm1	Pantro_ENSPTRP00000041993	88.0	S	0.0
Bralan_BL95784_evm1	Tetnig_ENSTNIP00000003161	88.0	S	0.0
Bralan_BL95784_evm1	Ratnor_ENSRNOP00000070204	88.0	S	0.0
Bralan_BL95784_evm1	Mondom_ENSMODP00000043631	88.0	S	0.0
Bralan_BL95784_evm1	Pantro_ENSPTRP00000088271	88.0	S	0.0
Bralan_BL95784_evm1	Mondom_ENSMODP00000001616	88.0	S	0.0
Bralan_BL95784_evm1	Ratnor_ENSRNOP00000052819	88.0	S	0.0
Bralan_BL95784_evm1	Mmus_ENSMUSP00000000573	88.0	S	0.0
Bralan_BL95784_evm1	Mmus_ENSMUSP00000078134	88.0	S	0.0
Nvec_EDO43261	Hsap_ENSP00000356198	88.0	S	0.0
Nvec_EDO43261	Drer_ENSDARP00000138333	88.0	S	0.0
Nvec_EDO43261	Mmus_ENSMUSP00000029510	88.0	S	0.0
Nvec_EDO43261	Mmus_ENSMUSP00000080717	88.0	S	0.0
Nvec_EDO43261	Galgal_ENSGALP00000069949	88.0	S	0.0
Nvec_EDO43261	Mondom_ENSMODP00000001267	88.0	S	0.0
Nvec_EDO43261	Canfam_ENSCAFP00000058655	88.0	S	0.0
Nvec_EDO43261	Drer_ENSDARP00000148464	88.0	S	0.0
Nvec_EDO43261	Hsap_ENSP00000437082	88.0	S	0.0
Nvec_EDO43261	Galgal_ENSGALP00000066799	88.0	S	0.0
Nvec_EDO43261	Mondom_ENSMODP00000001739	88.0	S	0.0
Nvec_EDO43261	Canfam_ENSCAFP00000032028	88.0	S	0.0
Nvec_EDO43261	Drer_ENSDARP00000134903	88.0	S	0.0
Nvec_EDO43261	Ratnor_ENSRNOP00000073705	88.0	S	0.0
Nvec_EDO43261	Mmus_ENSMUSP00000053923	88.0	S	0.0
Nvec_EDO43261	Mmus_ENSMUSP00000080851	88.0	S	0.0
Nvec_EDO43261	Hsap_ENSP00000255409	88.0	S	0.0
Nvec_EDO43261	Tetnig_ENSTNIP00000000910	88.0	S	0.0
Nvec_EDO43261	Canfam_ENSCAFP00000020233	88.0	S	0.0
Nvec_EDO43261	Pantro_ENSPTRP00000001896	88.0	S	0.0
Nvec_EDO43261	Hsap_ENSP00000358747	88.0	S	0.0
Nvec_EDO43261	Mondom_ENSMODP00000001804	88.0	S	0.0
Nvec_EDO43261	Hsap_ENSP00000358755	88.0	S	0.0
Nvec_EDO43261	Pantro_ENSPTRP00000003133	88.0	S	0.0
Nvec_EDO43261	Mmus_ENSMUSP00000123979	88.0	S	0.0
Nvec_EDO43261	Galgal_ENSGALP00000058001	88.0	S	0.0
Nvec_EDO43261	Drer_ENSDARP00000102083	88.0	S	0.0
Nvec_EDO43261	Drer_ENSDARP00000135566	88.0	S	0.0
Nvec_EDO43261	Mondom_ENSMODP00000047764	88.0	S	0.0
Nvec_EDO43261	Pantro_ENSPTRP00000063859	88.0	S	0.0
Nvec_EDO43261	Mondom_ENSMODP00000040149	88.0	S	0.0
Nvec_EDO43261	Ratnor_ENSRNOP00000074871	88.0	S	0.0
Nvec_EDO43261	Tetnig_ENSTNIP00000001773	88.0	S	0.0
Nvec_EDO43261	Pantro_ENSPTRP00000081197	88.0	S	0.0
Nvec_EDO43261	Mondom_ENSMODP00000035744	88.0	S	0.0
Nvec_EDO43261	Mmus_ENSMUSP00000142477	88.0	S	0.0
Nvec_EDO43261	Drer_ENSDARP00000095389	88.0	S	0.0
Nvec_EDO43261	Drer_ENSDARP00000005298	88.0	S	0.0
Nvec_EDO43261	Ratnor_ENSRNOP00000052813	88.0	S	0.0
Nvec_EDO43261	Pantro_ENSPTRP00000041993	88.0	S	0.0
Nvec_EDO43261	Tetnig_ENSTNIP00000003161	88.0	S	0.0
Nvec_EDO43261	Ratnor_ENSRNOP00000070204	88.0	S	0.0
Nvec_EDO43261	Mondom_ENSMODP00000043631	88.0	S	0.0
Nvec_EDO43261	Pantro_ENSPTRP00000088271	88.0	S	0.0
Nvec_EDO43261	Mondom_ENSMODP00000001616	88.0	S	0.0
Nvec_EDO43261	Ratnor_ENSRNOP00000052819	88.0	S	0.0
Nvec_EDO43261	Mmus_ENSMUSP00000000573	88.0	S	0.0
Nvec_EDO43261	Mmus_ENSMUSP00000078134	88.0	S	0.0
Bralan_BL52614_cuf2	Hsap_ENSP00000356198	88.0	S	0.0
Bralan_BL52614_cuf2	Drer_ENSDARP00000138333	88.0	S	0.0
Bralan_BL52614_cuf2	Mmus_ENSMUSP00000029510	88.0	S	0.0
Bralan_BL52614_cuf2	Mmus_ENSMUSP00000080717	88.0	S	0.0
Bralan_BL52614_cuf2	Galgal_ENSGALP00000069949	88.0	S	0.0
Bralan_BL52614_cuf2	Mondom_ENSMODP00000001267	88.0	S	0.0
Bralan_BL52614_cuf2	Canfam_ENSCAFP00000058655	88.0	S	0.0
Bralan_BL52614_cuf2	Drer_ENSDARP00000148464	88.0	S	0.0
Bralan_BL52614_cuf2	Hsap_ENSP00000437082	88.0	S	0.0
Bralan_BL52614_cuf2	Galgal_ENSGALP00000066799	88.0	S	0.0
Bralan_BL52614_cuf2	Mondom_ENSMODP00000001739	88.0	S	0.0
Bralan_BL52614_cuf2	Canfam_ENSCAFP00000032028	88.0	S	0.0
Bralan_BL52614_cuf2	Drer_ENSDARP00000134903	88.0	S	0.0
Bralan_BL52614_cuf2	Ratnor_ENSRNOP00000073705	88.0	S	0.0
Bralan_BL52614_cuf2	Mmus_ENSMUSP00000053923	88.0	S	0.0
Bralan_BL52614_cuf2	Mmus_ENSMUSP00000080851	88.0	S	0.0
Bralan_BL52614_cuf2	Hsap_ENSP00000255409	88.0	S	0.0
Bralan_BL52614_cuf2	Tetnig_ENSTNIP00000000910	88.0	S	0.0
Bralan_BL52614_cuf2	Canfam_ENSCAFP00000020233	88.0	S	0.0
Bralan_BL52614_cuf2	Pantro_ENSPTRP00000001896	88.0	S	0.0
Bralan_BL52614_cuf2	Hsap_ENSP00000358747	88.0	S	0.0
Bralan_BL52614_cuf2	Mondom_ENSMODP00000001804	88.0	S	0.0
Bralan_BL52614_cuf2	Hsap_ENSP00000358755	88.0	S	0.0
Bralan_BL52614_cuf2	Pantro_ENSPTRP00000003133	88.0	S	0.0
Bralan_BL52614_cuf2	Mmus_ENSMUSP00000123979	88.0	S	0.0
Bralan_BL52614_cuf2	Galgal_ENSGALP00000058001	88.0	S	0.0
Bralan_BL52614_cuf2	Drer_ENSDARP00000102083	88.0	S	0.0
Bralan_BL52614_cuf2	Drer_ENSDARP00000135566	88.0	S	0.0
Bralan_BL52614_cuf2	Mondom_ENSMODP00000047764	88.0	S	0.0
Bralan_BL52614_cuf2	Pantro_ENSPTRP00000063859	88.0	S	0.0
Bralan_BL52614_cuf2	Mondom_ENSMODP00000040149	88.0	S	0.0
Bralan_BL52614_cuf2	Ratnor_ENSRNOP00000074871	88.0	S	0.0
Bralan_BL52614_cuf2	Tetnig_ENSTNIP00000001773	88.0	S	0.0
Bralan_BL52614_cuf2	Pantro_ENSPTRP00000081197	88.0	S	0.0
Bralan_BL52614_cuf2	Mondom_ENSMODP00000035744	88.0	S	0.0
Bralan_BL52614_cuf2	Mmus_ENSMUSP00000142477	88.0	S	0.0
Bralan_BL52614_cuf2	Drer_ENSDARP00000095389	88.0	S	0.0
Bralan_BL52614_cuf2	Drer_ENSDARP00000005298	88.0	S	0.0
Bralan_BL52614_cuf2	Ratnor_ENSRNOP00000052813	88.0	S	0.0
Bralan_BL52614_cuf2	Pantro_ENSPTRP00000041993	88.0	S	0.0
Bralan_BL52614_cuf2	Tetnig_ENSTNIP00000003161	88.0	S	0.0
Bralan_BL52614_cuf2	Ratnor_ENSRNOP00000070204	88.0	S	0.0
Bralan_BL52614_cuf2	Mondom_ENSMODP00000043631	88.0	S	0.0
Bralan_BL52614_cuf2	Pantro_ENSPTRP00000088271	88.0	S	0.0
Bralan_BL52614_cuf2	Mondom_ENSMODP00000001616	88.0	S	0.0
Bralan_BL52614_cuf2	Ratnor_ENSRNOP00000052819	88.0	S	0.0
Bralan_BL52614_cuf2	Mmus_ENSMUSP00000000573	88.0	S	0.0
Bralan_BL52614_cuf2	Mmus_ENSMUSP00000078134	88.0	S	0.0
Bralan_BL19132_evm1	Hsap_ENSP00000356198	88.0	S	0.0
Bralan_BL19132_evm1	Drer_ENSDARP00000138333	88.0	S	0.0
Bralan_BL19132_evm1	Mmus_ENSMUSP00000029510	88.0	S	0.0
Bralan_BL19132_evm1	Mmus_ENSMUSP00000080717	88.0	S	0.0
Bralan_BL19132_evm1	Galgal_ENSGALP00000069949	88.0	S	0.0
Bralan_BL19132_evm1	Mondom_ENSMODP00000001267	88.0	S	0.0
Bralan_BL19132_evm1	Canfam_ENSCAFP00000058655	88.0	S	0.0
Bralan_BL19132_evm1	Drer_ENSDARP00000148464	88.0	S	0.0
Bralan_BL19132_evm1	Hsap_ENSP00000437082	88.0	S	0.0
Bralan_BL19132_evm1	Galgal_ENSGALP00000066799	88.0	S	0.0
Bralan_BL19132_evm1	Mondom_ENSMODP00000001739	88.0	S	0.0
Bralan_BL19132_evm1	Canfam_ENSCAFP00000032028	88.0	S	0.0
Bralan_BL19132_evm1	Drer_ENSDARP00000134903	88.0	S	0.0
Bralan_BL19132_evm1	Ratnor_ENSRNOP00000073705	88.0	S	0.0
Bralan_BL19132_evm1	Mmus_ENSMUSP00000053923	88.0	S	0.0
Bralan_BL19132_evm1	Mmus_ENSMUSP00000080851	88.0	S	0.0
Bralan_BL19132_evm1	Hsap_ENSP00000255409	88.0	S	0.0
Bralan_BL19132_evm1	Tetnig_ENSTNIP00000000910	88.0	S	0.0
Bralan_BL19132_evm1	Canfam_ENSCAFP00000020233	88.0	S	0.0
Bralan_BL19132_evm1	Pantro_ENSPTRP00000001896	88.0	S	0.0
Bralan_BL19132_evm1	Hsap_ENSP00000358747	88.0	S	0.0
Bralan_BL19132_evm1	Mondom_ENSMODP00000001804	88.0	S	0.0
Bralan_BL19132_evm1	Hsap_ENSP00000358755	88.0	S	0.0
Bralan_BL19132_evm1	Pantro_ENSPTRP00000003133	88.0	S	0.0
Bralan_BL19132_evm1	Mmus_ENSMUSP00000123979	88.0	S	0.0
Bralan_BL19132_evm1	Galgal_ENSGALP00000058001	88.0	S	0.0
Bralan_BL19132_evm1	Drer_ENSDARP00000102083	88.0	S	0.0
Bralan_BL19132_evm1	Drer_ENSDARP00000135566	88.0	S	0.0
Bralan_BL19132_evm1	Mondom_ENSMODP00000047764	88.0	S	0.0
Bralan_BL19132_evm1	Pantro_ENSPTRP00000063859	88.0	S	0.0
Bralan_BL19132_evm1	Mondom_ENSMODP00000040149	88.0	S	0.0
Bralan_BL19132_evm1	Ratnor_ENSRNOP00000074871	88.0	S	0.0
Bralan_BL19132_evm1	Tetnig_ENSTNIP00000001773	88.0	S	0.0
Bralan_BL19132_evm1	Pantro_ENSPTRP00000081197	88.0	S	0.0
Bralan_BL19132_evm1	Mondom_ENSMODP00000035744	88.0	S	0.0
Bralan_BL19132_evm1	Mmus_ENSMUSP00000142477	88.0	S	0.0
Bralan_BL19132_evm1	Drer_ENSDARP00000095389	88.0	S	0.0
Bralan_BL19132_evm1	Drer_ENSDARP00000005298	88.0	S	0.0
Bralan_BL19132_evm1	Ratnor_ENSRNOP00000052813	88.0	S	0.0
Bralan_BL19132_evm1	Pantro_ENSPTRP00000041993	88.0	S	0.0
Bralan_BL19132_evm1	Tetnig_ENSTNIP00000003161	88.0	S	0.0
Bralan_BL19132_evm1	Ratnor_ENSRNOP00000070204	88.0	S	0.0
Bralan_BL19132_evm1	Mondom_ENSMODP00000043631	88.0	S	0.0
Bralan_BL19132_evm1	Pantro_ENSPTRP00000088271	88.0	S	0.0
Bralan_BL19132_evm1	Mondom_ENSMODP00000001616	88.0	S	0.0
Bralan_BL19132_evm1	Ratnor_ENSRNOP00000052819	88.0	S	0.0
Bralan_BL19132_evm1	Mmus_ENSMUSP00000000573	88.0	S	0.0
Bralan_BL19132_evm1	Mmus_ENSMUSP00000078134	88.0	S	0.0
Nvec_EDO49627	Hsap_ENSP00000356198	88.0	S	0.0
Nvec_EDO49627	Drer_ENSDARP00000138333	88.0	S	0.0
Nvec_EDO49627	Mmus_ENSMUSP00000029510	88.0	S	0.0
Nvec_EDO49627	Mmus_ENSMUSP00000080717	88.0	S	0.0
Nvec_EDO49627	Galgal_ENSGALP00000069949	88.0	S	0.0
Nvec_EDO49627	Mondom_ENSMODP00000001267	88.0	S	0.0
Nvec_EDO49627	Canfam_ENSCAFP00000058655	88.0	S	0.0
Nvec_EDO49627	Drer_ENSDARP00000148464	88.0	S	0.0
Nvec_EDO49627	Hsap_ENSP00000437082	88.0	S	0.0
Nvec_EDO49627	Galgal_ENSGALP00000066799	88.0	S	0.0
Nvec_EDO49627	Mondom_ENSMODP00000001739	88.0	S	0.0
Nvec_EDO49627	Canfam_ENSCAFP00000032028	88.0	S	0.0
Nvec_EDO49627	Drer_ENSDARP00000134903	88.0	S	0.0
Nvec_EDO49627	Ratnor_ENSRNOP00000073705	88.0	S	0.0
Nvec_EDO49627	Mmus_ENSMUSP00000053923	88.0	S	0.0
Nvec_EDO49627	Mmus_ENSMUSP00000080851	88.0	S	0.0
Nvec_EDO49627	Hsap_ENSP00000255409	88.0	S	0.0
Nvec_EDO49627	Tetnig_ENSTNIP00000000910	88.0	S	0.0
Nvec_EDO49627	Canfam_ENSCAFP00000020233	88.0	S	0.0
Nvec_EDO49627	Pantro_ENSPTRP00000001896	88.0	S	0.0
Nvec_EDO49627	Hsap_ENSP00000358747	88.0	S	0.0
Nvec_EDO49627	Mondom_ENSMODP00000001804	88.0	S	0.0
Nvec_EDO49627	Hsap_ENSP00000358755	88.0	S	0.0
Nvec_EDO49627	Pantro_ENSPTRP00000003133	88.0	S	0.0
Nvec_EDO49627	Mmus_ENSMUSP00000123979	88.0	S	0.0
Nvec_EDO49627	Galgal_ENSGALP00000058001	88.0	S	0.0
Nvec_EDO49627	Drer_ENSDARP00000102083	88.0	S	0.0
Nvec_EDO49627	Drer_ENSDARP00000135566	88.0	S	0.0
Nvec_EDO49627	Mondom_ENSMODP00000047764	88.0	S	0.0
Nvec_EDO49627	Pantro_ENSPTRP00000063859	88.0	S	0.0
Nvec_EDO49627	Mondom_ENSMODP00000040149	88.0	S	0.0
Nvec_EDO49627	Ratnor_ENSRNOP00000074871	88.0	S	0.0
Nvec_EDO49627	Tetnig_ENSTNIP00000001773	88.0	S	0.0
Nvec_EDO49627	Pantro_ENSPTRP00000081197	88.0	S	0.0
Nvec_EDO49627	Mondom_ENSMODP00000035744	88.0	S	0.0
Nvec_EDO49627	Mmus_ENSMUSP00000142477	88.0	S	0.0
Nvec_EDO49627	Drer_ENSDARP00000095389	88.0	S	0.0
Nvec_EDO49627	Drer_ENSDARP00000005298	88.0	S	0.0
Nvec_EDO49627	Ratnor_ENSRNOP00000052813	88.0	S	0.0
Nvec_EDO49627	Pantro_ENSPTRP00000041993	88.0	S	0.0
Nvec_EDO49627	Tetnig_ENSTNIP00000003161	88.0	S	0.0
Nvec_EDO49627	Ratnor_ENSRNOP00000070204	88.0	S	0.0
Nvec_EDO49627	Mondom_ENSMODP00000043631	88.0	S	0.0
Nvec_EDO49627	Pantro_ENSPTRP00000088271	88.0	S	0.0
Nvec_EDO49627	Mondom_ENSMODP00000001616	88.0	S	0.0
Nvec_EDO49627	Ratnor_ENSRNOP00000052819	88.0	S	0.0
Nvec_EDO49627	Mmus_ENSMUSP00000000573	88.0	S	0.0
Nvec_EDO49627	Mmus_ENSMUSP00000078134	88.0	S	0.0
Dmel_FBpp0072985	Cele_WBGene00000503.1	1.0	S	0.0
Bralan_BL52614_cuf2	Cint_ENSCINP00000028628	66.0	S	0.0
Bralan_BL52614_cuf2	Nvec_EDO40446	66.0	S	0.0
Bralan_BL52614_cuf2	Nvec_EDO40445	66.0	S	0.0
Bralan_BL52614_cuf2	Nvec_EDO49743	66.0	S	0.0
Bralan_BL52614_cuf2	Nvec_EDO43261	66.0	S	0.0
Bralan_BL52614_cuf2	Nvec_EDO49627	66.0	S	0.0
Bralan_BL15426_cuf14	Cint_ENSCINP00000028628	66.0	S	0.0
Bralan_BL15426_cuf14	Nvec_EDO40446	66.0	S	0.0
Bralan_BL15426_cuf14	Nvec_EDO40445	66.0	S	0.0
Bralan_BL15426_cuf14	Nvec_EDO49743	66.0	S	0.0
Bralan_BL15426_cuf14	Nvec_EDO43261	66.0	S	0.0
Bralan_BL15426_cuf14	Nvec_EDO49627	66.0	S	0.0
Bralan_BL95784_evm1	Cint_ENSCINP00000028628	66.0	S	0.0
Bralan_BL95784_evm1	Nvec_EDO40446	66.0	S	0.0
Bralan_BL95784_evm1	Nvec_EDO40445	66.0	S	0.0
Bralan_BL95784_evm1	Nvec_EDO49743	66.0	S	0.0
Bralan_BL95784_evm1	Nvec_EDO43261	66.0	S	0.0
Bralan_BL95784_evm1	Nvec_EDO49627	66.0	S	0.0
Bralan_BL96483_cuf4	Cint_ENSCINP00000028628	66.0	S	0.0
Bralan_BL96483_cuf4	Nvec_EDO40446	66.0	S	0.0
Bralan_BL96483_cuf4	Nvec_EDO40445	66.0	S	0.0
Bralan_BL96483_cuf4	Nvec_EDO49743	66.0	S	0.0
Bralan_BL96483_cuf4	Nvec_EDO43261	66.0	S	0.0
Bralan_BL96483_cuf4	Nvec_EDO49627	66.0	S	0.0
Bralan_BL95784_evm1	Bralan_BL52614_cuf2	81.0	D	1.0
Bralan_BL95784_evm1	Bralan_BL15426_cuf14	81.0	D	1.0
Bralan_BL95784_evm1	Bralan_BL96483_cuf4	81.0	D	1.0
Cint_ENSCINP00000028628	Nvec_EDO40446	79.0	S	0.0
Cint_ENSCINP00000028628	Nvec_EDO40445	79.0	S	0.0
Cint_ENSCINP00000028628	Nvec_EDO49743	79.0	S	0.0
Cint_ENSCINP00000028628	Nvec_EDO43261	79.0	S	0.0
Cint_ENSCINP00000028628	Nvec_EDO49627	79.0	S	0.0
Mondom_ENSMODP00000035744	Hsap_ENSP00000356198	100.0	S	0.0
Mondom_ENSMODP00000035744	Mmus_ENSMUSP00000123979	100.0	S	0.0
Mondom_ENSMODP00000035744	Ratnor_ENSRNOP00000070204	100.0	S	0.0
Mondom_ENSMODP00000035744	Pantro_ENSPTRP00000041993	100.0	S	0.0
Mondom_ENSMODP00000043631	Drer_ENSDARP00000095389	97.0	S	0.0
Mondom_ENSMODP00000043631	Drer_ENSDARP00000138333	97.0	S	0.0
Mondom_ENSMODP00000043631	Drer_ENSDARP00000005298	97.0	S	0.0
Mondom_ENSMODP00000043631	Drer_ENSDARP00000134903	97.0	S	0.0
Mondom_ENSMODP00000043631	Tetnig_ENSTNIP00000003161	97.0	S	0.0
Mondom_ENSMODP00000043631	Drer_ENSDARP00000148464	97.0	S	0.0
Mondom_ENSMODP00000043631	Drer_ENSDARP00000102083	97.0	S	0.0
Mondom_ENSMODP00000043631	Drer_ENSDARP00000135566	97.0	S	0.0
Mondom_ENSMODP00000043631	Tetnig_ENSTNIP00000000910	97.0	S	0.0
Mondom_ENSMODP00000043631	Tetnig_ENSTNIP00000001773	97.0	S	0.0
Mmus_ENSMUSP00000000573	Drer_ENSDARP00000095389	97.0	S	0.0
Mmus_ENSMUSP00000000573	Drer_ENSDARP00000138333	97.0	S	0.0
Mmus_ENSMUSP00000000573	Drer_ENSDARP00000005298	97.0	S	0.0
Mmus_ENSMUSP00000000573	Drer_ENSDARP00000134903	97.0	S	0.0
Mmus_ENSMUSP00000000573	Tetnig_ENSTNIP00000003161	97.0	S	0.0
Mmus_ENSMUSP00000000573	Drer_ENSDARP00000148464	97.0	S	0.0
Mmus_ENSMUSP00000000573	Drer_ENSDARP00000102083	97.0	S	0.0
Mmus_ENSMUSP00000000573	Drer_ENSDARP00000135566	97.0	S	0.0
Mmus_ENSMUSP00000000573	Tetnig_ENSTNIP00000000910	97.0	S	0.0
Mmus_ENSMUSP00000000573	Tetnig_ENSTNIP00000001773	97.0	S	0.0
Mondom_ENSMODP00000001616	Drer_ENSDARP00000095389	97.0	S	0.0
Mondom_ENSMODP00000001616	Drer_ENSDARP00000138333	97.0	S	0.0
Mondom_ENSMODP00000001616	Drer_ENSDARP00000005298	97.0	S	0.0
Mondom_ENSMODP00000001616	Drer_ENSDARP00000134903	97.0	S	0.0
Mondom_ENSMODP00000001616	Tetnig_ENSTNIP00000003161	97.0	S	0.0
Mondom_ENSMODP00000001616	Drer_ENSDARP00000148464	97.0	S	0.0
Mondom_ENSMODP00000001616	Drer_ENSDARP00000102083	97.0	S	0.0
Mondom_ENSMODP00000001616	Drer_ENSDARP00000135566	97.0	S	0.0
Mondom_ENSMODP00000001616	Tetnig_ENSTNIP00000000910	97.0	S	0.0
Mondom_ENSMODP00000001616	Tetnig_ENSTNIP00000001773	97.0	S	0.0
Canfam_ENSCAFP00000020233	Drer_ENSDARP00000095389	97.0	S	0.0
Canfam_ENSCAFP00000020233	Drer_ENSDARP00000138333	97.0	S	0.0
Canfam_ENSCAFP00000020233	Drer_ENSDARP00000005298	97.0	S	0.0
Canfam_ENSCAFP00000020233	Drer_ENSDARP00000134903	97.0	S	0.0
Canfam_ENSCAFP00000020233	Tetnig_ENSTNIP00000003161	97.0	S	0.0
Canfam_ENSCAFP00000020233	Drer_ENSDARP00000148464	97.0	S	0.0
Canfam_ENSCAFP00000020233	Drer_ENSDARP00000102083	97.0	S	0.0
Canfam_ENSCAFP00000020233	Drer_ENSDARP00000135566	97.0	S	0.0
Canfam_ENSCAFP00000020233	Tetnig_ENSTNIP00000000910	97.0	S	0.0
Canfam_ENSCAFP00000020233	Tetnig_ENSTNIP00000001773	97.0	S	0.0
Pantro_ENSPTRP00000001896	Drer_ENSDARP00000095389	97.0	S	0.0
Pantro_ENSPTRP00000001896	Drer_ENSDARP00000138333	97.0	S	0.0
Pantro_ENSPTRP00000001896	Drer_ENSDARP00000005298	97.0	S	0.0
Pantro_ENSPTRP00000001896	Drer_ENSDARP00000134903	97.0	S	0.0
Pantro_ENSPTRP00000001896	Tetnig_ENSTNIP00000003161	97.0	S	0.0
Pantro_ENSPTRP00000001896	Drer_ENSDARP00000148464	97.0	S	0.0
Pantro_ENSPTRP00000001896	Drer_ENSDARP00000102083	97.0	S	0.0
Pantro_ENSPTRP00000001896	Drer_ENSDARP00000135566	97.0	S	0.0
Pantro_ENSPTRP00000001896	Tetnig_ENSTNIP00000000910	97.0	S	0.0
Pantro_ENSPTRP00000001896	Tetnig_ENSTNIP00000001773	97.0	S	0.0
Mondom_ENSMODP00000001739	Drer_ENSDARP00000095389	97.0	S	0.0
Mondom_ENSMODP00000001739	Drer_ENSDARP00000138333	97.0	S	0.0
Mondom_ENSMODP00000001739	Drer_ENSDARP00000005298	97.0	S	0.0
Mondom_ENSMODP00000001739	Drer_ENSDARP00000134903	97.0	S	0.0
Mondom_ENSMODP00000001739	Tetnig_ENSTNIP00000003161	97.0	S	0.0
Mondom_ENSMODP00000001739	Drer_ENSDARP00000148464	97.0	S	0.0
Mondom_ENSMODP00000001739	Drer_ENSDARP00000102083	97.0	S	0.0
Mondom_ENSMODP00000001739	Drer_ENSDARP00000135566	97.0	S	0.0
Mondom_ENSMODP00000001739	Tetnig_ENSTNIP00000000910	97.0	S	0.0
Mondom_ENSMODP00000001739	Tetnig_ENSTNIP00000001773	97.0	S	0.0
Hsap_ENSP00000358747	Drer_ENSDARP00000095389	97.0	S	0.0
Hsap_ENSP00000358747	Drer_ENSDARP00000138333	97.0	S	0.0
Hsap_ENSP00000358747	Drer_ENSDARP00000005298	97.0	S	0.0
Hsap_ENSP00000358747	Drer_ENSDARP00000134903	97.0	S	0.0
Hsap_ENSP00000358747	Tetnig_ENSTNIP00000003161	97.0	S	0.0
Hsap_ENSP00000358747	Drer_ENSDARP00000148464	97.0	S	0.0
Hsap_ENSP00000358747	Drer_ENSDARP00000102083	97.0	S	0.0
Hsap_ENSP00000358747	Drer_ENSDARP00000135566	97.0	S	0.0
Hsap_ENSP00000358747	Tetnig_ENSTNIP00000000910	97.0	S	0.0
Hsap_ENSP00000358747	Tetnig_ENSTNIP00000001773	97.0	S	0.0
Dmel_FBpp0072677	Dmel_FBpp0071471	68.0	D	1.0
Dmel_FBpp0072677	Dmel_FBpp0071463	68.0	D	1.0
Dmel_FBpp0072677	Dmel_FBpp0071473	68.0	D	1.0
Dmel_FBpp0072677	Dmel_FBpp0071472	68.0	D	1.0
Cele_WBGene00011757.1	Cele_WBGene00011162.1	100.0	D	1.0
Cele_WBGene00011757.1	Cele_WBGene00017233.1	100.0	D	1.0
Cele_WBGene00011757.1	Cele_WBGene00007465.1	100.0	D	1.0
Cele_WBGene00011757.1	Cele_WBGene00007470.1	100.0	D	1.0
Cele_WBGene00011757.1	Cele_WBGene00007473.1	100.0	D	1.0
Cele_WBGene00011757.1	Cele_WBGene00007472.1	100.0	D	1.0
Cele_WBGene00011757.1	Cele_WBGene00007469.1	100.0	D	1.0
Cele_WBGene00011757.1	Cele_WBGene00011157.1	100.0	D	1.0
Cele_WBGene00011757.1	Cele_WBGene00011166.1	100.0	D	1.0
Cele_WBGene00011757.1	Cele_WBGene00020407.1	100.0	D	1.0
Cele_WBGene00011757.1	Cele_WBGene00011161.1	100.0	D	1.0
Cele_WBGene00011757.1	Cele_WBGene00014162.1	100.0	D	1.0
Cele_WBGene00011757.1	Cele_WBGene00011159.1	100.0	D	1.0
Cele_WBGene00011757.1	Cele_WBGene00016665.1	100.0	D	1.0
Cele_WBGene00011757.1	Cele_WBGene00010799.1	100.0	D	1.0
Cele_WBGene00011757.1	Cele_WBGene00011164.1	100.0	D	1.0
Cele_WBGene00011757.1	Cele_WBGene00011158.1	100.0	D	1.0
Cele_WBGene00011757.1	Cele_WBGene00020141.1	100.0	D	1.0
Cele_WBGene00011757.1	Cele_WBGene00011846.1	100.0	D	1.0
Cele_WBGene00011757.1	Cele_WBGene00010945.1	100.0	D	1.0
Cele_WBGene00011757.1	Cele_WBGene00011163.1	100.0	D	1.0
Bralan_BL15426_cuf14	Bralan_BL52614_cuf2	74.0	D	1.0
Bralan_BL15426_cuf14	Bralan_BL96483_cuf4	74.0	D	1.0
Nvec_EDO43261	Nvec_EDO49743	100.0	D	1.0
Nvec_EDO43261	Nvec_EDO40446	100.0	D	1.0
Nvec_EDO43261	Nvec_EDO40445	100.0	D	1.0
Nvec_EDO43261	Nvec_EDO49627	100.0	D	1.0
Hsap_ENSP00000356198	Mmus_ENSMUSP00000123979	100.0	S	0.0
Hsap_ENSP00000356198	Ratnor_ENSRNOP00000070204	100.0	S	0.0
Pantro_ENSPTRP00000041993	Mmus_ENSMUSP00000123979	100.0	S	0.0
Pantro_ENSPTRP00000041993	Ratnor_ENSRNOP00000070204	100.0	S	0.0
Mondom_ENSMODP00000001804	Hsap_ENSP00000437082	100.0	S	0.0
Mondom_ENSMODP00000001804	Pantro_ENSPTRP00000088271	100.0	S	0.0
Mondom_ENSMODP00000001267	Mmus_ENSMUSP00000080717	100.0	S	0.0
Mondom_ENSMODP00000001267	Canfam_ENSCAFP00000058655	100.0	S	0.0
Mondom_ENSMODP00000001267	Hsap_ENSP00000255409	100.0	S	0.0
Mondom_ENSMODP00000001267	Ratnor_ENSRNOP00000074871	100.0	S	0.0
Mondom_ENSMODP00000001267	Pantro_ENSPTRP00000003133	100.0	S	0.0
Galgal_ENSGALP00000069949	Hsap_ENSP00000358755	100.0	S	0.0
Galgal_ENSGALP00000069949	Canfam_ENSCAFP00000032028	100.0	S	0.0
Galgal_ENSGALP00000069949	Mmus_ENSMUSP00000142477	100.0	S	0.0
Galgal_ENSGALP00000069949	Mmus_ENSMUSP00000029510	100.0	S	0.0
Galgal_ENSGALP00000069949	Ratnor_ENSRNOP00000073705	100.0	S	0.0
Galgal_ENSGALP00000069949	Ratnor_ENSRNOP00000052813	100.0	S	0.0
Galgal_ENSGALP00000069949	Mmus_ENSMUSP00000053923	100.0	S	0.0
Galgal_ENSGALP00000069949	Mmus_ENSMUSP00000080851	100.0	S	0.0
Galgal_ENSGALP00000069949	Ratnor_ENSRNOP00000052819	100.0	S	0.0
Galgal_ENSGALP00000069949	Mondom_ENSMODP00000047764	100.0	S	0.0
Galgal_ENSGALP00000069949	Pantro_ENSPTRP00000063859	100.0	S	0.0
Galgal_ENSGALP00000069949	Pantro_ENSPTRP00000081197	100.0	S	0.0
Galgal_ENSGALP00000069949	Mmus_ENSMUSP00000078134	100.0	S	0.0
Galgal_ENSGALP00000066799	Hsap_ENSP00000358755	100.0	S	0.0
Galgal_ENSGALP00000066799	Canfam_ENSCAFP00000032028	100.0	S	0.0
Galgal_ENSGALP00000066799	Mmus_ENSMUSP00000142477	100.0	S	0.0
Galgal_ENSGALP00000066799	Mmus_ENSMUSP00000029510	100.0	S	0.0
Galgal_ENSGALP00000066799	Ratnor_ENSRNOP00000073705	100.0	S	0.0
Galgal_ENSGALP00000066799	Ratnor_ENSRNOP00000052813	100.0	S	0.0
Galgal_ENSGALP00000066799	Mmus_ENSMUSP00000053923	100.0	S	0.0
Galgal_ENSGALP00000066799	Mmus_ENSMUSP00000080851	100.0	S	0.0
Galgal_ENSGALP00000066799	Ratnor_ENSRNOP00000052819	100.0	S	0.0
Galgal_ENSGALP00000066799	Mondom_ENSMODP00000047764	100.0	S	0.0
Galgal_ENSGALP00000066799	Pantro_ENSPTRP00000063859	100.0	S	0.0
Galgal_ENSGALP00000066799	Pantro_ENSPTRP00000081197	100.0	S	0.0
Galgal_ENSGALP00000066799	Mmus_ENSMUSP00000078134	100.0	S	0.0
Galgal_ENSGALP00000058001	Hsap_ENSP00000358755	100.0	S	0.0
Galgal_ENSGALP00000058001	Canfam_ENSCAFP00000032028	100.0	S	0.0
Galgal_ENSGALP00000058001	Mmus_ENSMUSP00000142477	100.0	S	0.0
Galgal_ENSGALP00000058001	Mmus_ENSMUSP00000029510	100.0	S	0.0
Galgal_ENSGALP00000058001	Ratnor_ENSRNOP00000073705	100.0	S	0.0
Galgal_ENSGALP00000058001	Ratnor_ENSRNOP00000052813	100.0	S	0.0
Galgal_ENSGALP00000058001	Mmus_ENSMUSP00000053923	100.0	S	0.0
Galgal_ENSGALP00000058001	Mmus_ENSMUSP00000080851	100.0	S	0.0
Galgal_ENSGALP00000058001	Ratnor_ENSRNOP00000052819	100.0	S	0.0
Galgal_ENSGALP00000058001	Mondom_ENSMODP00000047764	100.0	S	0.0
Galgal_ENSGALP00000058001	Pantro_ENSPTRP00000063859	100.0	S	0.0
Galgal_ENSGALP00000058001	Pantro_ENSPTRP00000081197	100.0	S	0.0
Galgal_ENSGALP00000058001	Mmus_ENSMUSP00000078134	100.0	S	0.0
Dmel_FBpp0110419	Mlei_ML07445a-PA	95.0	S	0.0
Dmel_FBpp0110419	Mlei_ML368913a-PA	95.0	S	0.0
Dmel_FBpp0071473	Dmel_FBpp0071471	53.0	D	1.0
Dmel_FBpp0071473	Dmel_FBpp0071463	53.0	D	1.0
Dmel_FBpp0071473	Dmel_FBpp0071472	53.0	D	1.0
Dmel_FBpp0071000	Cele_WBGene00021252.1	100.0	S	0.0
Cele_WBGene00016084.1	Dmel_FBpp0080417	92.0	S	0.0
Cele_WBGene00016084.1	Dmel_FBpp0086257	92.0	S	0.0
Cele_WBGene00016084.1	Dmel_FBpp0309782	92.0	S	0.0
Cele_WBGene00016084.1	Dmel_FBpp0080419	92.0	S	0.0
Cele_WBGene00016084.1	Dmel_FBpp0085849	92.0	S	0.0
Cele_WBGene00016084.1	Dmel_FBpp0080418	92.0	S	0.0
Cele_WBGene00017233.1	Cele_WBGene00010799.1	91.0	D	1.0
Cele_WBGene00017233.1	Cele_WBGene00011162.1	91.0	D	1.0
Cele_WBGene00017233.1	Cele_WBGene00011161.1	91.0	D	1.0
Cele_WBGene00017233.1	Cele_WBGene00011163.1	91.0	D	1.0
Cele_WBGene00017233.1	Cele_WBGene00007469.1	91.0	D	1.0
Cele_WBGene00017233.1	Cele_WBGene00007465.1	91.0	D	1.0
Cele_WBGene00017233.1	Cele_WBGene00011164.1	91.0	D	1.0
Cele_WBGene00017233.1	Cele_WBGene00014162.1	91.0	D	1.0
Cele_WBGene00017233.1	Cele_WBGene00011157.1	91.0	D	1.0
Cele_WBGene00017233.1	Cele_WBGene00007470.1	91.0	D	1.0
Cele_WBGene00017233.1	Cele_WBGene00011166.1	91.0	D	1.0
Cele_WBGene00017233.1	Cele_WBGene00011159.1	91.0	D	1.0
Cele_WBGene00017233.1	Cele_WBGene00011158.1	91.0	D	1.0
Cele_WBGene00017233.1	Cele_WBGene00011846.1	91.0	D	1.0
Cele_WBGene00017233.1	Cele_WBGene00010945.1	91.0	D	1.0
Cele_WBGene00017233.1	Cele_WBGene00007473.1	91.0	D	1.0
Cele_WBGene00017233.1	Cele_WBGene00007472.1	91.0	D	1.0
Cele_WBGene00017233.1	Cele_WBGene00016665.1	91.0	D	1.0
Cele_WBGene00017233.1	Cele_WBGene00020407.1	91.0	D	1.0
Cele_WBGene00020141.1	Cele_WBGene00010799.1	91.0	D	1.0
Cele_WBGene00020141.1	Cele_WBGene00011162.1	91.0	D	1.0
Cele_WBGene00020141.1	Cele_WBGene00011161.1	91.0	D	1.0
Cele_WBGene00020141.1	Cele_WBGene00011163.1	91.0	D	1.0
Cele_WBGene00020141.1	Cele_WBGene00007469.1	91.0	D	1.0
Cele_WBGene00020141.1	Cele_WBGene00007465.1	91.0	D	1.0
Cele_WBGene00020141.1	Cele_WBGene00011164.1	91.0	D	1.0
Cele_WBGene00020141.1	Cele_WBGene00014162.1	91.0	D	1.0
Cele_WBGene00020141.1	Cele_WBGene00011157.1	91.0	D	1.0
Cele_WBGene00020141.1	Cele_WBGene00007470.1	91.0	D	1.0
Cele_WBGene00020141.1	Cele_WBGene00011166.1	91.0	D	1.0
Cele_WBGene00020141.1	Cele_WBGene00011159.1	91.0	D	1.0
Cele_WBGene00020141.1	Cele_WBGene00011158.1	91.0	D	1.0
Cele_WBGene00020141.1	Cele_WBGene00011846.1	91.0	D	1.0
Cele_WBGene00020141.1	Cele_WBGene00010945.1	91.0	D	1.0
Cele_WBGene00020141.1	Cele_WBGene00007473.1	91.0	D	1.0
Cele_WBGene00020141.1	Cele_WBGene00007472.1	91.0	D	1.0
Cele_WBGene00020141.1	Cele_WBGene00016665.1	91.0	D	1.0
Cele_WBGene00020141.1	Cele_WBGene00020407.1	91.0	D	1.0
Bralan_BL96483_cuf4	Bralan_BL52614_cuf2	91.0	D	1.0
Nvec_EDO49743	Nvec_EDO40446	98.0	D	1.0
Nvec_EDO49743	Nvec_EDO40445	98.0	D	1.0
Nvec_EDO49743	Nvec_EDO49627	98.0	D	1.0
Pantro_ENSPTRP00000041993	Hsap_ENSP00000356198	100.0	S	0.0
Ratnor_ENSRNOP00000070204	Mmus_ENSMUSP00000123979	100.0	S	0.0
Hsap_ENSP00000437082	Pantro_ENSPTRP00000088271	100.0	S	0.0
Mmus_ENSMUSP00000080717	Canfam_ENSCAFP00000058655	100.0	S	0.0
Mmus_ENSMUSP00000080717	Hsap_ENSP00000255409	100.0	S	0.0
Mmus_ENSMUSP00000080717	Pantro_ENSPTRP00000003133	100.0	S	0.0
Ratnor_ENSRNOP00000074871	Canfam_ENSCAFP00000058655	100.0	S	0.0
Ratnor_ENSRNOP00000074871	Hsap_ENSP00000255409	100.0	S	0.0
Ratnor_ENSRNOP00000074871	Pantro_ENSPTRP00000003133	100.0	S	0.0
Galgal_ENSGALP00000066799	Galgal_ENSGALP00000069949	100.0	D	1.0
Galgal_ENSGALP00000066799	Galgal_ENSGALP00000058001	100.0	D	1.0
Mondom_ENSMODP00000043631	Mondom_ENSMODP00000001739	100.0	D	1.0
Mondom_ENSMODP00000001616	Canfam_ENSCAFP00000020233	100.0	S	0.0
Mondom_ENSMODP00000001616	Pantro_ENSPTRP00000001896	100.0	S	0.0
Mondom_ENSMODP00000001616	Mmus_ENSMUSP00000000573	100.0	S	0.0
Mondom_ENSMODP00000001616	Hsap_ENSP00000358747	100.0	S	0.0
Mlei_ML368913a-PA	Mlei_ML07445a-PA	100.0	D	1.0
Dmel_FBpp0071463	Dmel_FBpp0071471	100.0	D	1.0
Dmel_FBpp0071463	Dmel_FBpp0071472	100.0	D	1.0
Dmel_FBpp0085849	Dmel_FBpp0080417	100.0	D	1.0
Dmel_FBpp0085849	Dmel_FBpp0309782	100.0	D	1.0
Dmel_FBpp0085849	Dmel_FBpp0086257	100.0	D	1.0
Dmel_FBpp0085849	Dmel_FBpp0080419	100.0	D	1.0
Dmel_FBpp0085849	Dmel_FBpp0080418	100.0	D	1.0
Cele_WBGene00020141.1	Cele_WBGene00017233.1	100.0	D	1.0
Cele_WBGene00007465.1	Cele_WBGene00010799.1	100.0	D	1.0
Cele_WBGene00007465.1	Cele_WBGene00011162.1	100.0	D	1.0
Cele_WBGene00007465.1	Cele_WBGene00011161.1	100.0	D	1.0
Cele_WBGene00007465.1	Cele_WBGene00011163.1	100.0	D	1.0
Cele_WBGene00007465.1	Cele_WBGene00011164.1	100.0	D	1.0
Cele_WBGene00007465.1	Cele_WBGene00011157.1	100.0	D	1.0
Cele_WBGene00007465.1	Cele_WBGene00011158.1	100.0	D	1.0
Cele_WBGene00007465.1	Cele_WBGene00011166.1	100.0	D	1.0
Cele_WBGene00007465.1	Cele_WBGene00011159.1	100.0	D	1.0
Cele_WBGene00007465.1	Cele_WBGene00011846.1	100.0	D	1.0
Cele_WBGene00007465.1	Cele_WBGene00010945.1	100.0	D	1.0
Cele_WBGene00007465.1	Cele_WBGene00016665.1	100.0	D	1.0
Cele_WBGene00007465.1	Cele_WBGene00020407.1	100.0	D	1.0
Cele_WBGene00007469.1	Cele_WBGene00010799.1	100.0	D	1.0
Cele_WBGene00007469.1	Cele_WBGene00011162.1	100.0	D	1.0
Cele_WBGene00007469.1	Cele_WBGene00011161.1	100.0	D	1.0
Cele_WBGene00007469.1	Cele_WBGene00011163.1	100.0	D	1.0
Cele_WBGene00007469.1	Cele_WBGene00011164.1	100.0	D	1.0
Cele_WBGene00007469.1	Cele_WBGene00011157.1	100.0	D	1.0
Cele_WBGene00007469.1	Cele_WBGene00011158.1	100.0	D	1.0
Cele_WBGene00007469.1	Cele_WBGene00011166.1	100.0	D	1.0
Cele_WBGene00007469.1	Cele_WBGene00011159.1	100.0	D	1.0
Cele_WBGene00007469.1	Cele_WBGene00011846.1	100.0	D	1.0
Cele_WBGene00007469.1	Cele_WBGene00010945.1	100.0	D	1.0
Cele_WBGene00007469.1	Cele_WBGene00016665.1	100.0	D	1.0
Cele_WBGene00007469.1	Cele_WBGene00020407.1	100.0	D	1.0
Cele_WBGene00014162.1	Cele_WBGene00010799.1	100.0	D	1.0
Cele_WBGene00014162.1	Cele_WBGene00011162.1	100.0	D	1.0
Cele_WBGene00014162.1	Cele_WBGene00011161.1	100.0	D	1.0
Cele_WBGene00014162.1	Cele_WBGene00011163.1	100.0	D	1.0
Cele_WBGene00014162.1	Cele_WBGene00011164.1	100.0	D	1.0
Cele_WBGene00014162.1	Cele_WBGene00011157.1	100.0	D	1.0
Cele_WBGene00014162.1	Cele_WBGene00011158.1	100.0	D	1.0
Cele_WBGene00014162.1	Cele_WBGene00011166.1	100.0	D	1.0
Cele_WBGene00014162.1	Cele_WBGene00011159.1	100.0	D	1.0
Cele_WBGene00014162.1	Cele_WBGene00011846.1	100.0	D	1.0
Cele_WBGene00014162.1	Cele_WBGene00010945.1	100.0	D	1.0
Cele_WBGene00014162.1	Cele_WBGene00016665.1	100.0	D	1.0
Cele_WBGene00014162.1	Cele_WBGene00020407.1	100.0	D	1.0
Cele_WBGene00007470.1	Cele_WBGene00010799.1	100.0	D	1.0
Cele_WBGene00007470.1	Cele_WBGene00011162.1	100.0	D	1.0
Cele_WBGene00007470.1	Cele_WBGene00011161.1	100.0	D	1.0
Cele_WBGene00007470.1	Cele_WBGene00011163.1	100.0	D	1.0
Cele_WBGene00007470.1	Cele_WBGene00011164.1	100.0	D	1.0
Cele_WBGene00007470.1	Cele_WBGene00011157.1	100.0	D	1.0
Cele_WBGene00007470.1	Cele_WBGene00011158.1	100.0	D	1.0
Cele_WBGene00007470.1	Cele_WBGene00011166.1	100.0	D	1.0
Cele_WBGene00007470.1	Cele_WBGene00011159.1	100.0	D	1.0
Cele_WBGene00007470.1	Cele_WBGene00011846.1	100.0	D	1.0
Cele_WBGene00007470.1	Cele_WBGene00010945.1	100.0	D	1.0
Cele_WBGene00007470.1	Cele_WBGene00016665.1	100.0	D	1.0
Cele_WBGene00007470.1	Cele_WBGene00020407.1	100.0	D	1.0
Cele_WBGene00007473.1	Cele_WBGene00010799.1	100.0	D	1.0
Cele_WBGene00007473.1	Cele_WBGene00011162.1	100.0	D	1.0
Cele_WBGene00007473.1	Cele_WBGene00011161.1	100.0	D	1.0
Cele_WBGene00007473.1	Cele_WBGene00011163.1	100.0	D	1.0
Cele_WBGene00007473.1	Cele_WBGene00011164.1	100.0	D	1.0
Cele_WBGene00007473.1	Cele_WBGene00011157.1	100.0	D	1.0
Cele_WBGene00007473.1	Cele_WBGene00011158.1	100.0	D	1.0
Cele_WBGene00007473.1	Cele_WBGene00011166.1	100.0	D	1.0
Cele_WBGene00007473.1	Cele_WBGene00011159.1	100.0	D	1.0
Cele_WBGene00007473.1	Cele_WBGene00011846.1	100.0	D	1.0
Cele_WBGene00007473.1	Cele_WBGene00010945.1	100.0	D	1.0
Cele_WBGene00007473.1	Cele_WBGene00016665.1	100.0	D	1.0
Cele_WBGene00007473.1	Cele_WBGene00020407.1	100.0	D	1.0
Cele_WBGene00007472.1	Cele_WBGene00010799.1	100.0	D	1.0
Cele_WBGene00007472.1	Cele_WBGene00011162.1	100.0	D	1.0
Cele_WBGene00007472.1	Cele_WBGene00011161.1	100.0	D	1.0
Cele_WBGene00007472.1	Cele_WBGene00011163.1	100.0	D	1.0
Cele_WBGene00007472.1	Cele_WBGene00011164.1	100.0	D	1.0
Cele_WBGene00007472.1	Cele_WBGene00011157.1	100.0	D	1.0
Cele_WBGene00007472.1	Cele_WBGene00011158.1	100.0	D	1.0
Cele_WBGene00007472.1	Cele_WBGene00011166.1	100.0	D	1.0
Cele_WBGene00007472.1	Cele_WBGene00011159.1	100.0	D	1.0
Cele_WBGene00007472.1	Cele_WBGene00011846.1	100.0	D	1.0
Cele_WBGene00007472.1	Cele_WBGene00010945.1	100.0	D	1.0
Cele_WBGene00007472.1	Cele_WBGene00016665.1	100.0	D	1.0
Cele_WBGene00007472.1	Cele_WBGene00020407.1	100.0	D	1.0
Nvec_EDO49627	Nvec_EDO40446	98.0	D	1.0
Nvec_EDO49627	Nvec_EDO40445	98.0	D	1.0
Ratnor_ENSRNOP00000074871	Mmus_ENSMUSP00000080717	100.0	S	0.0
Canfam_ENSCAFP00000058655	Hsap_ENSP00000255409	99.0	S	0.0
Canfam_ENSCAFP00000058655	Pantro_ENSPTRP00000003133	99.0	S	0.0
Galgal_ENSGALP00000058001	Galgal_ENSGALP00000069949	100.0	D	1.0
Mondom_ENSMODP00000047764	Pantro_ENSPTRP00000063859	84.0	S	0.0
Canfam_ENSCAFP00000032028	Hsap_ENSP00000358755	84.0	S	0.0
Canfam_ENSCAFP00000032028	Mmus_ENSMUSP00000142477	84.0	S	0.0
Canfam_ENSCAFP00000032028	Mmus_ENSMUSP00000029510	84.0	S	0.0
Canfam_ENSCAFP00000032028	Ratnor_ENSRNOP00000073705	84.0	S	0.0
Canfam_ENSCAFP00000032028	Ratnor_ENSRNOP00000052813	84.0	S	0.0
Canfam_ENSCAFP00000032028	Mmus_ENSMUSP00000053923	84.0	S	0.0
Canfam_ENSCAFP00000032028	Mmus_ENSMUSP00000080851	84.0	S	0.0
Canfam_ENSCAFP00000032028	Ratnor_ENSRNOP00000052819	84.0	S	0.0
Canfam_ENSCAFP00000032028	Pantro_ENSPTRP00000081197	84.0	S	0.0
Canfam_ENSCAFP00000032028	Mmus_ENSMUSP00000078134	84.0	S	0.0
Canfam_ENSCAFP00000020233	Mmus_ENSMUSP00000000573	100.0	S	0.0
Canfam_ENSCAFP00000020233	Pantro_ENSPTRP00000001896	100.0	S	0.0
Canfam_ENSCAFP00000020233	Hsap_ENSP00000358747	100.0	S	0.0
Tetnig_ENSTNIP00000003161	Drer_ENSDARP00000102083	92.0	S	0.0
Dmel_FBpp0071472	Dmel_FBpp0071471	100.0	D	1.0
Dmel_FBpp0309782	Dmel_FBpp0080418	69.0	D	1.0
Dmel_FBpp0309782	Dmel_FBpp0080417	69.0	D	1.0
Dmel_FBpp0309782	Dmel_FBpp0080419	69.0	D	1.0
Dmel_FBpp0309782	Dmel_FBpp0086257	69.0	D	1.0
Cele_WBGene00007472.1	Cele_WBGene00007465.1	81.0	D	1.0
Cele_WBGene00007472.1	Cele_WBGene00007469.1	81.0	D	1.0
Cele_WBGene00007472.1	Cele_WBGene00014162.1	81.0	D	1.0
Cele_WBGene00007472.1	Cele_WBGene00007470.1	81.0	D	1.0
Cele_WBGene00007472.1	Cele_WBGene00007473.1	81.0	D	1.0
Cele_WBGene00011158.1	Cele_WBGene00010799.1	100.0	D	1.0
Cele_WBGene00011158.1	Cele_WBGene00011162.1	100.0	D	1.0
Cele_WBGene00011158.1	Cele_WBGene00011161.1	100.0	D	1.0
Cele_WBGene00011158.1	Cele_WBGene00011164.1	100.0	D	1.0
Cele_WBGene00011158.1	Cele_WBGene00011166.1	100.0	D	1.0
Cele_WBGene00011158.1	Cele_WBGene00020407.1	100.0	D	1.0
Cele_WBGene00011158.1	Cele_WBGene00011846.1	100.0	D	1.0
Cele_WBGene00011158.1	Cele_WBGene00016665.1	100.0	D	1.0
Cele_WBGene00011158.1	Cele_WBGene00011163.1	100.0	D	1.0
Cele_WBGene00010945.1	Cele_WBGene00010799.1	100.0	D	1.0
Cele_WBGene00010945.1	Cele_WBGene00011162.1	100.0	D	1.0
Cele_WBGene00010945.1	Cele_WBGene00011161.1	100.0	D	1.0
Cele_WBGene00010945.1	Cele_WBGene00011164.1	100.0	D	1.0
Cele_WBGene00010945.1	Cele_WBGene00011166.1	100.0	D	1.0
Cele_WBGene00010945.1	Cele_WBGene00020407.1	100.0	D	1.0
Cele_WBGene00010945.1	Cele_WBGene00011846.1	100.0	D	1.0
Cele_WBGene00010945.1	Cele_WBGene00016665.1	100.0	D	1.0
Cele_WBGene00010945.1	Cele_WBGene00011163.1	100.0	D	1.0
Cele_WBGene00011159.1	Cele_WBGene00010799.1	100.0	D	1.0
Cele_WBGene00011159.1	Cele_WBGene00011162.1	100.0	D	1.0
Cele_WBGene00011159.1	Cele_WBGene00011161.1	100.0	D	1.0
Cele_WBGene00011159.1	Cele_WBGene00011164.1	100.0	D	1.0
Cele_WBGene00011159.1	Cele_WBGene00011166.1	100.0	D	1.0
Cele_WBGene00011159.1	Cele_WBGene00020407.1	100.0	D	1.0
Cele_WBGene00011159.1	Cele_WBGene00011846.1	100.0	D	1.0
Cele_WBGene00011159.1	Cele_WBGene00016665.1	100.0	D	1.0
Cele_WBGene00011159.1	Cele_WBGene00011163.1	100.0	D	1.0
Cele_WBGene00011157.1	Cele_WBGene00010799.1	100.0	D	1.0
Cele_WBGene00011157.1	Cele_WBGene00011162.1	100.0	D	1.0
Cele_WBGene00011157.1	Cele_WBGene00011161.1	100.0	D	1.0
Cele_WBGene00011157.1	Cele_WBGene00011164.1	100.0	D	1.0
Cele_WBGene00011157.1	Cele_WBGene00011166.1	100.0	D	1.0
Cele_WBGene00011157.1	Cele_WBGene00020407.1	100.0	D	1.0
Cele_WBGene00011157.1	Cele_WBGene00011846.1	100.0	D	1.0
Cele_WBGene00011157.1	Cele_WBGene00016665.1	100.0	D	1.0
Cele_WBGene00011157.1	Cele_WBGene00011163.1	100.0	D	1.0
Nvec_EDO40445	Nvec_EDO40446	100.0	D	1.0
Pantro_ENSPTRP00000003133	Hsap_ENSP00000255409	100.0	S	0.0
Hsap_ENSP00000358755	Mmus_ENSMUSP00000142477	79.0	S	0.0
Hsap_ENSP00000358755	Mmus_ENSMUSP00000029510	79.0	S	0.0
Hsap_ENSP00000358755	Ratnor_ENSRNOP00000073705	79.0	S	0.0
Hsap_ENSP00000358755	Ratnor_ENSRNOP00000052813	79.0	S	0.0
Hsap_ENSP00000358755	Mmus_ENSMUSP00000053923	79.0	S	0.0
Hsap_ENSP00000358755	Mmus_ENSMUSP00000080851	79.0	S	0.0
Hsap_ENSP00000358755	Ratnor_ENSRNOP00000052819	79.0	S	0.0
Hsap_ENSP00000358755	Mmus_ENSMUSP00000078134	79.0	S	0.0
Pantro_ENSPTRP00000081197	Mmus_ENSMUSP00000142477	79.0	S	0.0
Pantro_ENSPTRP00000081197	Mmus_ENSMUSP00000029510	79.0	S	0.0
Pantro_ENSPTRP00000081197	Ratnor_ENSRNOP00000073705	79.0	S	0.0
Pantro_ENSPTRP00000081197	Ratnor_ENSRNOP00000052813	79.0	S	0.0
Pantro_ENSPTRP00000081197	Mmus_ENSMUSP00000053923	79.0	S	0.0
Pantro_ENSPTRP00000081197	Mmus_ENSMUSP00000080851	79.0	S	0.0
Pantro_ENSPTRP00000081197	Ratnor_ENSRNOP00000052819	79.0	S	0.0
Pantro_ENSPTRP00000081197	Mmus_ENSMUSP00000078134	79.0	S	0.0
Mmus_ENSMUSP00000000573	Pantro_ENSPTRP00000001896	100.0	S	0.0
Mmus_ENSMUSP00000000573	Hsap_ENSP00000358747	100.0	S	0.0
Drer_ENSDARP00000135566	Drer_ENSDARP00000095389	100.0	D	1.0
Drer_ENSDARP00000135566	Drer_ENSDARP00000005298	100.0	D	1.0
Tetnig_ENSTNIP00000000910	Drer_ENSDARP00000138333	100.0	S	0.0
Tetnig_ENSTNIP00000000910	Drer_ENSDARP00000134903	100.0	S	0.0
Dmel_FBpp0086257	Dmel_FBpp0080418	94.0	D	1.0
Dmel_FBpp0086257	Dmel_FBpp0080417	94.0	D	1.0
Dmel_FBpp0086257	Dmel_FBpp0080419	94.0	D	1.0
Cele_WBGene00007473.1	Cele_WBGene00007470.1	99.0	D	1.0
Cele_WBGene00007473.1	Cele_WBGene00007465.1	99.0	D	1.0
Cele_WBGene00007473.1	Cele_WBGene00007469.1	99.0	D	1.0
Cele_WBGene00007473.1	Cele_WBGene00014162.1	99.0	D	1.0
Cele_WBGene00011158.1	Cele_WBGene00010945.1	99.0	D	1.0
Cele_WBGene00011158.1	Cele_WBGene00011159.1	99.0	D	1.0
Cele_WBGene00011157.1	Cele_WBGene00010945.1	99.0	D	1.0
Cele_WBGene00011157.1	Cele_WBGene00011159.1	99.0	D	1.0
Cele_WBGene00011161.1	Cele_WBGene00010799.1	60.0	D	1.0
Cele_WBGene00011161.1	Cele_WBGene00011162.1	60.0	D	1.0
Cele_WBGene00011161.1	Cele_WBGene00011164.1	60.0	D	1.0
Cele_WBGene00011161.1	Cele_WBGene00011166.1	60.0	D	1.0
Cele_WBGene00011161.1	Cele_WBGene00020407.1	60.0	D	1.0
Cele_WBGene00011161.1	Cele_WBGene00011846.1	60.0	D	1.0
Cele_WBGene00011161.1	Cele_WBGene00011163.1	60.0	D	1.0
Cele_WBGene00016665.1	Cele_WBGene00010799.1	60.0	D	1.0
Cele_WBGene00016665.1	Cele_WBGene00011162.1	60.0	D	1.0
Cele_WBGene00016665.1	Cele_WBGene00011164.1	60.0	D	1.0
Cele_WBGene00016665.1	Cele_WBGene00011166.1	60.0	D	1.0
Cele_WBGene00016665.1	Cele_WBGene00020407.1	60.0	D	1.0
Cele_WBGene00016665.1	Cele_WBGene00011846.1	60.0	D	1.0
Cele_WBGene00016665.1	Cele_WBGene00011163.1	60.0	D	1.0
Hsap_ENSP00000358755	Pantro_ENSPTRP00000081197	100.0	S	0.0
Pantro_ENSPTRP00000001896	Hsap_ENSP00000358747	100.0	S	0.0
Drer_ENSDARP00000095389	Drer_ENSDARP00000005298	98.0	D	1.0
Drer_ENSDARP00000138333	Drer_ENSDARP00000134903	100.0	D	1.0
Dmel_FBpp0080419	Dmel_FBpp0080418	100.0	D	1.0
Dmel_FBpp0080419	Dmel_FBpp0080417	100.0	D	1.0
Cele_WBGene00007470.1	Cele_WBGene00007465.1	100.0	D	1.0
Cele_WBGene00007470.1	Cele_WBGene00007469.1	100.0	D	1.0
Cele_WBGene00007470.1	Cele_WBGene00014162.1	100.0	D	1.0
Cele_WBGene00011157.1	Cele_WBGene00011158.1	99.0	D	1.0
Cele_WBGene00010945.1	Cele_WBGene00011159.1	100.0	D	1.0
Cele_WBGene00016665.1	Cele_WBGene00011161.1	85.0	D	1.0
Cele_WBGene00020407.1	Cele_WBGene00010799.1	88.0	D	1.0
Cele_WBGene00020407.1	Cele_WBGene00011162.1	88.0	D	1.0
Cele_WBGene00020407.1	Cele_WBGene00011164.1	88.0	D	1.0
Cele_WBGene00020407.1	Cele_WBGene00011166.1	88.0	D	1.0
Cele_WBGene00020407.1	Cele_WBGene00011846.1	88.0	D	1.0
Cele_WBGene00020407.1	Cele_WBGene00011163.1	88.0	D	1.0
Ratnor_ENSRNOP00000073705	Mmus_ENSMUSP00000078134	100.0	S	0.0
Dmel_FBpp0080418	Dmel_FBpp0080417	99.0	D	1.0
Cele_WBGene00007469.1	Cele_WBGene00007465.1	97.0	D	1.0
Cele_WBGene00007469.1	Cele_WBGene00014162.1	97.0	D	1.0
Cele_WBGene00010799.1	Cele_WBGene00011162.1	100.0	D	1.0
Cele_WBGene00010799.1	Cele_WBGene00011163.1	100.0	D	1.0
Cele_WBGene00010799.1	Cele_WBGene00011164.1	100.0	D	1.0
Cele_WBGene00010799.1	Cele_WBGene00011846.1	100.0	D	1.0
Cele_WBGene00011166.1	Cele_WBGene00011162.1	100.0	D	1.0
Cele_WBGene00011166.1	Cele_WBGene00011163.1	100.0	D	1.0
Cele_WBGene00011166.1	Cele_WBGene00011164.1	100.0	D	1.0
Cele_WBGene00011166.1	Cele_WBGene00011846.1	100.0	D	1.0
Mmus_ENSMUSP00000029510	Ratnor_ENSRNOP00000052813	100.0	S	0.0
Cele_WBGene00014162.1	Cele_WBGene00007465.1	93.0	D	1.0
Cele_WBGene00011166.1	Cele_WBGene00010799.1	100.0	D	1.0
Cele_WBGene00011846.1	Cele_WBGene00011162.1	100.0	D	1.0
Cele_WBGene00011846.1	Cele_WBGene00011163.1	100.0	D	1.0
Cele_WBGene00011846.1	Cele_WBGene00011164.1	100.0	D	1.0
Ratnor_ENSRNOP00000052819	Mmus_ENSMUSP00000080851	100.0	S	0.0
Ratnor_ENSRNOP00000052819	Mmus_ENSMUSP00000053923	100.0	S	0.0
Cele_WBGene00011163.1	Cele_WBGene00011162.1	100.0	D	1.0
Cele_WBGene00011163.1	Cele_WBGene00011164.1	100.0	D	1.0
Mmus_ENSMUSP00000053923	Mmus_ENSMUSP00000080851	100.0	D	1.0
Cele_WBGene00011164.1	Cele_WBGene00011162.1	100.0	D	1.0
