in_gene	out_gene	branch_support	ev_type	sos
Mondom_ENSMODP00000008393	Canfam_ENSCAFP00000023135	91.0	S	0.0
Mondom_ENSMODP00000008393	Galgal_ENSGALP00000074111	91.0	S	0.0
Mondom_ENSMODP00000008393	Drer_ENSDARP00000153451	91.0	S	0.0
Mondom_ENSMODP00000008393	Hsap_ENSP00000393313	91.0	S	0.0
Mondom_ENSMODP00000008393	Pantro_ENSPTRP00000001250	91.0	S	0.0
Mondom_ENSMODP00000008393	Hsap_ENSP00000360798	91.0	S	0.0
Mondom_ENSMODP00000008393	Dmel_FBpp0070743	91.0	S	0.0
Mondom_ENSMODP00000008393	Drer_ENSDARP00000156323	91.0	S	0.0
Mondom_ENSMODP00000008393	Dmel_FBpp0070647	91.0	S	0.0
Mondom_ENSMODP00000008393	Mmus_ENSMUSP00000135270	91.0	S	0.0
Mondom_ENSMODP00000008393	Ratnor_ENSRNOP00000073949	91.0	S	0.0
Mondom_ENSMODP00000008393	Drer_ENSDARP00000144990	91.0	S	0.0
Mondom_ENSMODP00000008393	Ratnor_ENSRNOP00000059209	91.0	S	0.0
Mlei_ML02872a-PA	Nvec_EDO39289	100.0	S	0.0
Mlei_ML02872a-PA	Nvec_EDO47677	100.0	S	0.0
Mlei_ML02872a-PA	Drer_ENSDARP00000042874	100.0	S	0.0
Mlei_ML02872a-PA	Nvec_EDO49167	100.0	S	0.0
Mlei_ML02872a-PA	Bralan_BL19294_evm14	100.0	S	0.0
Mlei_ML02411a-PA	Nvec_EDO39289	100.0	S	0.0
Mlei_ML02411a-PA	Nvec_EDO47677	100.0	S	0.0
Mlei_ML02411a-PA	Drer_ENSDARP00000042874	100.0	S	0.0
Mlei_ML02411a-PA	Nvec_EDO49167	100.0	S	0.0
Mlei_ML02411a-PA	Bralan_BL19294_evm14	100.0	S	0.0
Mlei_ML49541a-PA	Nvec_EDO39289	100.0	S	0.0
Mlei_ML49541a-PA	Nvec_EDO47677	100.0	S	0.0
Mlei_ML49541a-PA	Drer_ENSDARP00000042874	100.0	S	0.0
Mlei_ML49541a-PA	Nvec_EDO49167	100.0	S	0.0
Mlei_ML49541a-PA	Bralan_BL19294_evm14	100.0	S	0.0
Ratnor_ENSRNOP00000073949	Dmel_FBpp0070647	99.0	S	0.0
Ratnor_ENSRNOP00000073949	Dmel_FBpp0070743	99.0	S	0.0
Mlei_ML02872a-PA	Mlei_ML02411a-PA	100.0	D	1.0
Mlei_ML02872a-PA	Mlei_ML49541a-PA	100.0	D	1.0
Dmel_FBpp0070647	Dmel_FBpp0070743	99.0	D	1.0
Mmus_ENSMUSP00000135270	Hsap_ENSP00000360798	100.0	S	0.0
Mmus_ENSMUSP00000135270	Pantro_ENSPTRP00000001250	100.0	S	0.0
Ratnor_ENSRNOP00000059209	Hsap_ENSP00000360798	100.0	S	0.0
Ratnor_ENSRNOP00000059209	Pantro_ENSPTRP00000001250	100.0	S	0.0
Canfam_ENSCAFP00000023135	Drer_ENSDARP00000144990	100.0	S	0.0
Canfam_ENSCAFP00000023135	Drer_ENSDARP00000153451	100.0	S	0.0
Canfam_ENSCAFP00000023135	Drer_ENSDARP00000156323	100.0	S	0.0
Galgal_ENSGALP00000074111	Drer_ENSDARP00000144990	100.0	S	0.0
Galgal_ENSGALP00000074111	Drer_ENSDARP00000153451	100.0	S	0.0
Galgal_ENSGALP00000074111	Drer_ENSDARP00000156323	100.0	S	0.0
Hsap_ENSP00000393313	Drer_ENSDARP00000144990	100.0	S	0.0
Hsap_ENSP00000393313	Drer_ENSDARP00000153451	100.0	S	0.0
Hsap_ENSP00000393313	Drer_ENSDARP00000156323	100.0	S	0.0
Mlei_ML02411a-PA	Mlei_ML49541a-PA	99.0	D	1.0
Nvec_EDO49167	Bralan_BL19294_evm14	61.0	S	0.0
Nvec_EDO49167	Drer_ENSDARP00000042874	61.0	S	0.0
Nvec_EDO39289	Bralan_BL19294_evm14	61.0	S	0.0
Nvec_EDO39289	Drer_ENSDARP00000042874	61.0	S	0.0
Cele_WBGene00003889.1	Dmel_FBpp0070930	100.0	S	0.0
Cele_WBGene00003841.1	Tadh_TriadP58478	100.0	S	0.0
Cele_WBGene00003841.1	Bralan_BL23974_evm18	100.0	S	0.0
Dmel_FBpp0302810	Tadh_TriadP58478	100.0	S	0.0
Dmel_FBpp0302810	Bralan_BL23974_evm18	100.0	S	0.0
Bralan_BL97171_cuf3	Hsap_ENSP00000265310	99.0	S	0.0
Bralan_BL97171_cuf3	Hsap_ENSP00000352358	99.0	S	0.0
Bralan_BL97171_cuf3	Pantro_ENSPTRP00000042589	99.0	S	0.0
Bralan_BL97171_cuf3	Canfam_ENSCAFP00000005476	99.0	S	0.0
Bralan_BL97171_cuf3	Mmus_ENSMUSP00000031902	99.0	S	0.0
Bralan_BL97171_cuf3	Pantro_ENSPTRP00000086241	99.0	S	0.0
Bralan_BL97171_cuf3	Hsap_ENSP00000479828	99.0	S	0.0
Bralan_BL97171_cuf3	Hsap_ENSP00000483049	99.0	S	0.0
Bralan_BL97171_cuf3	Mondom_ENSMODP00000001215	99.0	S	0.0
Bralan_BL97171_cuf3	Galgal_ENSGALP00000023733	99.0	S	0.0
Bralan_BL97171_cuf3	Ratnor_ENSRNOP00000020616	99.0	S	0.0
Bralan_BL97171_cuf3	Pantro_ENSPTRP00000033910	99.0	S	0.0
Mmus_ENSMUSP00000135270	Ratnor_ENSRNOP00000059209	100.0	S	0.0
Pantro_ENSPTRP00000001250	Hsap_ENSP00000360798	100.0	S	0.0
Galgal_ENSGALP00000074111	Canfam_ENSCAFP00000023135	100.0	S	0.0
Galgal_ENSGALP00000074111	Hsap_ENSP00000393313	100.0	S	0.0
Drer_ENSDARP00000144990	Drer_ENSDARP00000153451	100.0	D	1.0
Drer_ENSDARP00000144990	Drer_ENSDARP00000156323	100.0	D	1.0
Mlei_ML234550a-PA	Mlei_ML01784a-PA	97.0	D	1.0
Mlei_ML234550a-PA	Mlei_ML083013a-PA	97.0	D	1.0
Mlei_ML234550a-PA	Mlei_ML03701a-PA	97.0	D	1.0
Mlei_ML234550a-PA	Mlei_ML023015a-PA	97.0	D	1.0
Mlei_ML234550a-PA	Mlei_ML294910a-PA	97.0	D	1.0
Mlei_ML234550a-PA	Mlei_ML01783a-PA	97.0	D	1.0
Mlei_ML234550a-PA	Mlei_ML032311a-PA	97.0	D	1.0
Mlei_ML234550a-PA	Mlei_ML181719a-PA	97.0	D	1.0
Mlei_ML10908a-PA	Bralan_BL13639_evm0	99.0	S	0.0
Nvec_EDO49167	Nvec_EDO39289	54.0	D	1.0
Drer_ENSDARP00000042874	Bralan_BL19294_evm14	100.0	S	0.0
Dmel_FBpp0302810	Cele_WBGene00003841.1	100.0	S	0.0
Bralan_BL23974_evm18	Tadh_TriadP58478	96.0	S	0.0
Galgal_ENSGALP00000023733	Hsap_ENSP00000265310	100.0	S	0.0
Galgal_ENSGALP00000023733	Pantro_ENSPTRP00000042589	100.0	S	0.0
Galgal_ENSGALP00000023733	Hsap_ENSP00000352358	100.0	S	0.0
Galgal_ENSGALP00000023733	Canfam_ENSCAFP00000005476	100.0	S	0.0
Galgal_ENSGALP00000023733	Mmus_ENSMUSP00000031902	100.0	S	0.0
Galgal_ENSGALP00000023733	Pantro_ENSPTRP00000086241	100.0	S	0.0
Galgal_ENSGALP00000023733	Hsap_ENSP00000479828	100.0	S	0.0
Galgal_ENSGALP00000023733	Hsap_ENSP00000483049	100.0	S	0.0
Galgal_ENSGALP00000023733	Mondom_ENSMODP00000001215	100.0	S	0.0
Galgal_ENSGALP00000023733	Ratnor_ENSRNOP00000020616	100.0	S	0.0
Galgal_ENSGALP00000023733	Pantro_ENSPTRP00000033910	100.0	S	0.0
Mondom_ENSMODP00000056438	Galgal_ENSGALP00000073754	87.0	S	0.0
Mondom_ENSMODP00000056438	Canfam_ENSCAFP00000028560	87.0	S	0.0
Mondom_ENSMODP00000056438	Ratnor_ENSRNOP00000026596	87.0	S	0.0
Mondom_ENSMODP00000056438	Pantro_ENSPTRP00000014621	87.0	S	0.0
Mondom_ENSMODP00000056438	Mmus_ENSMUSP00000053755	87.0	S	0.0
Mondom_ENSMODP00000056438	Hsap_ENSP00000301365	87.0	S	0.0
Canfam_ENSCAFP00000023135	Hsap_ENSP00000393313	100.0	S	0.0
Drer_ENSDARP00000156323	Drer_ENSDARP00000153451	100.0	D	1.0
Mlei_ML00892a-PA	Mlei_ML02247a-PA	95.0	D	1.0
Mlei_ML00891a-PA	Nvec_EDO38427	99.0	S	0.0
Mlei_ML00891a-PA	Nvec_EDO31100	99.0	S	0.0
Mlei_ML00891a-PA	Nvec_EDO43347	99.0	S	0.0
Mlei_ML023015a-PA	Mlei_ML01784a-PA	75.0	D	1.0
Mlei_ML023015a-PA	Mlei_ML083013a-PA	75.0	D	1.0
Mlei_ML023015a-PA	Mlei_ML03701a-PA	75.0	D	1.0
Mlei_ML023015a-PA	Mlei_ML294910a-PA	75.0	D	1.0
Mlei_ML023015a-PA	Mlei_ML01783a-PA	75.0	D	1.0
Mlei_ML023015a-PA	Mlei_ML032311a-PA	75.0	D	1.0
Mlei_ML023015a-PA	Mlei_ML181719a-PA	75.0	D	1.0
Cele_WBGene00006616.1	Bralan_BL17148_cuf3	100.0	S	0.0
Cele_WBGene00006616.1	Dmel_FBpp0312558	100.0	S	0.0
Cele_WBGene00006616.1	Drer_ENSDARP00000133531	100.0	S	0.0
Nvec_EDO45311	Nvec_EDO48346	95.0	D	1.0
Nvec_EDO45311	Nvec_EDO49302	95.0	D	1.0
Sman_Smp_035140	Cele_WBGene00021404.1	67.0	S	0.0
Sman_Smp_035140	Cele_WBGene00021408.1	67.0	S	0.0
Sman_Smp_035140	Cele_WBGene00020972.1	67.0	S	0.0
Sman_Smp_035140	Cele_WBGene00008731.1	67.0	S	0.0
Mlei_ML095311a-PA	Mlei_ML019118a-PA	66.0	D	1.0
Mlei_ML095311a-PA	Mlei_ML17746a-PA	66.0	D	1.0
Galgal_ENSGALP00000073754	Canfam_ENSCAFP00000028560	100.0	S	0.0
Galgal_ENSGALP00000073754	Ratnor_ENSRNOP00000026596	100.0	S	0.0
Galgal_ENSGALP00000073754	Pantro_ENSPTRP00000014621	100.0	S	0.0
Galgal_ENSGALP00000073754	Mmus_ENSMUSP00000053755	100.0	S	0.0
Galgal_ENSGALP00000073754	Hsap_ENSP00000301365	100.0	S	0.0
Tetnig_ENSTNIP00000011373	Pantro_ENSPTRP00000014623	100.0	S	0.0
Tetnig_ENSTNIP00000011373	Canfam_ENSCAFP00000026616	100.0	S	0.0
Tetnig_ENSTNIP00000011373	Hsap_ENSP00000409627	100.0	S	0.0
Tetnig_ENSTNIP00000011373	Galgal_ENSGALP00000007183	100.0	S	0.0
Tetnig_ENSTNIP00000011373	Galgal_ENSGALP00000007393	100.0	S	0.0
Nvec_EDO38427	Nvec_EDO31100	100.0	D	1.0
Nvec_EDO38427	Nvec_EDO43347	100.0	D	1.0
Mlei_ML294910a-PA	Mlei_ML01784a-PA	80.0	D	1.0
Mlei_ML294910a-PA	Mlei_ML083013a-PA	80.0	D	1.0
Mlei_ML294910a-PA	Mlei_ML01783a-PA	80.0	D	1.0
Mlei_ML294910a-PA	Mlei_ML181719a-PA	80.0	D	1.0
Mlei_ML032311a-PA	Mlei_ML01784a-PA	80.0	D	1.0
Mlei_ML032311a-PA	Mlei_ML083013a-PA	80.0	D	1.0
Mlei_ML032311a-PA	Mlei_ML01783a-PA	80.0	D	1.0
Mlei_ML032311a-PA	Mlei_ML181719a-PA	80.0	D	1.0
Mlei_ML03701a-PA	Mlei_ML01784a-PA	80.0	D	1.0
Mlei_ML03701a-PA	Mlei_ML083013a-PA	80.0	D	1.0
Mlei_ML03701a-PA	Mlei_ML01783a-PA	80.0	D	1.0
Mlei_ML03701a-PA	Mlei_ML181719a-PA	80.0	D	1.0
Dmel_FBpp0312558	Bralan_BL17148_cuf3	49.0	S	0.0
Dmel_FBpp0312558	Drer_ENSDARP00000133531	49.0	S	0.0
Nvec_EDO48346	Nvec_EDO49302	99.0	D	1.0
Bralan_BL95576_evm0	Bralan_BL17791_evm0	97.0	D	1.0
Bralan_BL95576_evm0	Bralan_BL00383_cuf2	97.0	D	1.0
Bralan_BL95576_evm0	Bralan_BL08115_cuf2	97.0	D	1.0
Bralan_BL95576_evm0	Bralan_BL16193_evm1	97.0	D	1.0
Bralan_BL95576_evm0	Bralan_BL10881_evm2	97.0	D	1.0
Bralan_BL95576_evm0	Bralan_BL01688_evm0	97.0	D	1.0
Bralan_BL95576_evm0	Bralan_BL97314_cuf3	97.0	D	1.0
Bralan_BL95576_evm0	Bralan_BL08920_cuf0	97.0	D	1.0
Bralan_BL95576_evm0	Bralan_BL18575_evm1	97.0	D	1.0
Bralan_BL18137_cuf1	Bralan_BL17791_evm0	97.0	D	1.0
Bralan_BL18137_cuf1	Bralan_BL00383_cuf2	97.0	D	1.0
Bralan_BL18137_cuf1	Bralan_BL08115_cuf2	97.0	D	1.0
Bralan_BL18137_cuf1	Bralan_BL16193_evm1	97.0	D	1.0
Bralan_BL18137_cuf1	Bralan_BL10881_evm2	97.0	D	1.0
Bralan_BL18137_cuf1	Bralan_BL01688_evm0	97.0	D	1.0
Bralan_BL18137_cuf1	Bralan_BL97314_cuf3	97.0	D	1.0
Bralan_BL18137_cuf1	Bralan_BL08920_cuf0	97.0	D	1.0
Bralan_BL18137_cuf1	Bralan_BL18575_evm1	97.0	D	1.0
Bralan_BL95577_evm1	Bralan_BL17791_evm0	97.0	D	1.0
Bralan_BL95577_evm1	Bralan_BL00383_cuf2	97.0	D	1.0
Bralan_BL95577_evm1	Bralan_BL08115_cuf2	97.0	D	1.0
Bralan_BL95577_evm1	Bralan_BL16193_evm1	97.0	D	1.0
Bralan_BL95577_evm1	Bralan_BL10881_evm2	97.0	D	1.0
Bralan_BL95577_evm1	Bralan_BL01688_evm0	97.0	D	1.0
Bralan_BL95577_evm1	Bralan_BL97314_cuf3	97.0	D	1.0
Bralan_BL95577_evm1	Bralan_BL08920_cuf0	97.0	D	1.0
Bralan_BL95577_evm1	Bralan_BL18575_evm1	97.0	D	1.0
Bralan_BL21817_cuf1	Bralan_BL17791_evm0	97.0	D	1.0
Bralan_BL21817_cuf1	Bralan_BL00383_cuf2	97.0	D	1.0
Bralan_BL21817_cuf1	Bralan_BL08115_cuf2	97.0	D	1.0
Bralan_BL21817_cuf1	Bralan_BL16193_evm1	97.0	D	1.0
Bralan_BL21817_cuf1	Bralan_BL10881_evm2	97.0	D	1.0
Bralan_BL21817_cuf1	Bralan_BL01688_evm0	97.0	D	1.0
Bralan_BL21817_cuf1	Bralan_BL97314_cuf3	97.0	D	1.0
Bralan_BL21817_cuf1	Bralan_BL08920_cuf0	97.0	D	1.0
Bralan_BL21817_cuf1	Bralan_BL18575_evm1	97.0	D	1.0
Cint_ENSCINP00000004195	Hsap_ENSP00000262839	80.0	S	0.0
Cint_ENSCINP00000004195	Bralan_BL06996_evm0	80.0	S	0.0
Cint_ENSCINP00000004195	Drer_ENSDARP00000136413	80.0	S	0.0
Cint_ENSCINP00000004195	Galgal_ENSGALP00000066203	80.0	S	0.0
Cint_ENSCINP00000004195	Mondom_ENSMODP00000049096	80.0	S	0.0
Cint_ENSCINP00000004195	Tetnig_ENSTNIP00000019364	80.0	S	0.0
Cint_ENSCINP00000004195	Hsap_ENSP00000419313	80.0	S	0.0
Cint_ENSCINP00000004195	Hsap_ENSP00000486109	80.0	S	0.0
Cint_ENSCINP00000004195	Drer_ENSDARP00000138129	80.0	S	0.0
Cint_ENSCINP00000004195	Bralan_BL14332_evm6	80.0	S	0.0
Cint_ENSCINP00000004195	Mmus_ENSMUSP00000049063	80.0	S	0.0
Cint_ENSCINP00000004195	Bralan_BL03171_evm5	80.0	S	0.0
Cint_ENSCINP00000004195	Ratnor_ENSRNOP00000074229	80.0	S	0.0
Cint_ENSCINP00000004195	Ratnor_ENSRNOP00000047354	80.0	S	0.0
Cint_ENSCINP00000004195	Ratnor_ENSRNOP00000016982	80.0	S	0.0
Cint_ENSCINP00000004195	Ratnor_ENSRNOP00000008905	80.0	S	0.0
Cint_ENSCINP00000004195	Mondom_ENSMODP00000023614	80.0	S	0.0
Cint_ENSCINP00000004195	Ratnor_ENSRNOP00000042886	80.0	S	0.0
Cint_ENSCINP00000004195	Tetnig_ENSTNIP00000003464	80.0	S	0.0
Cint_ENSCINP00000004195	Bralan_BL18052_cuf2	80.0	S	0.0
Cint_ENSCINP00000004195	Tetnig_ENSTNIP00000012823	80.0	S	0.0
Cint_ENSCINP00000004195	Drer_ENSDARP00000075235	80.0	S	0.0
Cint_ENSCINP00000004195	Sman_Smp_151880	80.0	S	0.0
Cint_ENSCINP00000004195	Mmus_ENSMUSP00000029271	80.0	S	0.0
Cint_ENSCINP00000004195	Mondom_ENSMODP00000018922	80.0	S	0.0
Cint_ENSCINP00000004195	Drer_ENSDARP00000155633	80.0	S	0.0
Cint_ENSCINP00000004195	Tetnig_ENSTNIP00000014183	80.0	S	0.0
Cint_ENSCINP00000004195	Canfam_ENSCAFP00000026903	80.0	S	0.0
Cint_ENSCINP00000004195	Mondom_ENSMODP00000000645	80.0	S	0.0
Cint_ENSCINP00000004195	Ratnor_ENSRNOP00000075444	80.0	S	0.0
Cint_ENSCINP00000004195	Bralan_BL19835_evm0	80.0	S	0.0
Cint_ENSCINP00000004195	Drer_ENSDARP00000141684	80.0	S	0.0
Cint_ENSCINP00000004195	Nvec_EDO31201	80.0	S	0.0
Cint_ENSCINP00000004195	Galgal_ENSGALP00000027731	80.0	S	0.0
Cint_ENSCINP00000004195	Galgal_ENSGALP00000029480	80.0	S	0.0
Cint_ENSCINP00000004195	Hsap_ENSP00000368966	80.0	S	0.0
Cint_ENSCINP00000004195	Drer_ENSDARP00000050171	80.0	S	0.0
Cint_ENSCINP00000004195	Cele_WBGene00006614.1	80.0	S	0.0
Cint_ENSCINP00000004195	Dmel_FBpp0087557	80.0	S	0.0
Cint_ENSCINP00000004195	Galgal_ENSGALP00000019344	80.0	S	0.0
Cint_ENSCINP00000004195	Dmel_FBpp0084879	80.0	S	0.0
Cint_ENSCINP00000004195	Hsap_ENSP00000426070	80.0	S	0.0
Cint_ENSCINP00000004195	Sman_Smp_163160	80.0	S	0.0
Cint_ENSCINP00000004195	Drer_ENSDARP00000100760	80.0	S	0.0
Cint_ENSCINP00000004195	Mmus_ENSMUSP00000081903	80.0	S	0.0
Cint_ENSCINP00000004195	Canfam_ENSCAFP00000042480	80.0	S	0.0
Cint_ENSCINP00000004195	Sman_Smp_147860	80.0	S	0.0
Cint_ENSCINP00000004195	Sman_Smp_169150	80.0	S	0.0
Cint_ENSCINP00000004195	Pantro_ENSPTRP00000029531	80.0	S	0.0
Cint_ENSCINP00000004195	Drer_ENSDARP00000080550	80.0	S	0.0
Cint_ENSCINP00000004195	Cele_WBGene00006615.1	80.0	S	0.0
Cint_ENSCINP00000004195	Tetnig_ENSTNIP00000014737	80.0	S	0.0
Cint_ENSCINP00000004195	Mmus_ENSMUSP00000029311	80.0	S	0.0
Cint_ENSCINP00000004195	Tetnig_ENSTNIP00000012880	80.0	S	0.0
Cint_ENSCINP00000004195	Tetnig_ENSTNIP00000008592	80.0	S	0.0
Cint_ENSCINP00000004195	Drer_ENSDARP00000128510	80.0	S	0.0
Cint_ENSCINP00000004195	Galgal_ENSGALP00000004146	80.0	S	0.0
Cint_ENSCINP00000004195	Mondom_ENSMODP00000032531	80.0	S	0.0
Cint_ENSCINP00000004195	Drer_ENSDARP00000088318	80.0	S	0.0
Cint_ENSCINP00000004195	Mmus_ENSMUSP00000139672	80.0	S	0.0
Cint_ENSCINP00000004195	Tetnig_ENSTNIP00000015738	80.0	S	0.0
Cint_ENSCINP00000004195	Pantro_ENSPTRP00000083420	80.0	S	0.0
Cint_ENSCINP00000004195	Canfam_ENSCAFP00000001552	80.0	S	0.0
Cint_ENSCINP00000004195	Galgal_ENSGALP00000012929	80.0	S	0.0
Cint_ENSCINP00000004195	Pantro_ENSPTRP00000053317	80.0	S	0.0
Cint_ENSCINP00000004195	Canfam_ENSCAFP00000011752	80.0	S	0.0
Cint_ENSCINP00000004195	Hsap_ENSP00000340913	80.0	S	0.0
Cint_ENSCINP00000004195	Mondom_ENSMODP00000012730	80.0	S	0.0
Cint_ENSCINP00000004195	Pantro_ENSPTRP00000007239	80.0	S	0.0
Cint_ENSCINP00000004195	Canfam_ENSCAFP00000048844	80.0	S	0.0
Cint_ENSCINP00000004195	Ratnor_ENSRNOP00000071700	80.0	S	0.0
Cint_ENSCINP00000004195	Drer_ENSDARP00000137055	80.0	S	0.0
Cint_ENSCINP00000004195	Dmel_FBpp0307143	80.0	S	0.0
Cint_ENSCINP00000004195	Mmus_ENSMUSP00000116934	80.0	S	0.0
Cint_ENSCINP00000004195	Mmus_ENSMUSP00000057965	80.0	S	0.0
Cint_ENSCINP00000004195	Canfam_ENSCAFP00000009093	80.0	S	0.0
Cint_ENSCINP00000004195	Nvec_EDO36284	80.0	S	0.0
Cint_ENSCINP00000004195	Mmus_ENSMUSP00000022023	80.0	S	0.0
Cint_ENSCINP00000004195	Drer_ENSDARP00000101034	80.0	S	0.0
Cint_ENSCINP00000004195	Pantro_ENSPTRP00000045620	80.0	S	0.0
Cint_ENSCINP00000004195	Pantro_ENSPTRP00000038200	80.0	S	0.0
Cint_ENSCINP00000004195	Bralan_BL21710_cuf10	80.0	S	0.0
Cint_ENSCINP00000004195	Mondom_ENSMODP00000006218	80.0	S	0.0
Cint_ENSCINP00000004195	Canfam_ENSCAFP00000022403	80.0	S	0.0
Cint_ENSCINP00000004195	Nvec_EDO31202	80.0	S	0.0
Cint_ENSCINP00000004195	Drer_ENSDARP00000116329	80.0	S	0.0
Cint_ENSCINP00000004195	Drer_ENSDARP00000113233	80.0	S	0.0
Cint_ENSCINP00000032356	Hsap_ENSP00000262839	80.0	S	0.0
Cint_ENSCINP00000032356	Bralan_BL06996_evm0	80.0	S	0.0
Cint_ENSCINP00000032356	Drer_ENSDARP00000136413	80.0	S	0.0
Cint_ENSCINP00000032356	Galgal_ENSGALP00000066203	80.0	S	0.0
Cint_ENSCINP00000032356	Mondom_ENSMODP00000049096	80.0	S	0.0
Cint_ENSCINP00000032356	Tetnig_ENSTNIP00000019364	80.0	S	0.0
Cint_ENSCINP00000032356	Hsap_ENSP00000419313	80.0	S	0.0
Cint_ENSCINP00000032356	Hsap_ENSP00000486109	80.0	S	0.0
Cint_ENSCINP00000032356	Drer_ENSDARP00000138129	80.0	S	0.0
Cint_ENSCINP00000032356	Bralan_BL14332_evm6	80.0	S	0.0
Cint_ENSCINP00000032356	Mmus_ENSMUSP00000049063	80.0	S	0.0
Cint_ENSCINP00000032356	Bralan_BL03171_evm5	80.0	S	0.0
Cint_ENSCINP00000032356	Ratnor_ENSRNOP00000074229	80.0	S	0.0
Cint_ENSCINP00000032356	Ratnor_ENSRNOP00000047354	80.0	S	0.0
Cint_ENSCINP00000032356	Ratnor_ENSRNOP00000016982	80.0	S	0.0
Cint_ENSCINP00000032356	Ratnor_ENSRNOP00000008905	80.0	S	0.0
Cint_ENSCINP00000032356	Mondom_ENSMODP00000023614	80.0	S	0.0
Cint_ENSCINP00000032356	Ratnor_ENSRNOP00000042886	80.0	S	0.0
Cint_ENSCINP00000032356	Tetnig_ENSTNIP00000003464	80.0	S	0.0
Cint_ENSCINP00000032356	Bralan_BL18052_cuf2	80.0	S	0.0
Cint_ENSCINP00000032356	Tetnig_ENSTNIP00000012823	80.0	S	0.0
Cint_ENSCINP00000032356	Drer_ENSDARP00000075235	80.0	S	0.0
Cint_ENSCINP00000032356	Sman_Smp_151880	80.0	S	0.0
Cint_ENSCINP00000032356	Mmus_ENSMUSP00000029271	80.0	S	0.0
Cint_ENSCINP00000032356	Mondom_ENSMODP00000018922	80.0	S	0.0
Cint_ENSCINP00000032356	Drer_ENSDARP00000155633	80.0	S	0.0
Cint_ENSCINP00000032356	Tetnig_ENSTNIP00000014183	80.0	S	0.0
Cint_ENSCINP00000032356	Canfam_ENSCAFP00000026903	80.0	S	0.0
Cint_ENSCINP00000032356	Mondom_ENSMODP00000000645	80.0	S	0.0
Cint_ENSCINP00000032356	Ratnor_ENSRNOP00000075444	80.0	S	0.0
Cint_ENSCINP00000032356	Bralan_BL19835_evm0	80.0	S	0.0
Cint_ENSCINP00000032356	Drer_ENSDARP00000141684	80.0	S	0.0
Cint_ENSCINP00000032356	Nvec_EDO31201	80.0	S	0.0
Cint_ENSCINP00000032356	Galgal_ENSGALP00000027731	80.0	S	0.0
Cint_ENSCINP00000032356	Galgal_ENSGALP00000029480	80.0	S	0.0
Cint_ENSCINP00000032356	Hsap_ENSP00000368966	80.0	S	0.0
Cint_ENSCINP00000032356	Drer_ENSDARP00000050171	80.0	S	0.0
Cint_ENSCINP00000032356	Cele_WBGene00006614.1	80.0	S	0.0
Cint_ENSCINP00000032356	Dmel_FBpp0087557	80.0	S	0.0
Cint_ENSCINP00000032356	Galgal_ENSGALP00000019344	80.0	S	0.0
Cint_ENSCINP00000032356	Dmel_FBpp0084879	80.0	S	0.0
Cint_ENSCINP00000032356	Hsap_ENSP00000426070	80.0	S	0.0
Cint_ENSCINP00000032356	Sman_Smp_163160	80.0	S	0.0
Cint_ENSCINP00000032356	Drer_ENSDARP00000100760	80.0	S	0.0
Cint_ENSCINP00000032356	Mmus_ENSMUSP00000081903	80.0	S	0.0
Cint_ENSCINP00000032356	Canfam_ENSCAFP00000042480	80.0	S	0.0
Cint_ENSCINP00000032356	Sman_Smp_147860	80.0	S	0.0
Cint_ENSCINP00000032356	Sman_Smp_169150	80.0	S	0.0
Cint_ENSCINP00000032356	Pantro_ENSPTRP00000029531	80.0	S	0.0
Cint_ENSCINP00000032356	Drer_ENSDARP00000080550	80.0	S	0.0
Cint_ENSCINP00000032356	Cele_WBGene00006615.1	80.0	S	0.0
Cint_ENSCINP00000032356	Tetnig_ENSTNIP00000014737	80.0	S	0.0
Cint_ENSCINP00000032356	Mmus_ENSMUSP00000029311	80.0	S	0.0
Cint_ENSCINP00000032356	Tetnig_ENSTNIP00000012880	80.0	S	0.0
Cint_ENSCINP00000032356	Tetnig_ENSTNIP00000008592	80.0	S	0.0
Cint_ENSCINP00000032356	Drer_ENSDARP00000128510	80.0	S	0.0
Cint_ENSCINP00000032356	Galgal_ENSGALP00000004146	80.0	S	0.0
Cint_ENSCINP00000032356	Mondom_ENSMODP00000032531	80.0	S	0.0
Cint_ENSCINP00000032356	Drer_ENSDARP00000088318	80.0	S	0.0
Cint_ENSCINP00000032356	Mmus_ENSMUSP00000139672	80.0	S	0.0
Cint_ENSCINP00000032356	Tetnig_ENSTNIP00000015738	80.0	S	0.0
Cint_ENSCINP00000032356	Pantro_ENSPTRP00000083420	80.0	S	0.0
Cint_ENSCINP00000032356	Canfam_ENSCAFP00000001552	80.0	S	0.0
Cint_ENSCINP00000032356	Galgal_ENSGALP00000012929	80.0	S	0.0
Cint_ENSCINP00000032356	Pantro_ENSPTRP00000053317	80.0	S	0.0
Cint_ENSCINP00000032356	Canfam_ENSCAFP00000011752	80.0	S	0.0
Cint_ENSCINP00000032356	Hsap_ENSP00000340913	80.0	S	0.0
Cint_ENSCINP00000032356	Mondom_ENSMODP00000012730	80.0	S	0.0
Cint_ENSCINP00000032356	Pantro_ENSPTRP00000007239	80.0	S	0.0
Cint_ENSCINP00000032356	Canfam_ENSCAFP00000048844	80.0	S	0.0
Cint_ENSCINP00000032356	Ratnor_ENSRNOP00000071700	80.0	S	0.0
Cint_ENSCINP00000032356	Drer_ENSDARP00000137055	80.0	S	0.0
Cint_ENSCINP00000032356	Dmel_FBpp0307143	80.0	S	0.0
Cint_ENSCINP00000032356	Mmus_ENSMUSP00000116934	80.0	S	0.0
Cint_ENSCINP00000032356	Mmus_ENSMUSP00000057965	80.0	S	0.0
Cint_ENSCINP00000032356	Canfam_ENSCAFP00000009093	80.0	S	0.0
Cint_ENSCINP00000032356	Nvec_EDO36284	80.0	S	0.0
Cint_ENSCINP00000032356	Mmus_ENSMUSP00000022023	80.0	S	0.0
Cint_ENSCINP00000032356	Drer_ENSDARP00000101034	80.0	S	0.0
Cint_ENSCINP00000032356	Pantro_ENSPTRP00000045620	80.0	S	0.0
Cint_ENSCINP00000032356	Pantro_ENSPTRP00000038200	80.0	S	0.0
Cint_ENSCINP00000032356	Bralan_BL21710_cuf10	80.0	S	0.0
Cint_ENSCINP00000032356	Mondom_ENSMODP00000006218	80.0	S	0.0
Cint_ENSCINP00000032356	Canfam_ENSCAFP00000022403	80.0	S	0.0
Cint_ENSCINP00000032356	Nvec_EDO31202	80.0	S	0.0
Cint_ENSCINP00000032356	Drer_ENSDARP00000116329	80.0	S	0.0
Cint_ENSCINP00000032356	Drer_ENSDARP00000113233	80.0	S	0.0
Cint_ENSCINP00000024525	Hsap_ENSP00000262839	80.0	S	0.0
Cint_ENSCINP00000024525	Bralan_BL06996_evm0	80.0	S	0.0
Cint_ENSCINP00000024525	Drer_ENSDARP00000136413	80.0	S	0.0
Cint_ENSCINP00000024525	Galgal_ENSGALP00000066203	80.0	S	0.0
Cint_ENSCINP00000024525	Mondom_ENSMODP00000049096	80.0	S	0.0
Cint_ENSCINP00000024525	Tetnig_ENSTNIP00000019364	80.0	S	0.0
Cint_ENSCINP00000024525	Hsap_ENSP00000419313	80.0	S	0.0
Cint_ENSCINP00000024525	Hsap_ENSP00000486109	80.0	S	0.0
Cint_ENSCINP00000024525	Drer_ENSDARP00000138129	80.0	S	0.0
Cint_ENSCINP00000024525	Bralan_BL14332_evm6	80.0	S	0.0
Cint_ENSCINP00000024525	Mmus_ENSMUSP00000049063	80.0	S	0.0
Cint_ENSCINP00000024525	Bralan_BL03171_evm5	80.0	S	0.0
Cint_ENSCINP00000024525	Ratnor_ENSRNOP00000074229	80.0	S	0.0
Cint_ENSCINP00000024525	Ratnor_ENSRNOP00000047354	80.0	S	0.0
Cint_ENSCINP00000024525	Ratnor_ENSRNOP00000016982	80.0	S	0.0
Cint_ENSCINP00000024525	Ratnor_ENSRNOP00000008905	80.0	S	0.0
Cint_ENSCINP00000024525	Mondom_ENSMODP00000023614	80.0	S	0.0
Cint_ENSCINP00000024525	Ratnor_ENSRNOP00000042886	80.0	S	0.0
Cint_ENSCINP00000024525	Tetnig_ENSTNIP00000003464	80.0	S	0.0
Cint_ENSCINP00000024525	Bralan_BL18052_cuf2	80.0	S	0.0
Cint_ENSCINP00000024525	Tetnig_ENSTNIP00000012823	80.0	S	0.0
Cint_ENSCINP00000024525	Drer_ENSDARP00000075235	80.0	S	0.0
Cint_ENSCINP00000024525	Sman_Smp_151880	80.0	S	0.0
Cint_ENSCINP00000024525	Mmus_ENSMUSP00000029271	80.0	S	0.0
Cint_ENSCINP00000024525	Mondom_ENSMODP00000018922	80.0	S	0.0
Cint_ENSCINP00000024525	Drer_ENSDARP00000155633	80.0	S	0.0
Cint_ENSCINP00000024525	Tetnig_ENSTNIP00000014183	80.0	S	0.0
Cint_ENSCINP00000024525	Canfam_ENSCAFP00000026903	80.0	S	0.0
Cint_ENSCINP00000024525	Mondom_ENSMODP00000000645	80.0	S	0.0
Cint_ENSCINP00000024525	Ratnor_ENSRNOP00000075444	80.0	S	0.0
Cint_ENSCINP00000024525	Bralan_BL19835_evm0	80.0	S	0.0
Cint_ENSCINP00000024525	Drer_ENSDARP00000141684	80.0	S	0.0
Cint_ENSCINP00000024525	Nvec_EDO31201	80.0	S	0.0
Cint_ENSCINP00000024525	Galgal_ENSGALP00000027731	80.0	S	0.0
Cint_ENSCINP00000024525	Galgal_ENSGALP00000029480	80.0	S	0.0
Cint_ENSCINP00000024525	Hsap_ENSP00000368966	80.0	S	0.0
Cint_ENSCINP00000024525	Drer_ENSDARP00000050171	80.0	S	0.0
Cint_ENSCINP00000024525	Cele_WBGene00006614.1	80.0	S	0.0
Cint_ENSCINP00000024525	Dmel_FBpp0087557	80.0	S	0.0
Cint_ENSCINP00000024525	Galgal_ENSGALP00000019344	80.0	S	0.0
Cint_ENSCINP00000024525	Dmel_FBpp0084879	80.0	S	0.0
Cint_ENSCINP00000024525	Hsap_ENSP00000426070	80.0	S	0.0
Cint_ENSCINP00000024525	Sman_Smp_163160	80.0	S	0.0
Cint_ENSCINP00000024525	Drer_ENSDARP00000100760	80.0	S	0.0
Cint_ENSCINP00000024525	Mmus_ENSMUSP00000081903	80.0	S	0.0
Cint_ENSCINP00000024525	Canfam_ENSCAFP00000042480	80.0	S	0.0
Cint_ENSCINP00000024525	Sman_Smp_147860	80.0	S	0.0
Cint_ENSCINP00000024525	Sman_Smp_169150	80.0	S	0.0
Cint_ENSCINP00000024525	Pantro_ENSPTRP00000029531	80.0	S	0.0
Cint_ENSCINP00000024525	Drer_ENSDARP00000080550	80.0	S	0.0
Cint_ENSCINP00000024525	Cele_WBGene00006615.1	80.0	S	0.0
Cint_ENSCINP00000024525	Tetnig_ENSTNIP00000014737	80.0	S	0.0
Cint_ENSCINP00000024525	Mmus_ENSMUSP00000029311	80.0	S	0.0
Cint_ENSCINP00000024525	Tetnig_ENSTNIP00000012880	80.0	S	0.0
Cint_ENSCINP00000024525	Tetnig_ENSTNIP00000008592	80.0	S	0.0
Cint_ENSCINP00000024525	Drer_ENSDARP00000128510	80.0	S	0.0
Cint_ENSCINP00000024525	Galgal_ENSGALP00000004146	80.0	S	0.0
Cint_ENSCINP00000024525	Mondom_ENSMODP00000032531	80.0	S	0.0
Cint_ENSCINP00000024525	Drer_ENSDARP00000088318	80.0	S	0.0
Cint_ENSCINP00000024525	Mmus_ENSMUSP00000139672	80.0	S	0.0
Cint_ENSCINP00000024525	Tetnig_ENSTNIP00000015738	80.0	S	0.0
Cint_ENSCINP00000024525	Pantro_ENSPTRP00000083420	80.0	S	0.0
Cint_ENSCINP00000024525	Canfam_ENSCAFP00000001552	80.0	S	0.0
Cint_ENSCINP00000024525	Galgal_ENSGALP00000012929	80.0	S	0.0
Cint_ENSCINP00000024525	Pantro_ENSPTRP00000053317	80.0	S	0.0
Cint_ENSCINP00000024525	Canfam_ENSCAFP00000011752	80.0	S	0.0
Cint_ENSCINP00000024525	Hsap_ENSP00000340913	80.0	S	0.0
Cint_ENSCINP00000024525	Mondom_ENSMODP00000012730	80.0	S	0.0
Cint_ENSCINP00000024525	Pantro_ENSPTRP00000007239	80.0	S	0.0
Cint_ENSCINP00000024525	Canfam_ENSCAFP00000048844	80.0	S	0.0
Cint_ENSCINP00000024525	Ratnor_ENSRNOP00000071700	80.0	S	0.0
Cint_ENSCINP00000024525	Drer_ENSDARP00000137055	80.0	S	0.0
Cint_ENSCINP00000024525	Dmel_FBpp0307143	80.0	S	0.0
Cint_ENSCINP00000024525	Mmus_ENSMUSP00000116934	80.0	S	0.0
Cint_ENSCINP00000024525	Mmus_ENSMUSP00000057965	80.0	S	0.0
Cint_ENSCINP00000024525	Canfam_ENSCAFP00000009093	80.0	S	0.0
Cint_ENSCINP00000024525	Nvec_EDO36284	80.0	S	0.0
Cint_ENSCINP00000024525	Mmus_ENSMUSP00000022023	80.0	S	0.0
Cint_ENSCINP00000024525	Drer_ENSDARP00000101034	80.0	S	0.0
Cint_ENSCINP00000024525	Pantro_ENSPTRP00000045620	80.0	S	0.0
Cint_ENSCINP00000024525	Pantro_ENSPTRP00000038200	80.0	S	0.0
Cint_ENSCINP00000024525	Bralan_BL21710_cuf10	80.0	S	0.0
Cint_ENSCINP00000024525	Mondom_ENSMODP00000006218	80.0	S	0.0
Cint_ENSCINP00000024525	Canfam_ENSCAFP00000022403	80.0	S	0.0
Cint_ENSCINP00000024525	Nvec_EDO31202	80.0	S	0.0
Cint_ENSCINP00000024525	Drer_ENSDARP00000116329	80.0	S	0.0
Cint_ENSCINP00000024525	Drer_ENSDARP00000113233	80.0	S	0.0
Cint_ENSCINP00000032495	Hsap_ENSP00000262839	80.0	S	0.0
Cint_ENSCINP00000032495	Bralan_BL06996_evm0	80.0	S	0.0
Cint_ENSCINP00000032495	Drer_ENSDARP00000136413	80.0	S	0.0
Cint_ENSCINP00000032495	Galgal_ENSGALP00000066203	80.0	S	0.0
Cint_ENSCINP00000032495	Mondom_ENSMODP00000049096	80.0	S	0.0
Cint_ENSCINP00000032495	Tetnig_ENSTNIP00000019364	80.0	S	0.0
Cint_ENSCINP00000032495	Hsap_ENSP00000419313	80.0	S	0.0
Cint_ENSCINP00000032495	Hsap_ENSP00000486109	80.0	S	0.0
Cint_ENSCINP00000032495	Drer_ENSDARP00000138129	80.0	S	0.0
Cint_ENSCINP00000032495	Bralan_BL14332_evm6	80.0	S	0.0
Cint_ENSCINP00000032495	Mmus_ENSMUSP00000049063	80.0	S	0.0
Cint_ENSCINP00000032495	Bralan_BL03171_evm5	80.0	S	0.0
Cint_ENSCINP00000032495	Ratnor_ENSRNOP00000074229	80.0	S	0.0
Cint_ENSCINP00000032495	Ratnor_ENSRNOP00000047354	80.0	S	0.0
Cint_ENSCINP00000032495	Ratnor_ENSRNOP00000016982	80.0	S	0.0
Cint_ENSCINP00000032495	Ratnor_ENSRNOP00000008905	80.0	S	0.0
Cint_ENSCINP00000032495	Mondom_ENSMODP00000023614	80.0	S	0.0
Cint_ENSCINP00000032495	Ratnor_ENSRNOP00000042886	80.0	S	0.0
Cint_ENSCINP00000032495	Tetnig_ENSTNIP00000003464	80.0	S	0.0
Cint_ENSCINP00000032495	Bralan_BL18052_cuf2	80.0	S	0.0
Cint_ENSCINP00000032495	Tetnig_ENSTNIP00000012823	80.0	S	0.0
Cint_ENSCINP00000032495	Drer_ENSDARP00000075235	80.0	S	0.0
Cint_ENSCINP00000032495	Sman_Smp_151880	80.0	S	0.0
Cint_ENSCINP00000032495	Mmus_ENSMUSP00000029271	80.0	S	0.0
Cint_ENSCINP00000032495	Mondom_ENSMODP00000018922	80.0	S	0.0
Cint_ENSCINP00000032495	Drer_ENSDARP00000155633	80.0	S	0.0
Cint_ENSCINP00000032495	Tetnig_ENSTNIP00000014183	80.0	S	0.0
Cint_ENSCINP00000032495	Canfam_ENSCAFP00000026903	80.0	S	0.0
Cint_ENSCINP00000032495	Mondom_ENSMODP00000000645	80.0	S	0.0
Cint_ENSCINP00000032495	Ratnor_ENSRNOP00000075444	80.0	S	0.0
Cint_ENSCINP00000032495	Bralan_BL19835_evm0	80.0	S	0.0
Cint_ENSCINP00000032495	Drer_ENSDARP00000141684	80.0	S	0.0
Cint_ENSCINP00000032495	Nvec_EDO31201	80.0	S	0.0
Cint_ENSCINP00000032495	Galgal_ENSGALP00000027731	80.0	S	0.0
Cint_ENSCINP00000032495	Galgal_ENSGALP00000029480	80.0	S	0.0
Cint_ENSCINP00000032495	Hsap_ENSP00000368966	80.0	S	0.0
Cint_ENSCINP00000032495	Drer_ENSDARP00000050171	80.0	S	0.0
Cint_ENSCINP00000032495	Cele_WBGene00006614.1	80.0	S	0.0
Cint_ENSCINP00000032495	Dmel_FBpp0087557	80.0	S	0.0
Cint_ENSCINP00000032495	Galgal_ENSGALP00000019344	80.0	S	0.0
Cint_ENSCINP00000032495	Dmel_FBpp0084879	80.0	S	0.0
Cint_ENSCINP00000032495	Hsap_ENSP00000426070	80.0	S	0.0
Cint_ENSCINP00000032495	Sman_Smp_163160	80.0	S	0.0
Cint_ENSCINP00000032495	Drer_ENSDARP00000100760	80.0	S	0.0
Cint_ENSCINP00000032495	Mmus_ENSMUSP00000081903	80.0	S	0.0
Cint_ENSCINP00000032495	Canfam_ENSCAFP00000042480	80.0	S	0.0
Cint_ENSCINP00000032495	Sman_Smp_147860	80.0	S	0.0
Cint_ENSCINP00000032495	Sman_Smp_169150	80.0	S	0.0
Cint_ENSCINP00000032495	Pantro_ENSPTRP00000029531	80.0	S	0.0
Cint_ENSCINP00000032495	Drer_ENSDARP00000080550	80.0	S	0.0
Cint_ENSCINP00000032495	Cele_WBGene00006615.1	80.0	S	0.0
Cint_ENSCINP00000032495	Tetnig_ENSTNIP00000014737	80.0	S	0.0
Cint_ENSCINP00000032495	Mmus_ENSMUSP00000029311	80.0	S	0.0
Cint_ENSCINP00000032495	Tetnig_ENSTNIP00000012880	80.0	S	0.0
Cint_ENSCINP00000032495	Tetnig_ENSTNIP00000008592	80.0	S	0.0
Cint_ENSCINP00000032495	Drer_ENSDARP00000128510	80.0	S	0.0
Cint_ENSCINP00000032495	Galgal_ENSGALP00000004146	80.0	S	0.0
Cint_ENSCINP00000032495	Mondom_ENSMODP00000032531	80.0	S	0.0
Cint_ENSCINP00000032495	Drer_ENSDARP00000088318	80.0	S	0.0
Cint_ENSCINP00000032495	Mmus_ENSMUSP00000139672	80.0	S	0.0
Cint_ENSCINP00000032495	Tetnig_ENSTNIP00000015738	80.0	S	0.0
Cint_ENSCINP00000032495	Pantro_ENSPTRP00000083420	80.0	S	0.0
Cint_ENSCINP00000032495	Canfam_ENSCAFP00000001552	80.0	S	0.0
Cint_ENSCINP00000032495	Galgal_ENSGALP00000012929	80.0	S	0.0
Cint_ENSCINP00000032495	Pantro_ENSPTRP00000053317	80.0	S	0.0
Cint_ENSCINP00000032495	Canfam_ENSCAFP00000011752	80.0	S	0.0
Cint_ENSCINP00000032495	Hsap_ENSP00000340913	80.0	S	0.0
Cint_ENSCINP00000032495	Mondom_ENSMODP00000012730	80.0	S	0.0
Cint_ENSCINP00000032495	Pantro_ENSPTRP00000007239	80.0	S	0.0
Cint_ENSCINP00000032495	Canfam_ENSCAFP00000048844	80.0	S	0.0
Cint_ENSCINP00000032495	Ratnor_ENSRNOP00000071700	80.0	S	0.0
Cint_ENSCINP00000032495	Drer_ENSDARP00000137055	80.0	S	0.0
Cint_ENSCINP00000032495	Dmel_FBpp0307143	80.0	S	0.0
Cint_ENSCINP00000032495	Mmus_ENSMUSP00000116934	80.0	S	0.0
Cint_ENSCINP00000032495	Mmus_ENSMUSP00000057965	80.0	S	0.0
Cint_ENSCINP00000032495	Canfam_ENSCAFP00000009093	80.0	S	0.0
Cint_ENSCINP00000032495	Nvec_EDO36284	80.0	S	0.0
Cint_ENSCINP00000032495	Mmus_ENSMUSP00000022023	80.0	S	0.0
Cint_ENSCINP00000032495	Drer_ENSDARP00000101034	80.0	S	0.0
Cint_ENSCINP00000032495	Pantro_ENSPTRP00000045620	80.0	S	0.0
Cint_ENSCINP00000032495	Pantro_ENSPTRP00000038200	80.0	S	0.0
Cint_ENSCINP00000032495	Bralan_BL21710_cuf10	80.0	S	0.0
Cint_ENSCINP00000032495	Mondom_ENSMODP00000006218	80.0	S	0.0
Cint_ENSCINP00000032495	Canfam_ENSCAFP00000022403	80.0	S	0.0
Cint_ENSCINP00000032495	Nvec_EDO31202	80.0	S	0.0
Cint_ENSCINP00000032495	Drer_ENSDARP00000116329	80.0	S	0.0
Cint_ENSCINP00000032495	Drer_ENSDARP00000113233	80.0	S	0.0
Cint_ENSCINP00000030011	Hsap_ENSP00000262839	80.0	S	0.0
Cint_ENSCINP00000030011	Bralan_BL06996_evm0	80.0	S	0.0
Cint_ENSCINP00000030011	Drer_ENSDARP00000136413	80.0	S	0.0
Cint_ENSCINP00000030011	Galgal_ENSGALP00000066203	80.0	S	0.0
Cint_ENSCINP00000030011	Mondom_ENSMODP00000049096	80.0	S	0.0
Cint_ENSCINP00000030011	Tetnig_ENSTNIP00000019364	80.0	S	0.0
Cint_ENSCINP00000030011	Hsap_ENSP00000419313	80.0	S	0.0
Cint_ENSCINP00000030011	Hsap_ENSP00000486109	80.0	S	0.0
Cint_ENSCINP00000030011	Drer_ENSDARP00000138129	80.0	S	0.0
Cint_ENSCINP00000030011	Bralan_BL14332_evm6	80.0	S	0.0
Cint_ENSCINP00000030011	Mmus_ENSMUSP00000049063	80.0	S	0.0
Cint_ENSCINP00000030011	Bralan_BL03171_evm5	80.0	S	0.0
Cint_ENSCINP00000030011	Ratnor_ENSRNOP00000074229	80.0	S	0.0
Cint_ENSCINP00000030011	Ratnor_ENSRNOP00000047354	80.0	S	0.0
Cint_ENSCINP00000030011	Ratnor_ENSRNOP00000016982	80.0	S	0.0
Cint_ENSCINP00000030011	Ratnor_ENSRNOP00000008905	80.0	S	0.0
Cint_ENSCINP00000030011	Mondom_ENSMODP00000023614	80.0	S	0.0
Cint_ENSCINP00000030011	Ratnor_ENSRNOP00000042886	80.0	S	0.0
Cint_ENSCINP00000030011	Tetnig_ENSTNIP00000003464	80.0	S	0.0
Cint_ENSCINP00000030011	Bralan_BL18052_cuf2	80.0	S	0.0
Cint_ENSCINP00000030011	Tetnig_ENSTNIP00000012823	80.0	S	0.0
Cint_ENSCINP00000030011	Drer_ENSDARP00000075235	80.0	S	0.0
Cint_ENSCINP00000030011	Sman_Smp_151880	80.0	S	0.0
Cint_ENSCINP00000030011	Mmus_ENSMUSP00000029271	80.0	S	0.0
Cint_ENSCINP00000030011	Mondom_ENSMODP00000018922	80.0	S	0.0
Cint_ENSCINP00000030011	Drer_ENSDARP00000155633	80.0	S	0.0
Cint_ENSCINP00000030011	Tetnig_ENSTNIP00000014183	80.0	S	0.0
Cint_ENSCINP00000030011	Canfam_ENSCAFP00000026903	80.0	S	0.0
Cint_ENSCINP00000030011	Mondom_ENSMODP00000000645	80.0	S	0.0
Cint_ENSCINP00000030011	Ratnor_ENSRNOP00000075444	80.0	S	0.0
Cint_ENSCINP00000030011	Bralan_BL19835_evm0	80.0	S	0.0
Cint_ENSCINP00000030011	Drer_ENSDARP00000141684	80.0	S	0.0
Cint_ENSCINP00000030011	Nvec_EDO31201	80.0	S	0.0
Cint_ENSCINP00000030011	Galgal_ENSGALP00000027731	80.0	S	0.0
Cint_ENSCINP00000030011	Galgal_ENSGALP00000029480	80.0	S	0.0
Cint_ENSCINP00000030011	Hsap_ENSP00000368966	80.0	S	0.0
Cint_ENSCINP00000030011	Drer_ENSDARP00000050171	80.0	S	0.0
Cint_ENSCINP00000030011	Cele_WBGene00006614.1	80.0	S	0.0
Cint_ENSCINP00000030011	Dmel_FBpp0087557	80.0	S	0.0
Cint_ENSCINP00000030011	Galgal_ENSGALP00000019344	80.0	S	0.0
Cint_ENSCINP00000030011	Dmel_FBpp0084879	80.0	S	0.0
Cint_ENSCINP00000030011	Hsap_ENSP00000426070	80.0	S	0.0
Cint_ENSCINP00000030011	Sman_Smp_163160	80.0	S	0.0
Cint_ENSCINP00000030011	Drer_ENSDARP00000100760	80.0	S	0.0
Cint_ENSCINP00000030011	Mmus_ENSMUSP00000081903	80.0	S	0.0
Cint_ENSCINP00000030011	Canfam_ENSCAFP00000042480	80.0	S	0.0
Cint_ENSCINP00000030011	Sman_Smp_147860	80.0	S	0.0
Cint_ENSCINP00000030011	Sman_Smp_169150	80.0	S	0.0
Cint_ENSCINP00000030011	Pantro_ENSPTRP00000029531	80.0	S	0.0
Cint_ENSCINP00000030011	Drer_ENSDARP00000080550	80.0	S	0.0
Cint_ENSCINP00000030011	Cele_WBGene00006615.1	80.0	S	0.0
Cint_ENSCINP00000030011	Tetnig_ENSTNIP00000014737	80.0	S	0.0
Cint_ENSCINP00000030011	Mmus_ENSMUSP00000029311	80.0	S	0.0
Cint_ENSCINP00000030011	Tetnig_ENSTNIP00000012880	80.0	S	0.0
Cint_ENSCINP00000030011	Tetnig_ENSTNIP00000008592	80.0	S	0.0
Cint_ENSCINP00000030011	Drer_ENSDARP00000128510	80.0	S	0.0
Cint_ENSCINP00000030011	Galgal_ENSGALP00000004146	80.0	S	0.0
Cint_ENSCINP00000030011	Mondom_ENSMODP00000032531	80.0	S	0.0
Cint_ENSCINP00000030011	Drer_ENSDARP00000088318	80.0	S	0.0
Cint_ENSCINP00000030011	Mmus_ENSMUSP00000139672	80.0	S	0.0
Cint_ENSCINP00000030011	Tetnig_ENSTNIP00000015738	80.0	S	0.0
Cint_ENSCINP00000030011	Pantro_ENSPTRP00000083420	80.0	S	0.0
Cint_ENSCINP00000030011	Canfam_ENSCAFP00000001552	80.0	S	0.0
Cint_ENSCINP00000030011	Galgal_ENSGALP00000012929	80.0	S	0.0
Cint_ENSCINP00000030011	Pantro_ENSPTRP00000053317	80.0	S	0.0
Cint_ENSCINP00000030011	Canfam_ENSCAFP00000011752	80.0	S	0.0
Cint_ENSCINP00000030011	Hsap_ENSP00000340913	80.0	S	0.0
Cint_ENSCINP00000030011	Mondom_ENSMODP00000012730	80.0	S	0.0
Cint_ENSCINP00000030011	Pantro_ENSPTRP00000007239	80.0	S	0.0
Cint_ENSCINP00000030011	Canfam_ENSCAFP00000048844	80.0	S	0.0
Cint_ENSCINP00000030011	Ratnor_ENSRNOP00000071700	80.0	S	0.0
Cint_ENSCINP00000030011	Drer_ENSDARP00000137055	80.0	S	0.0
Cint_ENSCINP00000030011	Dmel_FBpp0307143	80.0	S	0.0
Cint_ENSCINP00000030011	Mmus_ENSMUSP00000116934	80.0	S	0.0
Cint_ENSCINP00000030011	Mmus_ENSMUSP00000057965	80.0	S	0.0
Cint_ENSCINP00000030011	Canfam_ENSCAFP00000009093	80.0	S	0.0
Cint_ENSCINP00000030011	Nvec_EDO36284	80.0	S	0.0
Cint_ENSCINP00000030011	Mmus_ENSMUSP00000022023	80.0	S	0.0
Cint_ENSCINP00000030011	Drer_ENSDARP00000101034	80.0	S	0.0
Cint_ENSCINP00000030011	Pantro_ENSPTRP00000045620	80.0	S	0.0
Cint_ENSCINP00000030011	Pantro_ENSPTRP00000038200	80.0	S	0.0
Cint_ENSCINP00000030011	Bralan_BL21710_cuf10	80.0	S	0.0
Cint_ENSCINP00000030011	Mondom_ENSMODP00000006218	80.0	S	0.0
Cint_ENSCINP00000030011	Canfam_ENSCAFP00000022403	80.0	S	0.0
Cint_ENSCINP00000030011	Nvec_EDO31202	80.0	S	0.0
Cint_ENSCINP00000030011	Drer_ENSDARP00000116329	80.0	S	0.0
Cint_ENSCINP00000030011	Drer_ENSDARP00000113233	80.0	S	0.0
Cint_ENSCINP00000013935	Hsap_ENSP00000262839	80.0	S	0.0
Cint_ENSCINP00000013935	Bralan_BL06996_evm0	80.0	S	0.0
Cint_ENSCINP00000013935	Drer_ENSDARP00000136413	80.0	S	0.0
Cint_ENSCINP00000013935	Galgal_ENSGALP00000066203	80.0	S	0.0
Cint_ENSCINP00000013935	Mondom_ENSMODP00000049096	80.0	S	0.0
Cint_ENSCINP00000013935	Tetnig_ENSTNIP00000019364	80.0	S	0.0
Cint_ENSCINP00000013935	Hsap_ENSP00000419313	80.0	S	0.0
Cint_ENSCINP00000013935	Hsap_ENSP00000486109	80.0	S	0.0
Cint_ENSCINP00000013935	Drer_ENSDARP00000138129	80.0	S	0.0
Cint_ENSCINP00000013935	Bralan_BL14332_evm6	80.0	S	0.0
Cint_ENSCINP00000013935	Mmus_ENSMUSP00000049063	80.0	S	0.0
Cint_ENSCINP00000013935	Bralan_BL03171_evm5	80.0	S	0.0
Cint_ENSCINP00000013935	Ratnor_ENSRNOP00000074229	80.0	S	0.0
Cint_ENSCINP00000013935	Ratnor_ENSRNOP00000047354	80.0	S	0.0
Cint_ENSCINP00000013935	Ratnor_ENSRNOP00000016982	80.0	S	0.0
Cint_ENSCINP00000013935	Ratnor_ENSRNOP00000008905	80.0	S	0.0
Cint_ENSCINP00000013935	Mondom_ENSMODP00000023614	80.0	S	0.0
Cint_ENSCINP00000013935	Ratnor_ENSRNOP00000042886	80.0	S	0.0
Cint_ENSCINP00000013935	Tetnig_ENSTNIP00000003464	80.0	S	0.0
Cint_ENSCINP00000013935	Bralan_BL18052_cuf2	80.0	S	0.0
Cint_ENSCINP00000013935	Tetnig_ENSTNIP00000012823	80.0	S	0.0
Cint_ENSCINP00000013935	Drer_ENSDARP00000075235	80.0	S	0.0
Cint_ENSCINP00000013935	Sman_Smp_151880	80.0	S	0.0
Cint_ENSCINP00000013935	Mmus_ENSMUSP00000029271	80.0	S	0.0
Cint_ENSCINP00000013935	Mondom_ENSMODP00000018922	80.0	S	0.0
Cint_ENSCINP00000013935	Drer_ENSDARP00000155633	80.0	S	0.0
Cint_ENSCINP00000013935	Tetnig_ENSTNIP00000014183	80.0	S	0.0
Cint_ENSCINP00000013935	Canfam_ENSCAFP00000026903	80.0	S	0.0
Cint_ENSCINP00000013935	Mondom_ENSMODP00000000645	80.0	S	0.0
Cint_ENSCINP00000013935	Ratnor_ENSRNOP00000075444	80.0	S	0.0
Cint_ENSCINP00000013935	Bralan_BL19835_evm0	80.0	S	0.0
Cint_ENSCINP00000013935	Drer_ENSDARP00000141684	80.0	S	0.0
Cint_ENSCINP00000013935	Nvec_EDO31201	80.0	S	0.0
Cint_ENSCINP00000013935	Galgal_ENSGALP00000027731	80.0	S	0.0
Cint_ENSCINP00000013935	Galgal_ENSGALP00000029480	80.0	S	0.0
Cint_ENSCINP00000013935	Hsap_ENSP00000368966	80.0	S	0.0
Cint_ENSCINP00000013935	Drer_ENSDARP00000050171	80.0	S	0.0
Cint_ENSCINP00000013935	Cele_WBGene00006614.1	80.0	S	0.0
Cint_ENSCINP00000013935	Dmel_FBpp0087557	80.0	S	0.0
Cint_ENSCINP00000013935	Galgal_ENSGALP00000019344	80.0	S	0.0
Cint_ENSCINP00000013935	Dmel_FBpp0084879	80.0	S	0.0
Cint_ENSCINP00000013935	Hsap_ENSP00000426070	80.0	S	0.0
Cint_ENSCINP00000013935	Sman_Smp_163160	80.0	S	0.0
Cint_ENSCINP00000013935	Drer_ENSDARP00000100760	80.0	S	0.0
Cint_ENSCINP00000013935	Mmus_ENSMUSP00000081903	80.0	S	0.0
Cint_ENSCINP00000013935	Canfam_ENSCAFP00000042480	80.0	S	0.0
Cint_ENSCINP00000013935	Sman_Smp_147860	80.0	S	0.0
Cint_ENSCINP00000013935	Sman_Smp_169150	80.0	S	0.0
Cint_ENSCINP00000013935	Pantro_ENSPTRP00000029531	80.0	S	0.0
Cint_ENSCINP00000013935	Drer_ENSDARP00000080550	80.0	S	0.0
Cint_ENSCINP00000013935	Cele_WBGene00006615.1	80.0	S	0.0
Cint_ENSCINP00000013935	Tetnig_ENSTNIP00000014737	80.0	S	0.0
Cint_ENSCINP00000013935	Mmus_ENSMUSP00000029311	80.0	S	0.0
Cint_ENSCINP00000013935	Tetnig_ENSTNIP00000012880	80.0	S	0.0
Cint_ENSCINP00000013935	Tetnig_ENSTNIP00000008592	80.0	S	0.0
Cint_ENSCINP00000013935	Drer_ENSDARP00000128510	80.0	S	0.0
Cint_ENSCINP00000013935	Galgal_ENSGALP00000004146	80.0	S	0.0
Cint_ENSCINP00000013935	Mondom_ENSMODP00000032531	80.0	S	0.0
Cint_ENSCINP00000013935	Drer_ENSDARP00000088318	80.0	S	0.0
Cint_ENSCINP00000013935	Mmus_ENSMUSP00000139672	80.0	S	0.0
Cint_ENSCINP00000013935	Tetnig_ENSTNIP00000015738	80.0	S	0.0
Cint_ENSCINP00000013935	Pantro_ENSPTRP00000083420	80.0	S	0.0
Cint_ENSCINP00000013935	Canfam_ENSCAFP00000001552	80.0	S	0.0
Cint_ENSCINP00000013935	Galgal_ENSGALP00000012929	80.0	S	0.0
Cint_ENSCINP00000013935	Pantro_ENSPTRP00000053317	80.0	S	0.0
Cint_ENSCINP00000013935	Canfam_ENSCAFP00000011752	80.0	S	0.0
Cint_ENSCINP00000013935	Hsap_ENSP00000340913	80.0	S	0.0
Cint_ENSCINP00000013935	Mondom_ENSMODP00000012730	80.0	S	0.0
Cint_ENSCINP00000013935	Pantro_ENSPTRP00000007239	80.0	S	0.0
Cint_ENSCINP00000013935	Canfam_ENSCAFP00000048844	80.0	S	0.0
Cint_ENSCINP00000013935	Ratnor_ENSRNOP00000071700	80.0	S	0.0
Cint_ENSCINP00000013935	Drer_ENSDARP00000137055	80.0	S	0.0
Cint_ENSCINP00000013935	Dmel_FBpp0307143	80.0	S	0.0
Cint_ENSCINP00000013935	Mmus_ENSMUSP00000116934	80.0	S	0.0
Cint_ENSCINP00000013935	Mmus_ENSMUSP00000057965	80.0	S	0.0
Cint_ENSCINP00000013935	Canfam_ENSCAFP00000009093	80.0	S	0.0
Cint_ENSCINP00000013935	Nvec_EDO36284	80.0	S	0.0
Cint_ENSCINP00000013935	Mmus_ENSMUSP00000022023	80.0	S	0.0
Cint_ENSCINP00000013935	Drer_ENSDARP00000101034	80.0	S	0.0
Cint_ENSCINP00000013935	Pantro_ENSPTRP00000045620	80.0	S	0.0
Cint_ENSCINP00000013935	Pantro_ENSPTRP00000038200	80.0	S	0.0
Cint_ENSCINP00000013935	Bralan_BL21710_cuf10	80.0	S	0.0
Cint_ENSCINP00000013935	Mondom_ENSMODP00000006218	80.0	S	0.0
Cint_ENSCINP00000013935	Canfam_ENSCAFP00000022403	80.0	S	0.0
Cint_ENSCINP00000013935	Nvec_EDO31202	80.0	S	0.0
Cint_ENSCINP00000013935	Drer_ENSDARP00000116329	80.0	S	0.0
Cint_ENSCINP00000013935	Drer_ENSDARP00000113233	80.0	S	0.0
Cint_ENSCINP00000026899	Hsap_ENSP00000262839	80.0	S	0.0
Cint_ENSCINP00000026899	Bralan_BL06996_evm0	80.0	S	0.0
Cint_ENSCINP00000026899	Drer_ENSDARP00000136413	80.0	S	0.0
Cint_ENSCINP00000026899	Galgal_ENSGALP00000066203	80.0	S	0.0
Cint_ENSCINP00000026899	Mondom_ENSMODP00000049096	80.0	S	0.0
Cint_ENSCINP00000026899	Tetnig_ENSTNIP00000019364	80.0	S	0.0
Cint_ENSCINP00000026899	Hsap_ENSP00000419313	80.0	S	0.0
Cint_ENSCINP00000026899	Hsap_ENSP00000486109	80.0	S	0.0
Cint_ENSCINP00000026899	Drer_ENSDARP00000138129	80.0	S	0.0
Cint_ENSCINP00000026899	Bralan_BL14332_evm6	80.0	S	0.0
Cint_ENSCINP00000026899	Mmus_ENSMUSP00000049063	80.0	S	0.0
Cint_ENSCINP00000026899	Bralan_BL03171_evm5	80.0	S	0.0
Cint_ENSCINP00000026899	Ratnor_ENSRNOP00000074229	80.0	S	0.0
Cint_ENSCINP00000026899	Ratnor_ENSRNOP00000047354	80.0	S	0.0
Cint_ENSCINP00000026899	Ratnor_ENSRNOP00000016982	80.0	S	0.0
Cint_ENSCINP00000026899	Ratnor_ENSRNOP00000008905	80.0	S	0.0
Cint_ENSCINP00000026899	Mondom_ENSMODP00000023614	80.0	S	0.0
Cint_ENSCINP00000026899	Ratnor_ENSRNOP00000042886	80.0	S	0.0
Cint_ENSCINP00000026899	Tetnig_ENSTNIP00000003464	80.0	S	0.0
Cint_ENSCINP00000026899	Bralan_BL18052_cuf2	80.0	S	0.0
Cint_ENSCINP00000026899	Tetnig_ENSTNIP00000012823	80.0	S	0.0
Cint_ENSCINP00000026899	Drer_ENSDARP00000075235	80.0	S	0.0
Cint_ENSCINP00000026899	Sman_Smp_151880	80.0	S	0.0
Cint_ENSCINP00000026899	Mmus_ENSMUSP00000029271	80.0	S	0.0
Cint_ENSCINP00000026899	Mondom_ENSMODP00000018922	80.0	S	0.0
Cint_ENSCINP00000026899	Drer_ENSDARP00000155633	80.0	S	0.0
Cint_ENSCINP00000026899	Tetnig_ENSTNIP00000014183	80.0	S	0.0
Cint_ENSCINP00000026899	Canfam_ENSCAFP00000026903	80.0	S	0.0
Cint_ENSCINP00000026899	Mondom_ENSMODP00000000645	80.0	S	0.0
Cint_ENSCINP00000026899	Ratnor_ENSRNOP00000075444	80.0	S	0.0
Cint_ENSCINP00000026899	Bralan_BL19835_evm0	80.0	S	0.0
Cint_ENSCINP00000026899	Drer_ENSDARP00000141684	80.0	S	0.0
Cint_ENSCINP00000026899	Nvec_EDO31201	80.0	S	0.0
Cint_ENSCINP00000026899	Galgal_ENSGALP00000027731	80.0	S	0.0
Cint_ENSCINP00000026899	Galgal_ENSGALP00000029480	80.0	S	0.0
Cint_ENSCINP00000026899	Hsap_ENSP00000368966	80.0	S	0.0
Cint_ENSCINP00000026899	Drer_ENSDARP00000050171	80.0	S	0.0
Cint_ENSCINP00000026899	Cele_WBGene00006614.1	80.0	S	0.0
Cint_ENSCINP00000026899	Dmel_FBpp0087557	80.0	S	0.0
Cint_ENSCINP00000026899	Galgal_ENSGALP00000019344	80.0	S	0.0
Cint_ENSCINP00000026899	Dmel_FBpp0084879	80.0	S	0.0
Cint_ENSCINP00000026899	Hsap_ENSP00000426070	80.0	S	0.0
Cint_ENSCINP00000026899	Sman_Smp_163160	80.0	S	0.0
Cint_ENSCINP00000026899	Drer_ENSDARP00000100760	80.0	S	0.0
Cint_ENSCINP00000026899	Mmus_ENSMUSP00000081903	80.0	S	0.0
Cint_ENSCINP00000026899	Canfam_ENSCAFP00000042480	80.0	S	0.0
Cint_ENSCINP00000026899	Sman_Smp_147860	80.0	S	0.0
Cint_ENSCINP00000026899	Sman_Smp_169150	80.0	S	0.0
Cint_ENSCINP00000026899	Pantro_ENSPTRP00000029531	80.0	S	0.0
Cint_ENSCINP00000026899	Drer_ENSDARP00000080550	80.0	S	0.0
Cint_ENSCINP00000026899	Cele_WBGene00006615.1	80.0	S	0.0
Cint_ENSCINP00000026899	Tetnig_ENSTNIP00000014737	80.0	S	0.0
Cint_ENSCINP00000026899	Mmus_ENSMUSP00000029311	80.0	S	0.0
Cint_ENSCINP00000026899	Tetnig_ENSTNIP00000012880	80.0	S	0.0
Cint_ENSCINP00000026899	Tetnig_ENSTNIP00000008592	80.0	S	0.0
Cint_ENSCINP00000026899	Drer_ENSDARP00000128510	80.0	S	0.0
Cint_ENSCINP00000026899	Galgal_ENSGALP00000004146	80.0	S	0.0
Cint_ENSCINP00000026899	Mondom_ENSMODP00000032531	80.0	S	0.0
Cint_ENSCINP00000026899	Drer_ENSDARP00000088318	80.0	S	0.0
Cint_ENSCINP00000026899	Mmus_ENSMUSP00000139672	80.0	S	0.0
Cint_ENSCINP00000026899	Tetnig_ENSTNIP00000015738	80.0	S	0.0
Cint_ENSCINP00000026899	Pantro_ENSPTRP00000083420	80.0	S	0.0
Cint_ENSCINP00000026899	Canfam_ENSCAFP00000001552	80.0	S	0.0
Cint_ENSCINP00000026899	Galgal_ENSGALP00000012929	80.0	S	0.0
Cint_ENSCINP00000026899	Pantro_ENSPTRP00000053317	80.0	S	0.0
Cint_ENSCINP00000026899	Canfam_ENSCAFP00000011752	80.0	S	0.0
Cint_ENSCINP00000026899	Hsap_ENSP00000340913	80.0	S	0.0
Cint_ENSCINP00000026899	Mondom_ENSMODP00000012730	80.0	S	0.0
Cint_ENSCINP00000026899	Pantro_ENSPTRP00000007239	80.0	S	0.0
Cint_ENSCINP00000026899	Canfam_ENSCAFP00000048844	80.0	S	0.0
Cint_ENSCINP00000026899	Ratnor_ENSRNOP00000071700	80.0	S	0.0
Cint_ENSCINP00000026899	Drer_ENSDARP00000137055	80.0	S	0.0
Cint_ENSCINP00000026899	Dmel_FBpp0307143	80.0	S	0.0
Cint_ENSCINP00000026899	Mmus_ENSMUSP00000116934	80.0	S	0.0
Cint_ENSCINP00000026899	Mmus_ENSMUSP00000057965	80.0	S	0.0
Cint_ENSCINP00000026899	Canfam_ENSCAFP00000009093	80.0	S	0.0
Cint_ENSCINP00000026899	Nvec_EDO36284	80.0	S	0.0
Cint_ENSCINP00000026899	Mmus_ENSMUSP00000022023	80.0	S	0.0
Cint_ENSCINP00000026899	Drer_ENSDARP00000101034	80.0	S	0.0
Cint_ENSCINP00000026899	Pantro_ENSPTRP00000045620	80.0	S	0.0
Cint_ENSCINP00000026899	Pantro_ENSPTRP00000038200	80.0	S	0.0
Cint_ENSCINP00000026899	Bralan_BL21710_cuf10	80.0	S	0.0
Cint_ENSCINP00000026899	Mondom_ENSMODP00000006218	80.0	S	0.0
Cint_ENSCINP00000026899	Canfam_ENSCAFP00000022403	80.0	S	0.0
Cint_ENSCINP00000026899	Nvec_EDO31202	80.0	S	0.0
Cint_ENSCINP00000026899	Drer_ENSDARP00000116329	80.0	S	0.0
Cint_ENSCINP00000026899	Drer_ENSDARP00000113233	80.0	S	0.0
Cele_WBGene00008731.1	Cele_WBGene00021408.1	100.0	D	1.0
Cele_WBGene00008731.1	Cele_WBGene00020972.1	100.0	D	1.0
Cele_WBGene00008731.1	Cele_WBGene00021404.1	100.0	D	1.0
Mlei_ML019118a-PA	Mlei_ML17746a-PA	67.0	D	1.0
Pantro_ENSPTRP00000086241	Hsap_ENSP00000483049	100.0	S	0.0
Pantro_ENSPTRP00000086241	Hsap_ENSP00000265310	100.0	S	0.0
Pantro_ENSPTRP00000033910	Hsap_ENSP00000483049	100.0	S	0.0
Pantro_ENSPTRP00000033910	Hsap_ENSP00000265310	100.0	S	0.0
Mondom_ENSMODP00000001215	Pantro_ENSPTRP00000042589	96.0	S	0.0
Mondom_ENSMODP00000001215	Hsap_ENSP00000352358	96.0	S	0.0
Mondom_ENSMODP00000001215	Canfam_ENSCAFP00000005476	96.0	S	0.0
Mondom_ENSMODP00000001215	Mmus_ENSMUSP00000031902	96.0	S	0.0
Mondom_ENSMODP00000001215	Hsap_ENSP00000479828	96.0	S	0.0
Mondom_ENSMODP00000001215	Ratnor_ENSRNOP00000020616	96.0	S	0.0
Hsap_ENSP00000301365	Ratnor_ENSRNOP00000026596	98.0	S	0.0
Hsap_ENSP00000301365	Mmus_ENSMUSP00000053755	98.0	S	0.0
Hsap_ENSP00000301365	Canfam_ENSCAFP00000028560	98.0	S	0.0
Pantro_ENSPTRP00000014621	Ratnor_ENSRNOP00000026596	98.0	S	0.0
Pantro_ENSPTRP00000014621	Mmus_ENSMUSP00000053755	98.0	S	0.0
Pantro_ENSPTRP00000014621	Canfam_ENSCAFP00000028560	98.0	S	0.0
Nvec_EDO31100	Nvec_EDO43347	100.0	D	1.0
Mlei_ML03701a-PA	Mlei_ML032311a-PA	100.0	D	1.0
Mlei_ML03701a-PA	Mlei_ML294910a-PA	100.0	D	1.0
Mlei_ML181719a-PA	Mlei_ML01784a-PA	82.0	D	1.0
Mlei_ML181719a-PA	Mlei_ML083013a-PA	82.0	D	1.0
Mlei_ML181719a-PA	Mlei_ML01783a-PA	82.0	D	1.0
Drer_ENSDARP00000133531	Bralan_BL17148_cuf3	98.0	S	0.0
Bralan_BL95577_evm1	Bralan_BL95576_evm0	100.0	D	1.0
Bralan_BL95577_evm1	Bralan_BL18137_cuf1	100.0	D	1.0
Bralan_BL95577_evm1	Bralan_BL21817_cuf1	100.0	D	1.0
Bralan_BL10881_evm2	Bralan_BL08115_cuf2	100.0	D	1.0
Bralan_BL10881_evm2	Bralan_BL16193_evm1	100.0	D	1.0
Bralan_BL10881_evm2	Bralan_BL01688_evm0	100.0	D	1.0
Bralan_BL10881_evm2	Bralan_BL97314_cuf3	100.0	D	1.0
Bralan_BL10881_evm2	Bralan_BL08920_cuf0	100.0	D	1.0
Bralan_BL00383_cuf2	Bralan_BL08115_cuf2	100.0	D	1.0
Bralan_BL00383_cuf2	Bralan_BL16193_evm1	100.0	D	1.0
Bralan_BL00383_cuf2	Bralan_BL01688_evm0	100.0	D	1.0
Bralan_BL00383_cuf2	Bralan_BL97314_cuf3	100.0	D	1.0
Bralan_BL00383_cuf2	Bralan_BL08920_cuf0	100.0	D	1.0
Bralan_BL17791_evm0	Bralan_BL08115_cuf2	100.0	D	1.0
Bralan_BL17791_evm0	Bralan_BL16193_evm1	100.0	D	1.0
Bralan_BL17791_evm0	Bralan_BL01688_evm0	100.0	D	1.0
Bralan_BL17791_evm0	Bralan_BL97314_cuf3	100.0	D	1.0
Bralan_BL17791_evm0	Bralan_BL08920_cuf0	100.0	D	1.0
Bralan_BL18575_evm1	Bralan_BL08115_cuf2	100.0	D	1.0
Bralan_BL18575_evm1	Bralan_BL16193_evm1	100.0	D	1.0
Bralan_BL18575_evm1	Bralan_BL01688_evm0	100.0	D	1.0
Bralan_BL18575_evm1	Bralan_BL97314_cuf3	100.0	D	1.0
Bralan_BL18575_evm1	Bralan_BL08920_cuf0	100.0	D	1.0
Cint_ENSCINP00000030011	Cint_ENSCINP00000004195	100.0	D	1.0
Cint_ENSCINP00000030011	Cint_ENSCINP00000032356	100.0	D	1.0
Cint_ENSCINP00000030011	Cint_ENSCINP00000024525	100.0	D	1.0
Cint_ENSCINP00000030011	Cint_ENSCINP00000032495	100.0	D	1.0
Cint_ENSCINP00000030011	Cint_ENSCINP00000013935	100.0	D	1.0
Cint_ENSCINP00000030011	Cint_ENSCINP00000026899	100.0	D	1.0
Cele_WBGene00020972.1	Cele_WBGene00021408.1	100.0	D	1.0
Cele_WBGene00020972.1	Cele_WBGene00021404.1	100.0	D	1.0
Tadh_TriadP57357	Mlei_ML26623a-PA	69.0	S	0.0
Tadh_TriadP57357	Mlei_ML26625a-PA	69.0	S	0.0
Tadh_TriadP57357	Mlei_ML200265a-PA	69.0	S	0.0
Tadh_TriadP57357	Mlei_ML065725a-PA	69.0	S	0.0
Tadh_TriadP57357	Mlei_ML26624a-PA	69.0	S	0.0
Tadh_TriadP57357	Mlei_ML040413a-PA	69.0	S	0.0
Tadh_TriadP57357	Mlei_ML00085a-PA	69.0	S	0.0
Tadh_TriadP57357	Mlei_ML26622a-PA	69.0	S	0.0
Tadh_TriadP57357	Mlei_ML032416a-PA	69.0	S	0.0
Tadh_TriadP57357	Mlei_ML040414a-PA	69.0	S	0.0
Tadh_TriadP57357	Mlei_ML19673a-PA	69.0	S	0.0
Tadh_TriadP57357	Mlei_ML131715a-PA	69.0	S	0.0
Tadh_TriadP57357	Mlei_ML05824a-PA	69.0	S	0.0
Tadh_TriadP57357	Mlei_ML025016a-PA	69.0	S	0.0
Tadh_TriadP57357	Mlei_ML10909a-PA	69.0	S	0.0
Pantro_ENSPTRP00000033910	Pantro_ENSPTRP00000086241	100.0	D	1.0
Hsap_ENSP00000265310	Hsap_ENSP00000483049	100.0	D	1.0
Canfam_ENSCAFP00000005476	Pantro_ENSPTRP00000042589	100.0	S	0.0
Canfam_ENSCAFP00000005476	Hsap_ENSP00000352358	100.0	S	0.0
Canfam_ENSCAFP00000005476	Mmus_ENSMUSP00000031902	100.0	S	0.0
Canfam_ENSCAFP00000005476	Hsap_ENSP00000479828	100.0	S	0.0
Canfam_ENSCAFP00000005476	Ratnor_ENSRNOP00000020616	100.0	S	0.0
Hsap_ENSP00000301365	Pantro_ENSPTRP00000014621	98.0	S	0.0
Canfam_ENSCAFP00000028560	Ratnor_ENSRNOP00000026596	99.0	S	0.0
Canfam_ENSCAFP00000028560	Mmus_ENSMUSP00000053755	99.0	S	0.0
Galgal_ENSGALP00000007183	Canfam_ENSCAFP00000026616	100.0	S	0.0
Galgal_ENSGALP00000007393	Pantro_ENSPTRP00000014623	100.0	S	0.0
Galgal_ENSGALP00000007393	Hsap_ENSP00000409627	100.0	S	0.0
Mlei_ML294910a-PA	Mlei_ML032311a-PA	100.0	D	1.0
Mlei_ML083013a-PA	Mlei_ML01784a-PA	100.0	D	1.0
Mlei_ML083013a-PA	Mlei_ML01783a-PA	100.0	D	1.0
Bralan_BL21817_cuf1	Bralan_BL95576_evm0	97.0	D	1.0
Bralan_BL21817_cuf1	Bralan_BL18137_cuf1	97.0	D	1.0
Bralan_BL00383_cuf2	Bralan_BL10881_evm2	100.0	D	1.0
Bralan_BL00383_cuf2	Bralan_BL17791_evm0	100.0	D	1.0
Bralan_BL00383_cuf2	Bralan_BL18575_evm1	100.0	D	1.0
Bralan_BL16193_evm1	Bralan_BL08115_cuf2	100.0	D	1.0
Bralan_BL16193_evm1	Bralan_BL01688_evm0	100.0	D	1.0
Bralan_BL16193_evm1	Bralan_BL08920_cuf0	100.0	D	1.0
Bralan_BL97314_cuf3	Bralan_BL08115_cuf2	100.0	D	1.0
Bralan_BL97314_cuf3	Bralan_BL01688_evm0	100.0	D	1.0
Bralan_BL97314_cuf3	Bralan_BL08920_cuf0	100.0	D	1.0
Cint_ENSCINP00000004195	Cint_ENSCINP00000032356	88.0	D	1.0
Cint_ENSCINP00000004195	Cint_ENSCINP00000024525	88.0	D	1.0
Cint_ENSCINP00000004195	Cint_ENSCINP00000032495	88.0	D	1.0
Cint_ENSCINP00000004195	Cint_ENSCINP00000013935	88.0	D	1.0
Cint_ENSCINP00000004195	Cint_ENSCINP00000026899	88.0	D	1.0
Cele_WBGene00021404.1	Cele_WBGene00021408.1	100.0	D	1.0
Mlei_ML025016a-PA	Mlei_ML26623a-PA	65.0	D	1.0
Mlei_ML025016a-PA	Mlei_ML26625a-PA	65.0	D	1.0
Mlei_ML025016a-PA	Mlei_ML200265a-PA	65.0	D	1.0
Mlei_ML025016a-PA	Mlei_ML065725a-PA	65.0	D	1.0
Mlei_ML025016a-PA	Mlei_ML26624a-PA	65.0	D	1.0
Mlei_ML025016a-PA	Mlei_ML040413a-PA	65.0	D	1.0
Mlei_ML025016a-PA	Mlei_ML00085a-PA	65.0	D	1.0
Mlei_ML025016a-PA	Mlei_ML26622a-PA	65.0	D	1.0
Mlei_ML025016a-PA	Mlei_ML032416a-PA	65.0	D	1.0
Mlei_ML025016a-PA	Mlei_ML040414a-PA	65.0	D	1.0
Mlei_ML025016a-PA	Mlei_ML19673a-PA	65.0	D	1.0
Mlei_ML025016a-PA	Mlei_ML131715a-PA	65.0	D	1.0
Mlei_ML025016a-PA	Mlei_ML05824a-PA	65.0	D	1.0
Mlei_ML025016a-PA	Mlei_ML10909a-PA	65.0	D	1.0
Sman_Smp_000050	Sman_Smp_161640	100.0	D	1.0
Sman_Smp_000050	Sman_Smp_197680	100.0	D	1.0
Sman_Smp_000050	Sman_Smp_130890	100.0	D	1.0
Sman_Smp_000050	Sman_Smp_161630	100.0	D	1.0
Mmus_ENSMUSP00000031902	Hsap_ENSP00000479828	99.0	S	0.0
Mmus_ENSMUSP00000031902	Hsap_ENSP00000352358	99.0	S	0.0
Mmus_ENSMUSP00000031902	Pantro_ENSPTRP00000042589	99.0	S	0.0
Ratnor_ENSRNOP00000020616	Hsap_ENSP00000479828	99.0	S	0.0
Ratnor_ENSRNOP00000020616	Hsap_ENSP00000352358	99.0	S	0.0
Ratnor_ENSRNOP00000020616	Pantro_ENSPTRP00000042589	99.0	S	0.0
Ratnor_ENSRNOP00000026596	Mmus_ENSMUSP00000053755	100.0	S	0.0
Pantro_ENSPTRP00000014623	Hsap_ENSP00000409627	100.0	S	0.0
Mlei_ML01783a-PA	Mlei_ML01784a-PA	100.0	D	1.0
Bralan_BL95576_evm0	Bralan_BL18137_cuf1	98.0	D	1.0
Bralan_BL10881_evm2	Bralan_BL17791_evm0	100.0	D	1.0
Bralan_BL10881_evm2	Bralan_BL18575_evm1	100.0	D	1.0
Bralan_BL16193_evm1	Bralan_BL97314_cuf3	93.0	D	1.0
Bralan_BL01688_evm0	Bralan_BL08115_cuf2	100.0	D	1.0
Bralan_BL01688_evm0	Bralan_BL08920_cuf0	100.0	D	1.0
Cint_ENSCINP00000032495	Cint_ENSCINP00000024525	100.0	D	1.0
Cint_ENSCINP00000032495	Cint_ENSCINP00000013935	100.0	D	1.0
Cint_ENSCINP00000032495	Cint_ENSCINP00000026899	100.0	D	1.0
Cint_ENSCINP00000032495	Cint_ENSCINP00000032356	100.0	D	1.0
Sman_Smp_163160	Mmus_ENSMUSP00000029271	98.0	S	0.0
Sman_Smp_163160	Mondom_ENSMODP00000018922	98.0	S	0.0
Sman_Smp_163160	Bralan_BL06996_evm0	98.0	S	0.0
Sman_Smp_163160	Mondom_ENSMODP00000000645	98.0	S	0.0
Sman_Smp_163160	Galgal_ENSGALP00000066203	98.0	S	0.0
Sman_Smp_163160	Ratnor_ENSRNOP00000075444	98.0	S	0.0
Sman_Smp_163160	Hsap_ENSP00000340913	98.0	S	0.0
Sman_Smp_163160	Drer_ENSDARP00000138129	98.0	S	0.0
Sman_Smp_163160	Galgal_ENSGALP00000027731	98.0	S	0.0
Sman_Smp_163160	Pantro_ENSPTRP00000029531	98.0	S	0.0
Sman_Smp_163160	Pantro_ENSPTRP00000007239	98.0	S	0.0
Sman_Smp_163160	Hsap_ENSP00000368966	98.0	S	0.0
Sman_Smp_163160	Canfam_ENSCAFP00000048844	98.0	S	0.0
Sman_Smp_163160	Drer_ENSDARP00000050171	98.0	S	0.0
Sman_Smp_163160	Drer_ENSDARP00000137055	98.0	S	0.0
Sman_Smp_163160	Tetnig_ENSTNIP00000014737	98.0	S	0.0
Sman_Smp_163160	Mmus_ENSMUSP00000116934	98.0	S	0.0
Sman_Smp_163160	Mmus_ENSMUSP00000057965	98.0	S	0.0
Sman_Smp_163160	Galgal_ENSGALP00000019344	98.0	S	0.0
Sman_Smp_163160	Mmus_ENSMUSP00000022023	98.0	S	0.0
Sman_Smp_163160	Drer_ENSDARP00000101034	98.0	S	0.0
Sman_Smp_163160	Tetnig_ENSTNIP00000012880	98.0	S	0.0
Sman_Smp_163160	Hsap_ENSP00000426070	98.0	S	0.0
Sman_Smp_163160	Tetnig_ENSTNIP00000008592	98.0	S	0.0
Sman_Smp_163160	Ratnor_ENSRNOP00000047354	98.0	S	0.0
Sman_Smp_163160	Ratnor_ENSRNOP00000016982	98.0	S	0.0
Sman_Smp_163160	Drer_ENSDARP00000128510	98.0	S	0.0
Sman_Smp_163160	Ratnor_ENSRNOP00000008905	98.0	S	0.0
Sman_Smp_163160	Mondom_ENSMODP00000032531	98.0	S	0.0
Sman_Smp_163160	Mondom_ENSMODP00000023614	98.0	S	0.0
Sman_Smp_163160	Drer_ENSDARP00000100760	98.0	S	0.0
Sman_Smp_163160	Mmus_ENSMUSP00000081903	98.0	S	0.0
Sman_Smp_163160	Tetnig_ENSTNIP00000003464	98.0	S	0.0
Sman_Smp_163160	Bralan_BL21710_cuf10	98.0	S	0.0
Sman_Smp_163160	Drer_ENSDARP00000088318	98.0	S	0.0
Sman_Smp_163160	Canfam_ENSCAFP00000042480	98.0	S	0.0
Sman_Smp_163160	Canfam_ENSCAFP00000022403	98.0	S	0.0
Sman_Smp_163160	Canfam_ENSCAFP00000001552	98.0	S	0.0
Sman_Smp_163160	Drer_ENSDARP00000113233	98.0	S	0.0
Sman_Smp_163160	Pantro_ENSPTRP00000053317	98.0	S	0.0
Sman_Smp_169150	Mmus_ENSMUSP00000029271	98.0	S	0.0
Sman_Smp_169150	Mondom_ENSMODP00000018922	98.0	S	0.0
Sman_Smp_169150	Bralan_BL06996_evm0	98.0	S	0.0
Sman_Smp_169150	Mondom_ENSMODP00000000645	98.0	S	0.0
Sman_Smp_169150	Galgal_ENSGALP00000066203	98.0	S	0.0
Sman_Smp_169150	Ratnor_ENSRNOP00000075444	98.0	S	0.0
Sman_Smp_169150	Hsap_ENSP00000340913	98.0	S	0.0
Sman_Smp_169150	Drer_ENSDARP00000138129	98.0	S	0.0
Sman_Smp_169150	Galgal_ENSGALP00000027731	98.0	S	0.0
Sman_Smp_169150	Pantro_ENSPTRP00000029531	98.0	S	0.0
Sman_Smp_169150	Pantro_ENSPTRP00000007239	98.0	S	0.0
Sman_Smp_169150	Hsap_ENSP00000368966	98.0	S	0.0
Sman_Smp_169150	Canfam_ENSCAFP00000048844	98.0	S	0.0
Sman_Smp_169150	Drer_ENSDARP00000050171	98.0	S	0.0
Sman_Smp_169150	Drer_ENSDARP00000137055	98.0	S	0.0
Sman_Smp_169150	Tetnig_ENSTNIP00000014737	98.0	S	0.0
Sman_Smp_169150	Mmus_ENSMUSP00000116934	98.0	S	0.0
Sman_Smp_169150	Mmus_ENSMUSP00000057965	98.0	S	0.0
Sman_Smp_169150	Galgal_ENSGALP00000019344	98.0	S	0.0
Sman_Smp_169150	Mmus_ENSMUSP00000022023	98.0	S	0.0
Sman_Smp_169150	Drer_ENSDARP00000101034	98.0	S	0.0
Sman_Smp_169150	Tetnig_ENSTNIP00000012880	98.0	S	0.0
Sman_Smp_169150	Hsap_ENSP00000426070	98.0	S	0.0
Sman_Smp_169150	Tetnig_ENSTNIP00000008592	98.0	S	0.0
Sman_Smp_169150	Ratnor_ENSRNOP00000047354	98.0	S	0.0
Sman_Smp_169150	Ratnor_ENSRNOP00000016982	98.0	S	0.0
Sman_Smp_169150	Drer_ENSDARP00000128510	98.0	S	0.0
Sman_Smp_169150	Ratnor_ENSRNOP00000008905	98.0	S	0.0
Sman_Smp_169150	Mondom_ENSMODP00000032531	98.0	S	0.0
Sman_Smp_169150	Mondom_ENSMODP00000023614	98.0	S	0.0
Sman_Smp_169150	Drer_ENSDARP00000100760	98.0	S	0.0
Sman_Smp_169150	Mmus_ENSMUSP00000081903	98.0	S	0.0
Sman_Smp_169150	Tetnig_ENSTNIP00000003464	98.0	S	0.0
Sman_Smp_169150	Bralan_BL21710_cuf10	98.0	S	0.0
Sman_Smp_169150	Drer_ENSDARP00000088318	98.0	S	0.0
Sman_Smp_169150	Canfam_ENSCAFP00000042480	98.0	S	0.0
Sman_Smp_169150	Canfam_ENSCAFP00000022403	98.0	S	0.0
Sman_Smp_169150	Canfam_ENSCAFP00000001552	98.0	S	0.0
Sman_Smp_169150	Drer_ENSDARP00000113233	98.0	S	0.0
Sman_Smp_169150	Pantro_ENSPTRP00000053317	98.0	S	0.0
Cele_WBGene00006614.1	Sman_Smp_147860	100.0	S	0.0
Cele_WBGene00006614.1	Bralan_BL19835_evm0	100.0	S	0.0
Cele_WBGene00006614.1	Bralan_BL03171_evm5	100.0	S	0.0
Nvec_EDO31201	Hsap_ENSP00000262839	94.0	S	0.0
Nvec_EDO31201	Canfam_ENSCAFP00000011752	94.0	S	0.0
Nvec_EDO31201	Drer_ENSDARP00000155633	94.0	S	0.0
Nvec_EDO31201	Tetnig_ENSTNIP00000014183	94.0	S	0.0
Nvec_EDO31201	Canfam_ENSCAFP00000026903	94.0	S	0.0
Nvec_EDO31201	Drer_ENSDARP00000136413	94.0	S	0.0
Nvec_EDO31201	Mondom_ENSMODP00000049096	94.0	S	0.0
Nvec_EDO31201	Tetnig_ENSTNIP00000019364	94.0	S	0.0
Nvec_EDO31201	Hsap_ENSP00000486109	94.0	S	0.0
Nvec_EDO31201	Hsap_ENSP00000419313	94.0	S	0.0
Nvec_EDO31201	Drer_ENSDARP00000141684	94.0	S	0.0
Nvec_EDO31201	Mondom_ENSMODP00000012730	94.0	S	0.0
Nvec_EDO31201	Galgal_ENSGALP00000029480	94.0	S	0.0
Nvec_EDO31201	Drer_ENSDARP00000080550	94.0	S	0.0
Nvec_EDO31201	Ratnor_ENSRNOP00000071700	94.0	S	0.0
Nvec_EDO31201	Dmel_FBpp0087557	94.0	S	0.0
Nvec_EDO31201	Cele_WBGene00006615.1	94.0	S	0.0
Nvec_EDO31201	Dmel_FBpp0307143	94.0	S	0.0
Nvec_EDO31201	Canfam_ENSCAFP00000009093	94.0	S	0.0
Nvec_EDO31201	Dmel_FBpp0084879	94.0	S	0.0
Nvec_EDO31201	Mmus_ENSMUSP00000049063	94.0	S	0.0
Nvec_EDO31201	Mmus_ENSMUSP00000029311	94.0	S	0.0
Nvec_EDO31201	Ratnor_ENSRNOP00000074229	94.0	S	0.0
Nvec_EDO31201	Galgal_ENSGALP00000004146	94.0	S	0.0
Nvec_EDO31201	Pantro_ENSPTRP00000045620	94.0	S	0.0
Nvec_EDO31201	Ratnor_ENSRNOP00000042886	94.0	S	0.0
Nvec_EDO31201	Pantro_ENSPTRP00000038200	94.0	S	0.0
Nvec_EDO31201	Mondom_ENSMODP00000006218	94.0	S	0.0
Nvec_EDO31201	Bralan_BL18052_cuf2	94.0	S	0.0
Nvec_EDO31201	Mmus_ENSMUSP00000139672	94.0	S	0.0
Nvec_EDO31201	Tetnig_ENSTNIP00000015738	94.0	S	0.0
Nvec_EDO31201	Pantro_ENSPTRP00000083420	94.0	S	0.0
Nvec_EDO31201	Tetnig_ENSTNIP00000012823	94.0	S	0.0
Nvec_EDO31201	Drer_ENSDARP00000075235	94.0	S	0.0
Nvec_EDO31201	Drer_ENSDARP00000116329	94.0	S	0.0
Nvec_EDO31201	Galgal_ENSGALP00000012929	94.0	S	0.0
Nvec_EDO31201	Sman_Smp_151880	94.0	S	0.0
Nvec_EDO36284	Hsap_ENSP00000262839	94.0	S	0.0
Nvec_EDO36284	Canfam_ENSCAFP00000011752	94.0	S	0.0
Nvec_EDO36284	Drer_ENSDARP00000155633	94.0	S	0.0
Nvec_EDO36284	Tetnig_ENSTNIP00000014183	94.0	S	0.0
Nvec_EDO36284	Canfam_ENSCAFP00000026903	94.0	S	0.0
Nvec_EDO36284	Drer_ENSDARP00000136413	94.0	S	0.0
Nvec_EDO36284	Mondom_ENSMODP00000049096	94.0	S	0.0
Nvec_EDO36284	Tetnig_ENSTNIP00000019364	94.0	S	0.0
Nvec_EDO36284	Hsap_ENSP00000486109	94.0	S	0.0
Nvec_EDO36284	Hsap_ENSP00000419313	94.0	S	0.0
Nvec_EDO36284	Drer_ENSDARP00000141684	94.0	S	0.0
Nvec_EDO36284	Mondom_ENSMODP00000012730	94.0	S	0.0
Nvec_EDO36284	Galgal_ENSGALP00000029480	94.0	S	0.0
Nvec_EDO36284	Drer_ENSDARP00000080550	94.0	S	0.0
Nvec_EDO36284	Ratnor_ENSRNOP00000071700	94.0	S	0.0
Nvec_EDO36284	Dmel_FBpp0087557	94.0	S	0.0
Nvec_EDO36284	Cele_WBGene00006615.1	94.0	S	0.0
Nvec_EDO36284	Dmel_FBpp0307143	94.0	S	0.0
Nvec_EDO36284	Canfam_ENSCAFP00000009093	94.0	S	0.0
Nvec_EDO36284	Dmel_FBpp0084879	94.0	S	0.0
Nvec_EDO36284	Mmus_ENSMUSP00000049063	94.0	S	0.0
Nvec_EDO36284	Mmus_ENSMUSP00000029311	94.0	S	0.0
Nvec_EDO36284	Ratnor_ENSRNOP00000074229	94.0	S	0.0
Nvec_EDO36284	Galgal_ENSGALP00000004146	94.0	S	0.0
Nvec_EDO36284	Pantro_ENSPTRP00000045620	94.0	S	0.0
Nvec_EDO36284	Ratnor_ENSRNOP00000042886	94.0	S	0.0
Nvec_EDO36284	Pantro_ENSPTRP00000038200	94.0	S	0.0
Nvec_EDO36284	Mondom_ENSMODP00000006218	94.0	S	0.0
Nvec_EDO36284	Bralan_BL18052_cuf2	94.0	S	0.0
Nvec_EDO36284	Mmus_ENSMUSP00000139672	94.0	S	0.0
Nvec_EDO36284	Tetnig_ENSTNIP00000015738	94.0	S	0.0
Nvec_EDO36284	Pantro_ENSPTRP00000083420	94.0	S	0.0
Nvec_EDO36284	Tetnig_ENSTNIP00000012823	94.0	S	0.0
Nvec_EDO36284	Drer_ENSDARP00000075235	94.0	S	0.0
Nvec_EDO36284	Drer_ENSDARP00000116329	94.0	S	0.0
Nvec_EDO36284	Galgal_ENSGALP00000012929	94.0	S	0.0
Nvec_EDO36284	Sman_Smp_151880	94.0	S	0.0
Nvec_EDO31202	Hsap_ENSP00000262839	94.0	S	0.0
Nvec_EDO31202	Canfam_ENSCAFP00000011752	94.0	S	0.0
Nvec_EDO31202	Drer_ENSDARP00000155633	94.0	S	0.0
Nvec_EDO31202	Tetnig_ENSTNIP00000014183	94.0	S	0.0
Nvec_EDO31202	Canfam_ENSCAFP00000026903	94.0	S	0.0
Nvec_EDO31202	Drer_ENSDARP00000136413	94.0	S	0.0
Nvec_EDO31202	Mondom_ENSMODP00000049096	94.0	S	0.0
Nvec_EDO31202	Tetnig_ENSTNIP00000019364	94.0	S	0.0
Nvec_EDO31202	Hsap_ENSP00000486109	94.0	S	0.0
Nvec_EDO31202	Hsap_ENSP00000419313	94.0	S	0.0
Nvec_EDO31202	Drer_ENSDARP00000141684	94.0	S	0.0
Nvec_EDO31202	Mondom_ENSMODP00000012730	94.0	S	0.0
Nvec_EDO31202	Galgal_ENSGALP00000029480	94.0	S	0.0
Nvec_EDO31202	Drer_ENSDARP00000080550	94.0	S	0.0
Nvec_EDO31202	Ratnor_ENSRNOP00000071700	94.0	S	0.0
Nvec_EDO31202	Dmel_FBpp0087557	94.0	S	0.0
Nvec_EDO31202	Cele_WBGene00006615.1	94.0	S	0.0
Nvec_EDO31202	Dmel_FBpp0307143	94.0	S	0.0
Nvec_EDO31202	Canfam_ENSCAFP00000009093	94.0	S	0.0
Nvec_EDO31202	Dmel_FBpp0084879	94.0	S	0.0
Nvec_EDO31202	Mmus_ENSMUSP00000049063	94.0	S	0.0
Nvec_EDO31202	Mmus_ENSMUSP00000029311	94.0	S	0.0
Nvec_EDO31202	Ratnor_ENSRNOP00000074229	94.0	S	0.0
Nvec_EDO31202	Galgal_ENSGALP00000004146	94.0	S	0.0
Nvec_EDO31202	Pantro_ENSPTRP00000045620	94.0	S	0.0
Nvec_EDO31202	Ratnor_ENSRNOP00000042886	94.0	S	0.0
Nvec_EDO31202	Pantro_ENSPTRP00000038200	94.0	S	0.0
Nvec_EDO31202	Mondom_ENSMODP00000006218	94.0	S	0.0
Nvec_EDO31202	Bralan_BL18052_cuf2	94.0	S	0.0
Nvec_EDO31202	Mmus_ENSMUSP00000139672	94.0	S	0.0
Nvec_EDO31202	Tetnig_ENSTNIP00000015738	94.0	S	0.0
Nvec_EDO31202	Pantro_ENSPTRP00000083420	94.0	S	0.0
Nvec_EDO31202	Tetnig_ENSTNIP00000012823	94.0	S	0.0
Nvec_EDO31202	Drer_ENSDARP00000075235	94.0	S	0.0
Nvec_EDO31202	Drer_ENSDARP00000116329	94.0	S	0.0
Nvec_EDO31202	Galgal_ENSGALP00000012929	94.0	S	0.0
Nvec_EDO31202	Sman_Smp_151880	94.0	S	0.0
Mlei_ML032416a-PA	Mlei_ML26623a-PA	100.0	D	1.0
Mlei_ML032416a-PA	Mlei_ML26624a-PA	100.0	D	1.0
Mlei_ML032416a-PA	Mlei_ML040413a-PA	100.0	D	1.0
Mlei_ML032416a-PA	Mlei_ML00085a-PA	100.0	D	1.0
Mlei_ML032416a-PA	Mlei_ML26622a-PA	100.0	D	1.0
Mlei_ML032416a-PA	Mlei_ML040414a-PA	100.0	D	1.0
Mlei_ML032416a-PA	Mlei_ML19673a-PA	100.0	D	1.0
Mlei_ML032416a-PA	Mlei_ML26625a-PA	100.0	D	1.0
Mlei_ML032416a-PA	Mlei_ML05824a-PA	100.0	D	1.0
Mlei_ML032416a-PA	Mlei_ML10909a-PA	100.0	D	1.0
Mlei_ML131715a-PA	Mlei_ML26623a-PA	100.0	D	1.0
Mlei_ML131715a-PA	Mlei_ML26624a-PA	100.0	D	1.0
Mlei_ML131715a-PA	Mlei_ML040413a-PA	100.0	D	1.0
Mlei_ML131715a-PA	Mlei_ML00085a-PA	100.0	D	1.0
Mlei_ML131715a-PA	Mlei_ML26622a-PA	100.0	D	1.0
Mlei_ML131715a-PA	Mlei_ML040414a-PA	100.0	D	1.0
Mlei_ML131715a-PA	Mlei_ML19673a-PA	100.0	D	1.0
Mlei_ML131715a-PA	Mlei_ML26625a-PA	100.0	D	1.0
Mlei_ML131715a-PA	Mlei_ML05824a-PA	100.0	D	1.0
Mlei_ML131715a-PA	Mlei_ML10909a-PA	100.0	D	1.0
Mlei_ML200265a-PA	Mlei_ML26623a-PA	100.0	D	1.0
Mlei_ML200265a-PA	Mlei_ML26624a-PA	100.0	D	1.0
Mlei_ML200265a-PA	Mlei_ML040413a-PA	100.0	D	1.0
Mlei_ML200265a-PA	Mlei_ML00085a-PA	100.0	D	1.0
Mlei_ML200265a-PA	Mlei_ML26622a-PA	100.0	D	1.0
Mlei_ML200265a-PA	Mlei_ML040414a-PA	100.0	D	1.0
Mlei_ML200265a-PA	Mlei_ML19673a-PA	100.0	D	1.0
Mlei_ML200265a-PA	Mlei_ML26625a-PA	100.0	D	1.0
Mlei_ML200265a-PA	Mlei_ML05824a-PA	100.0	D	1.0
Mlei_ML200265a-PA	Mlei_ML10909a-PA	100.0	D	1.0
Mlei_ML065725a-PA	Mlei_ML26623a-PA	100.0	D	1.0
Mlei_ML065725a-PA	Mlei_ML26624a-PA	100.0	D	1.0
Mlei_ML065725a-PA	Mlei_ML040413a-PA	100.0	D	1.0
Mlei_ML065725a-PA	Mlei_ML00085a-PA	100.0	D	1.0
Mlei_ML065725a-PA	Mlei_ML26622a-PA	100.0	D	1.0
Mlei_ML065725a-PA	Mlei_ML040414a-PA	100.0	D	1.0
Mlei_ML065725a-PA	Mlei_ML19673a-PA	100.0	D	1.0
Mlei_ML065725a-PA	Mlei_ML26625a-PA	100.0	D	1.0
Mlei_ML065725a-PA	Mlei_ML05824a-PA	100.0	D	1.0
Mlei_ML065725a-PA	Mlei_ML10909a-PA	100.0	D	1.0
Sman_Smp_130890	Sman_Smp_161640	100.0	D	1.0
Sman_Smp_130890	Sman_Smp_197680	100.0	D	1.0
Sman_Smp_161630	Sman_Smp_161640	100.0	D	1.0
Sman_Smp_161630	Sman_Smp_197680	100.0	D	1.0
Ratnor_ENSRNOP00000020616	Mmus_ENSMUSP00000031902	100.0	S	0.0
Pantro_ENSPTRP00000042589	Hsap_ENSP00000479828	100.0	S	0.0
Pantro_ENSPTRP00000042589	Hsap_ENSP00000352358	100.0	S	0.0
Bralan_BL18575_evm1	Bralan_BL17791_evm0	100.0	D	1.0
Bralan_BL08115_cuf2	Bralan_BL08920_cuf0	100.0	D	1.0
Cint_ENSCINP00000026899	Cint_ENSCINP00000024525	100.0	D	1.0
Cint_ENSCINP00000026899	Cint_ENSCINP00000013935	100.0	D	1.0
Cint_ENSCINP00000032356	Cint_ENSCINP00000024525	100.0	D	1.0
Cint_ENSCINP00000032356	Cint_ENSCINP00000013935	100.0	D	1.0
Sman_Smp_169150	Sman_Smp_163160	100.0	D	1.0
Sman_Smp_147860	Bralan_BL19835_evm0	95.0	S	0.0
Sman_Smp_147860	Bralan_BL03171_evm5	95.0	S	0.0
Nvec_EDO31202	Nvec_EDO31201	100.0	D	1.0
Nvec_EDO31202	Nvec_EDO36284	100.0	D	1.0
Dmel_FBpp0084879	Hsap_ENSP00000262839	71.0	S	0.0
Dmel_FBpp0084879	Canfam_ENSCAFP00000011752	71.0	S	0.0
Dmel_FBpp0084879	Drer_ENSDARP00000155633	71.0	S	0.0
Dmel_FBpp0084879	Tetnig_ENSTNIP00000014183	71.0	S	0.0
Dmel_FBpp0084879	Canfam_ENSCAFP00000026903	71.0	S	0.0
Dmel_FBpp0084879	Drer_ENSDARP00000136413	71.0	S	0.0
Dmel_FBpp0084879	Mondom_ENSMODP00000049096	71.0	S	0.0
Dmel_FBpp0084879	Tetnig_ENSTNIP00000019364	71.0	S	0.0
Dmel_FBpp0084879	Hsap_ENSP00000419313	71.0	S	0.0
Dmel_FBpp0084879	Hsap_ENSP00000486109	71.0	S	0.0
Dmel_FBpp0084879	Drer_ENSDARP00000141684	71.0	S	0.0
Dmel_FBpp0084879	Mondom_ENSMODP00000012730	71.0	S	0.0
Dmel_FBpp0084879	Galgal_ENSGALP00000029480	71.0	S	0.0
Dmel_FBpp0084879	Drer_ENSDARP00000080550	71.0	S	0.0
Dmel_FBpp0084879	Ratnor_ENSRNOP00000071700	71.0	S	0.0
Dmel_FBpp0084879	Canfam_ENSCAFP00000009093	71.0	S	0.0
Dmel_FBpp0084879	Mmus_ENSMUSP00000049063	71.0	S	0.0
Dmel_FBpp0084879	Mmus_ENSMUSP00000029311	71.0	S	0.0
Dmel_FBpp0084879	Ratnor_ENSRNOP00000074229	71.0	S	0.0
Dmel_FBpp0084879	Galgal_ENSGALP00000004146	71.0	S	0.0
Dmel_FBpp0084879	Pantro_ENSPTRP00000045620	71.0	S	0.0
Dmel_FBpp0084879	Ratnor_ENSRNOP00000042886	71.0	S	0.0
Dmel_FBpp0084879	Pantro_ENSPTRP00000038200	71.0	S	0.0
Dmel_FBpp0084879	Mondom_ENSMODP00000006218	71.0	S	0.0
Dmel_FBpp0084879	Bralan_BL18052_cuf2	71.0	S	0.0
Dmel_FBpp0084879	Mmus_ENSMUSP00000139672	71.0	S	0.0
Dmel_FBpp0084879	Tetnig_ENSTNIP00000015738	71.0	S	0.0
Dmel_FBpp0084879	Pantro_ENSPTRP00000083420	71.0	S	0.0
Dmel_FBpp0084879	Tetnig_ENSTNIP00000012823	71.0	S	0.0
Dmel_FBpp0084879	Drer_ENSDARP00000075235	71.0	S	0.0
Dmel_FBpp0084879	Drer_ENSDARP00000116329	71.0	S	0.0
Dmel_FBpp0084879	Galgal_ENSGALP00000012929	71.0	S	0.0
Dmel_FBpp0087557	Hsap_ENSP00000262839	71.0	S	0.0
Dmel_FBpp0087557	Canfam_ENSCAFP00000011752	71.0	S	0.0
Dmel_FBpp0087557	Drer_ENSDARP00000155633	71.0	S	0.0
Dmel_FBpp0087557	Tetnig_ENSTNIP00000014183	71.0	S	0.0
Dmel_FBpp0087557	Canfam_ENSCAFP00000026903	71.0	S	0.0
Dmel_FBpp0087557	Drer_ENSDARP00000136413	71.0	S	0.0
Dmel_FBpp0087557	Mondom_ENSMODP00000049096	71.0	S	0.0
Dmel_FBpp0087557	Tetnig_ENSTNIP00000019364	71.0	S	0.0
Dmel_FBpp0087557	Hsap_ENSP00000419313	71.0	S	0.0
Dmel_FBpp0087557	Hsap_ENSP00000486109	71.0	S	0.0
Dmel_FBpp0087557	Drer_ENSDARP00000141684	71.0	S	0.0
Dmel_FBpp0087557	Mondom_ENSMODP00000012730	71.0	S	0.0
Dmel_FBpp0087557	Galgal_ENSGALP00000029480	71.0	S	0.0
Dmel_FBpp0087557	Drer_ENSDARP00000080550	71.0	S	0.0
Dmel_FBpp0087557	Ratnor_ENSRNOP00000071700	71.0	S	0.0
Dmel_FBpp0087557	Canfam_ENSCAFP00000009093	71.0	S	0.0
Dmel_FBpp0087557	Mmus_ENSMUSP00000049063	71.0	S	0.0
Dmel_FBpp0087557	Mmus_ENSMUSP00000029311	71.0	S	0.0
Dmel_FBpp0087557	Ratnor_ENSRNOP00000074229	71.0	S	0.0
Dmel_FBpp0087557	Galgal_ENSGALP00000004146	71.0	S	0.0
Dmel_FBpp0087557	Pantro_ENSPTRP00000045620	71.0	S	0.0
Dmel_FBpp0087557	Ratnor_ENSRNOP00000042886	71.0	S	0.0
Dmel_FBpp0087557	Pantro_ENSPTRP00000038200	71.0	S	0.0
Dmel_FBpp0087557	Mondom_ENSMODP00000006218	71.0	S	0.0
Dmel_FBpp0087557	Bralan_BL18052_cuf2	71.0	S	0.0
Dmel_FBpp0087557	Mmus_ENSMUSP00000139672	71.0	S	0.0
Dmel_FBpp0087557	Tetnig_ENSTNIP00000015738	71.0	S	0.0
Dmel_FBpp0087557	Pantro_ENSPTRP00000083420	71.0	S	0.0
Dmel_FBpp0087557	Tetnig_ENSTNIP00000012823	71.0	S	0.0
Dmel_FBpp0087557	Drer_ENSDARP00000075235	71.0	S	0.0
Dmel_FBpp0087557	Drer_ENSDARP00000116329	71.0	S	0.0
Dmel_FBpp0087557	Galgal_ENSGALP00000012929	71.0	S	0.0
Cele_WBGene00006615.1	Hsap_ENSP00000262839	71.0	S	0.0
Cele_WBGene00006615.1	Canfam_ENSCAFP00000011752	71.0	S	0.0
Cele_WBGene00006615.1	Drer_ENSDARP00000155633	71.0	S	0.0
Cele_WBGene00006615.1	Tetnig_ENSTNIP00000014183	71.0	S	0.0
Cele_WBGene00006615.1	Canfam_ENSCAFP00000026903	71.0	S	0.0
Cele_WBGene00006615.1	Drer_ENSDARP00000136413	71.0	S	0.0
Cele_WBGene00006615.1	Mondom_ENSMODP00000049096	71.0	S	0.0
Cele_WBGene00006615.1	Tetnig_ENSTNIP00000019364	71.0	S	0.0
Cele_WBGene00006615.1	Hsap_ENSP00000419313	71.0	S	0.0
Cele_WBGene00006615.1	Hsap_ENSP00000486109	71.0	S	0.0
Cele_WBGene00006615.1	Drer_ENSDARP00000141684	71.0	S	0.0
Cele_WBGene00006615.1	Mondom_ENSMODP00000012730	71.0	S	0.0
Cele_WBGene00006615.1	Galgal_ENSGALP00000029480	71.0	S	0.0
Cele_WBGene00006615.1	Drer_ENSDARP00000080550	71.0	S	0.0
Cele_WBGene00006615.1	Ratnor_ENSRNOP00000071700	71.0	S	0.0
Cele_WBGene00006615.1	Canfam_ENSCAFP00000009093	71.0	S	0.0
Cele_WBGene00006615.1	Mmus_ENSMUSP00000049063	71.0	S	0.0
Cele_WBGene00006615.1	Mmus_ENSMUSP00000029311	71.0	S	0.0
Cele_WBGene00006615.1	Ratnor_ENSRNOP00000074229	71.0	S	0.0
Cele_WBGene00006615.1	Galgal_ENSGALP00000004146	71.0	S	0.0
Cele_WBGene00006615.1	Pantro_ENSPTRP00000045620	71.0	S	0.0
Cele_WBGene00006615.1	Ratnor_ENSRNOP00000042886	71.0	S	0.0
Cele_WBGene00006615.1	Pantro_ENSPTRP00000038200	71.0	S	0.0
Cele_WBGene00006615.1	Mondom_ENSMODP00000006218	71.0	S	0.0
Cele_WBGene00006615.1	Bralan_BL18052_cuf2	71.0	S	0.0
Cele_WBGene00006615.1	Mmus_ENSMUSP00000139672	71.0	S	0.0
Cele_WBGene00006615.1	Tetnig_ENSTNIP00000015738	71.0	S	0.0
Cele_WBGene00006615.1	Pantro_ENSPTRP00000083420	71.0	S	0.0
Cele_WBGene00006615.1	Tetnig_ENSTNIP00000012823	71.0	S	0.0
Cele_WBGene00006615.1	Drer_ENSDARP00000075235	71.0	S	0.0
Cele_WBGene00006615.1	Drer_ENSDARP00000116329	71.0	S	0.0
Cele_WBGene00006615.1	Galgal_ENSGALP00000012929	71.0	S	0.0
Dmel_FBpp0307143	Hsap_ENSP00000262839	71.0	S	0.0
Dmel_FBpp0307143	Canfam_ENSCAFP00000011752	71.0	S	0.0
Dmel_FBpp0307143	Drer_ENSDARP00000155633	71.0	S	0.0
Dmel_FBpp0307143	Tetnig_ENSTNIP00000014183	71.0	S	0.0
Dmel_FBpp0307143	Canfam_ENSCAFP00000026903	71.0	S	0.0
Dmel_FBpp0307143	Drer_ENSDARP00000136413	71.0	S	0.0
Dmel_FBpp0307143	Mondom_ENSMODP00000049096	71.0	S	0.0
Dmel_FBpp0307143	Tetnig_ENSTNIP00000019364	71.0	S	0.0
Dmel_FBpp0307143	Hsap_ENSP00000419313	71.0	S	0.0
Dmel_FBpp0307143	Hsap_ENSP00000486109	71.0	S	0.0
Dmel_FBpp0307143	Drer_ENSDARP00000141684	71.0	S	0.0
Dmel_FBpp0307143	Mondom_ENSMODP00000012730	71.0	S	0.0
Dmel_FBpp0307143	Galgal_ENSGALP00000029480	71.0	S	0.0
Dmel_FBpp0307143	Drer_ENSDARP00000080550	71.0	S	0.0
Dmel_FBpp0307143	Ratnor_ENSRNOP00000071700	71.0	S	0.0
Dmel_FBpp0307143	Canfam_ENSCAFP00000009093	71.0	S	0.0
Dmel_FBpp0307143	Mmus_ENSMUSP00000049063	71.0	S	0.0
Dmel_FBpp0307143	Mmus_ENSMUSP00000029311	71.0	S	0.0
Dmel_FBpp0307143	Ratnor_ENSRNOP00000074229	71.0	S	0.0
Dmel_FBpp0307143	Galgal_ENSGALP00000004146	71.0	S	0.0
Dmel_FBpp0307143	Pantro_ENSPTRP00000045620	71.0	S	0.0
Dmel_FBpp0307143	Ratnor_ENSRNOP00000042886	71.0	S	0.0
Dmel_FBpp0307143	Pantro_ENSPTRP00000038200	71.0	S	0.0
Dmel_FBpp0307143	Mondom_ENSMODP00000006218	71.0	S	0.0
Dmel_FBpp0307143	Bralan_BL18052_cuf2	71.0	S	0.0
Dmel_FBpp0307143	Mmus_ENSMUSP00000139672	71.0	S	0.0
Dmel_FBpp0307143	Tetnig_ENSTNIP00000015738	71.0	S	0.0
Dmel_FBpp0307143	Pantro_ENSPTRP00000083420	71.0	S	0.0
Dmel_FBpp0307143	Tetnig_ENSTNIP00000012823	71.0	S	0.0
Dmel_FBpp0307143	Drer_ENSDARP00000075235	71.0	S	0.0
Dmel_FBpp0307143	Drer_ENSDARP00000116329	71.0	S	0.0
Dmel_FBpp0307143	Galgal_ENSGALP00000012929	71.0	S	0.0
Sman_Smp_151880	Hsap_ENSP00000262839	71.0	S	0.0
Sman_Smp_151880	Canfam_ENSCAFP00000011752	71.0	S	0.0
Sman_Smp_151880	Drer_ENSDARP00000155633	71.0	S	0.0
Sman_Smp_151880	Tetnig_ENSTNIP00000014183	71.0	S	0.0
Sman_Smp_151880	Canfam_ENSCAFP00000026903	71.0	S	0.0
Sman_Smp_151880	Drer_ENSDARP00000136413	71.0	S	0.0
Sman_Smp_151880	Mondom_ENSMODP00000049096	71.0	S	0.0
Sman_Smp_151880	Tetnig_ENSTNIP00000019364	71.0	S	0.0
Sman_Smp_151880	Hsap_ENSP00000419313	71.0	S	0.0
Sman_Smp_151880	Hsap_ENSP00000486109	71.0	S	0.0
Sman_Smp_151880	Drer_ENSDARP00000141684	71.0	S	0.0
Sman_Smp_151880	Mondom_ENSMODP00000012730	71.0	S	0.0
Sman_Smp_151880	Galgal_ENSGALP00000029480	71.0	S	0.0
Sman_Smp_151880	Drer_ENSDARP00000080550	71.0	S	0.0
Sman_Smp_151880	Ratnor_ENSRNOP00000071700	71.0	S	0.0
Sman_Smp_151880	Canfam_ENSCAFP00000009093	71.0	S	0.0
Sman_Smp_151880	Mmus_ENSMUSP00000049063	71.0	S	0.0
Sman_Smp_151880	Mmus_ENSMUSP00000029311	71.0	S	0.0
Sman_Smp_151880	Ratnor_ENSRNOP00000074229	71.0	S	0.0
Sman_Smp_151880	Galgal_ENSGALP00000004146	71.0	S	0.0
Sman_Smp_151880	Pantro_ENSPTRP00000045620	71.0	S	0.0
Sman_Smp_151880	Ratnor_ENSRNOP00000042886	71.0	S	0.0
Sman_Smp_151880	Pantro_ENSPTRP00000038200	71.0	S	0.0
Sman_Smp_151880	Mondom_ENSMODP00000006218	71.0	S	0.0
Sman_Smp_151880	Bralan_BL18052_cuf2	71.0	S	0.0
Sman_Smp_151880	Mmus_ENSMUSP00000139672	71.0	S	0.0
Sman_Smp_151880	Tetnig_ENSTNIP00000015738	71.0	S	0.0
Sman_Smp_151880	Pantro_ENSPTRP00000083420	71.0	S	0.0
Sman_Smp_151880	Tetnig_ENSTNIP00000012823	71.0	S	0.0
Sman_Smp_151880	Drer_ENSDARP00000075235	71.0	S	0.0
Sman_Smp_151880	Drer_ENSDARP00000116329	71.0	S	0.0
Sman_Smp_151880	Galgal_ENSGALP00000012929	71.0	S	0.0
Mlei_ML065725a-PA	Mlei_ML032416a-PA	100.0	D	1.0
Mlei_ML065725a-PA	Mlei_ML131715a-PA	100.0	D	1.0
Mlei_ML065725a-PA	Mlei_ML200265a-PA	100.0	D	1.0
Mlei_ML19673a-PA	Mlei_ML26623a-PA	100.0	D	1.0
Mlei_ML19673a-PA	Mlei_ML26624a-PA	100.0	D	1.0
Mlei_ML19673a-PA	Mlei_ML040413a-PA	100.0	D	1.0
Mlei_ML19673a-PA	Mlei_ML00085a-PA	100.0	D	1.0
Mlei_ML19673a-PA	Mlei_ML26622a-PA	100.0	D	1.0
Mlei_ML19673a-PA	Mlei_ML040414a-PA	100.0	D	1.0
Mlei_ML19673a-PA	Mlei_ML26625a-PA	100.0	D	1.0
Mlei_ML19673a-PA	Mlei_ML05824a-PA	100.0	D	1.0
Mlei_ML19673a-PA	Mlei_ML10909a-PA	100.0	D	1.0
Sman_Smp_130890	Sman_Smp_161630	100.0	D	1.0
Sman_Smp_161640	Sman_Smp_197680	30.0	D	1.0
Tadh_TriadP55523	Tadh_TriadP58798	95.0	D	1.0
Tadh_TriadP55523	Tadh_TriadP59044	95.0	D	1.0
Tadh_TriadP55523	Tadh_TriadP58797	95.0	D	1.0
Tadh_TriadP55523	Tadh_TriadP51314	95.0	D	1.0
Tadh_TriadP55523	Tadh_TriadP58796	95.0	D	1.0
Hsap_ENSP00000479828	Hsap_ENSP00000352358	100.0	D	1.0
Cint_ENSCINP00000032356	Cint_ENSCINP00000026899	100.0	D	1.0
Cint_ENSCINP00000013935	Cint_ENSCINP00000024525	100.0	D	1.0
Drer_ENSDARP00000128510	Canfam_ENSCAFP00000048844	100.0	S	0.0
Drer_ENSDARP00000128510	Ratnor_ENSRNOP00000047354	100.0	S	0.0
Drer_ENSDARP00000128510	Mondom_ENSMODP00000032531	100.0	S	0.0
Drer_ENSDARP00000128510	Mmus_ENSMUSP00000116934	100.0	S	0.0
Drer_ENSDARP00000128510	Mmus_ENSMUSP00000081903	100.0	S	0.0
Tetnig_ENSTNIP00000014737	Canfam_ENSCAFP00000048844	100.0	S	0.0
Tetnig_ENSTNIP00000014737	Ratnor_ENSRNOP00000047354	100.0	S	0.0
Tetnig_ENSTNIP00000014737	Mondom_ENSMODP00000032531	100.0	S	0.0
Tetnig_ENSTNIP00000014737	Mmus_ENSMUSP00000116934	100.0	S	0.0
Tetnig_ENSTNIP00000014737	Mmus_ENSMUSP00000081903	100.0	S	0.0
Drer_ENSDARP00000050171	Canfam_ENSCAFP00000048844	100.0	S	0.0
Drer_ENSDARP00000050171	Ratnor_ENSRNOP00000047354	100.0	S	0.0
Drer_ENSDARP00000050171	Mondom_ENSMODP00000032531	100.0	S	0.0
Drer_ENSDARP00000050171	Mmus_ENSMUSP00000116934	100.0	S	0.0
Drer_ENSDARP00000050171	Mmus_ENSMUSP00000081903	100.0	S	0.0
Bralan_BL03171_evm5	Bralan_BL19835_evm0	100.0	D	1.0
Nvec_EDO36284	Nvec_EDO31201	99.0	D	1.0
Sman_Smp_151880	Dmel_FBpp0307143	97.0	S	0.0
Sman_Smp_151880	Cele_WBGene00006615.1	97.0	S	0.0
Sman_Smp_151880	Dmel_FBpp0087557	97.0	S	0.0
Sman_Smp_151880	Dmel_FBpp0084879	97.0	S	0.0
Mlei_ML131715a-PA	Mlei_ML032416a-PA	98.0	D	1.0
Mlei_ML131715a-PA	Mlei_ML200265a-PA	98.0	D	1.0
Mlei_ML00085a-PA	Mlei_ML26623a-PA	98.0	D	1.0
Mlei_ML00085a-PA	Mlei_ML26624a-PA	98.0	D	1.0
Mlei_ML00085a-PA	Mlei_ML040413a-PA	98.0	D	1.0
Mlei_ML00085a-PA	Mlei_ML26622a-PA	98.0	D	1.0
Mlei_ML00085a-PA	Mlei_ML040414a-PA	98.0	D	1.0
Mlei_ML00085a-PA	Mlei_ML26625a-PA	98.0	D	1.0
Mlei_ML00085a-PA	Mlei_ML05824a-PA	98.0	D	1.0
Mlei_ML00085a-PA	Mlei_ML10909a-PA	98.0	D	1.0
Tadh_TriadP59044	Tadh_TriadP58797	98.0	D	1.0
Tadh_TriadP59044	Tadh_TriadP51314	98.0	D	1.0
Tadh_TriadP59044	Tadh_TriadP58798	98.0	D	1.0
Tadh_TriadP59044	Tadh_TriadP58796	98.0	D	1.0
Mlei_ML111735a-PA	Bralan_BL11904_evm0	62.0	S	0.0
Mlei_ML111735a-PA	Bralan_BL14122_cuf1	62.0	S	0.0
Mlei_ML111735a-PA	Bralan_BL24072_evm0	62.0	S	0.0
Mlei_ML111735a-PA	Bralan_BL16728_cuf2	62.0	S	0.0
Tetnig_ENSTNIP00000014737	Drer_ENSDARP00000128510	100.0	S	0.0
Tetnig_ENSTNIP00000014737	Drer_ENSDARP00000050171	100.0	S	0.0
Mondom_ENSMODP00000032531	Ratnor_ENSRNOP00000047354	100.0	S	0.0
Mondom_ENSMODP00000032531	Mmus_ENSMUSP00000116934	100.0	S	0.0
Mondom_ENSMODP00000032531	Canfam_ENSCAFP00000048844	100.0	S	0.0
Mondom_ENSMODP00000032531	Mmus_ENSMUSP00000081903	100.0	S	0.0
Bralan_BL06996_evm0	Mmus_ENSMUSP00000029271	97.0	S	0.0
Bralan_BL06996_evm0	Mondom_ENSMODP00000018922	97.0	S	0.0
Bralan_BL06996_evm0	Mondom_ENSMODP00000000645	97.0	S	0.0
Bralan_BL06996_evm0	Galgal_ENSGALP00000066203	97.0	S	0.0
Bralan_BL06996_evm0	Ratnor_ENSRNOP00000075444	97.0	S	0.0
Bralan_BL06996_evm0	Hsap_ENSP00000340913	97.0	S	0.0
Bralan_BL06996_evm0	Drer_ENSDARP00000138129	97.0	S	0.0
Bralan_BL06996_evm0	Galgal_ENSGALP00000027731	97.0	S	0.0
Bralan_BL06996_evm0	Pantro_ENSPTRP00000029531	97.0	S	0.0
Bralan_BL06996_evm0	Pantro_ENSPTRP00000007239	97.0	S	0.0
Bralan_BL06996_evm0	Hsap_ENSP00000368966	97.0	S	0.0
Bralan_BL06996_evm0	Drer_ENSDARP00000137055	97.0	S	0.0
Bralan_BL06996_evm0	Mmus_ENSMUSP00000057965	97.0	S	0.0
Bralan_BL06996_evm0	Galgal_ENSGALP00000019344	97.0	S	0.0
Bralan_BL06996_evm0	Mmus_ENSMUSP00000022023	97.0	S	0.0
Bralan_BL06996_evm0	Drer_ENSDARP00000101034	97.0	S	0.0
Bralan_BL06996_evm0	Tetnig_ENSTNIP00000012880	97.0	S	0.0
Bralan_BL06996_evm0	Hsap_ENSP00000426070	97.0	S	0.0
Bralan_BL06996_evm0	Tetnig_ENSTNIP00000008592	97.0	S	0.0
Bralan_BL06996_evm0	Ratnor_ENSRNOP00000016982	97.0	S	0.0
Bralan_BL06996_evm0	Ratnor_ENSRNOP00000008905	97.0	S	0.0
Bralan_BL06996_evm0	Mondom_ENSMODP00000023614	97.0	S	0.0
Bralan_BL06996_evm0	Drer_ENSDARP00000100760	97.0	S	0.0
Bralan_BL06996_evm0	Tetnig_ENSTNIP00000003464	97.0	S	0.0
Bralan_BL06996_evm0	Drer_ENSDARP00000088318	97.0	S	0.0
Bralan_BL06996_evm0	Canfam_ENSCAFP00000042480	97.0	S	0.0
Bralan_BL06996_evm0	Canfam_ENSCAFP00000022403	97.0	S	0.0
Bralan_BL06996_evm0	Canfam_ENSCAFP00000001552	97.0	S	0.0
Bralan_BL06996_evm0	Drer_ENSDARP00000113233	97.0	S	0.0
Bralan_BL06996_evm0	Pantro_ENSPTRP00000053317	97.0	S	0.0
Cele_WBGene00006615.1	Dmel_FBpp0307143	99.0	S	0.0
Cele_WBGene00006615.1	Dmel_FBpp0087557	99.0	S	0.0
Cele_WBGene00006615.1	Dmel_FBpp0084879	99.0	S	0.0
Drer_ENSDARP00000116329	Mmus_ENSMUSP00000139672	100.0	S	0.0
Drer_ENSDARP00000116329	Canfam_ENSCAFP00000011752	100.0	S	0.0
Drer_ENSDARP00000116329	Pantro_ENSPTRP00000083420	100.0	S	0.0
Drer_ENSDARP00000116329	Ratnor_ENSRNOP00000074229	100.0	S	0.0
Drer_ENSDARP00000116329	Galgal_ENSGALP00000004146	100.0	S	0.0
Drer_ENSDARP00000116329	Mondom_ENSMODP00000049096	100.0	S	0.0
Drer_ENSDARP00000116329	Hsap_ENSP00000419313	100.0	S	0.0
Tetnig_ENSTNIP00000015738	Mmus_ENSMUSP00000139672	100.0	S	0.0
Tetnig_ENSTNIP00000015738	Canfam_ENSCAFP00000011752	100.0	S	0.0
Tetnig_ENSTNIP00000015738	Pantro_ENSPTRP00000083420	100.0	S	0.0
Tetnig_ENSTNIP00000015738	Ratnor_ENSRNOP00000074229	100.0	S	0.0
Tetnig_ENSTNIP00000015738	Galgal_ENSGALP00000004146	100.0	S	0.0
Tetnig_ENSTNIP00000015738	Mondom_ENSMODP00000049096	100.0	S	0.0
Tetnig_ENSTNIP00000015738	Hsap_ENSP00000419313	100.0	S	0.0
Bralan_BL18052_cuf2	Hsap_ENSP00000262839	98.0	S	0.0
Bralan_BL18052_cuf2	Drer_ENSDARP00000155633	98.0	S	0.0
Bralan_BL18052_cuf2	Tetnig_ENSTNIP00000014183	98.0	S	0.0
Bralan_BL18052_cuf2	Canfam_ENSCAFP00000026903	98.0	S	0.0
Bralan_BL18052_cuf2	Drer_ENSDARP00000136413	98.0	S	0.0
Bralan_BL18052_cuf2	Tetnig_ENSTNIP00000019364	98.0	S	0.0
Bralan_BL18052_cuf2	Hsap_ENSP00000486109	98.0	S	0.0
Bralan_BL18052_cuf2	Drer_ENSDARP00000141684	98.0	S	0.0
Bralan_BL18052_cuf2	Mondom_ENSMODP00000012730	98.0	S	0.0
Bralan_BL18052_cuf2	Galgal_ENSGALP00000029480	98.0	S	0.0
Bralan_BL18052_cuf2	Drer_ENSDARP00000080550	98.0	S	0.0
Bralan_BL18052_cuf2	Ratnor_ENSRNOP00000071700	98.0	S	0.0
Bralan_BL18052_cuf2	Canfam_ENSCAFP00000009093	98.0	S	0.0
Bralan_BL18052_cuf2	Mmus_ENSMUSP00000049063	98.0	S	0.0
Bralan_BL18052_cuf2	Mmus_ENSMUSP00000029311	98.0	S	0.0
Bralan_BL18052_cuf2	Pantro_ENSPTRP00000045620	98.0	S	0.0
Bralan_BL18052_cuf2	Ratnor_ENSRNOP00000042886	98.0	S	0.0
Bralan_BL18052_cuf2	Pantro_ENSPTRP00000038200	98.0	S	0.0
Bralan_BL18052_cuf2	Mondom_ENSMODP00000006218	98.0	S	0.0
Bralan_BL18052_cuf2	Tetnig_ENSTNIP00000012823	98.0	S	0.0
Bralan_BL18052_cuf2	Drer_ENSDARP00000075235	98.0	S	0.0
Bralan_BL18052_cuf2	Galgal_ENSGALP00000012929	98.0	S	0.0
Mlei_ML200265a-PA	Mlei_ML032416a-PA	100.0	D	1.0
Mlei_ML05824a-PA	Mlei_ML26623a-PA	34.0	D	1.0
Mlei_ML05824a-PA	Mlei_ML26624a-PA	34.0	D	1.0
Mlei_ML05824a-PA	Mlei_ML040413a-PA	34.0	D	1.0
Mlei_ML05824a-PA	Mlei_ML26622a-PA	34.0	D	1.0
Mlei_ML05824a-PA	Mlei_ML040414a-PA	34.0	D	1.0
Mlei_ML05824a-PA	Mlei_ML26625a-PA	34.0	D	1.0
Mlei_ML05824a-PA	Mlei_ML10909a-PA	34.0	D	1.0
Tadh_TriadP51314	Tadh_TriadP58797	100.0	D	1.0
Tadh_TriadP51314	Tadh_TriadP58798	100.0	D	1.0
Tadh_TriadP51314	Tadh_TriadP58796	100.0	D	1.0
Bralan_BL24072_evm0	Bralan_BL11904_evm0	97.0	D	1.0
Bralan_BL24072_evm0	Bralan_BL16728_cuf2	97.0	D	1.0
Bralan_BL14122_cuf1	Bralan_BL11904_evm0	97.0	D	1.0
Bralan_BL14122_cuf1	Bralan_BL16728_cuf2	97.0	D	1.0
Tadh_TriadP60588	Canfam_ENSCAFP00000017598	74.0	S	0.0
Tadh_TriadP60588	Mmus_ENSMUSP00000040367	74.0	S	0.0
Tadh_TriadP60588	Pantro_ENSPTRP00000070498	74.0	S	0.0
Tadh_TriadP60588	Ratnor_ENSRNOP00000025879	74.0	S	0.0
Tadh_TriadP60588	Cint_ENSCINP00000030531	74.0	S	0.0
Tadh_TriadP60588	Mondom_ENSMODP00000010005	74.0	S	0.0
Tadh_TriadP60588	Pantro_ENSPTRP00000019370	74.0	S	0.0
Tadh_TriadP60588	Mmus_ENSMUSP00000009390	74.0	S	0.0
Tadh_TriadP60588	Pantro_ENSPTRP00000062116	74.0	S	0.0
Tadh_TriadP60588	Mmus_ENSMUSP00000108739	74.0	S	0.0
Tadh_TriadP60588	Tetnig_ENSTNIP00000019559	74.0	S	0.0
Tadh_TriadP60588	Canfam_ENSCAFP00000037777	74.0	S	0.0
Tadh_TriadP60588	Hsap_ENSP00000323926	74.0	S	0.0
Tadh_TriadP60588	Canfam_ENSCAFP00000016194	74.0	S	0.0
Tadh_TriadP60588	Pantro_ENSPTRP00000042955	74.0	S	0.0
Tadh_TriadP60588	Mondom_ENSMODP00000003817	74.0	S	0.0
Tadh_TriadP60588	Drer_ENSDARP00000087119	74.0	S	0.0
Tadh_TriadP60588	Canfam_ENSCAFP00000005603	74.0	S	0.0
Tadh_TriadP60588	Galgal_ENSGALP00000010522	74.0	S	0.0
Tadh_TriadP60588	Ratnor_ENSRNOP00000039981	74.0	S	0.0
Tadh_TriadP60588	Cint_ENSCINP00000036440	74.0	S	0.0
Tadh_TriadP60588	Hsap_ENSP00000252826	74.0	S	0.0
Tadh_TriadP60588	Drer_ENSDARP00000125689	74.0	S	0.0
Tadh_TriadP60588	Ratnor_ENSRNOP00000001631	74.0	S	0.0
Tadh_TriadP60588	Tetnig_ENSTNIP00000018250	74.0	S	0.0
Tadh_TriadP60588	Pantro_ENSPTRP00000075068	74.0	S	0.0
Tadh_TriadP60588	Tetnig_ENSTNIP00000012470	74.0	S	0.0
Tadh_TriadP60588	Pantro_ENSPTRP00000067793	74.0	S	0.0
Tadh_TriadP60588	Ratnor_ENSRNOP00000041387	74.0	S	0.0
Tadh_TriadP60588	Hsap_ENSP00000381026	74.0	S	0.0
Tadh_TriadP60588	Mondom_ENSMODP00000045408	74.0	S	0.0
Tadh_TriadP60588	Drer_ENSDARP00000077908	74.0	S	0.0
Tadh_TriadP60588	Mmus_ENSMUSP00000101040	74.0	S	0.0
Tadh_TriadP60588	Canfam_ENSCAFP00000039546	74.0	S	0.0
Tadh_TriadP60588	Hsap_ENSP00000434121	74.0	S	0.0
Tadh_TriadP60588	Drer_ENSDARP00000136274	74.0	S	0.0
Tadh_TriadP60588	Galgal_ENSGALP00000006535	74.0	S	0.0
Tadh_TriadP60588	Drer_ENSDARP00000086924	74.0	S	0.0
Tadh_TriadP60588	Bralan_BL03008_evm18	74.0	S	0.0
Tadh_TriadP60588	Galgal_ENSGALP00000009021	74.0	S	0.0
Tadh_TriadP60588	Drer_ENSDARP00000140015	74.0	S	0.0
Tadh_TriadP62849	Canfam_ENSCAFP00000017598	74.0	S	0.0
Tadh_TriadP62849	Mmus_ENSMUSP00000040367	74.0	S	0.0
Tadh_TriadP62849	Pantro_ENSPTRP00000070498	74.0	S	0.0
Tadh_TriadP62849	Ratnor_ENSRNOP00000025879	74.0	S	0.0
Tadh_TriadP62849	Cint_ENSCINP00000030531	74.0	S	0.0
Tadh_TriadP62849	Mondom_ENSMODP00000010005	74.0	S	0.0
Tadh_TriadP62849	Pantro_ENSPTRP00000019370	74.0	S	0.0
Tadh_TriadP62849	Mmus_ENSMUSP00000009390	74.0	S	0.0
Tadh_TriadP62849	Pantro_ENSPTRP00000062116	74.0	S	0.0
Tadh_TriadP62849	Mmus_ENSMUSP00000108739	74.0	S	0.0
Tadh_TriadP62849	Tetnig_ENSTNIP00000019559	74.0	S	0.0
Tadh_TriadP62849	Canfam_ENSCAFP00000037777	74.0	S	0.0
Tadh_TriadP62849	Hsap_ENSP00000323926	74.0	S	0.0
Tadh_TriadP62849	Canfam_ENSCAFP00000016194	74.0	S	0.0
Tadh_TriadP62849	Pantro_ENSPTRP00000042955	74.0	S	0.0
Tadh_TriadP62849	Mondom_ENSMODP00000003817	74.0	S	0.0
Tadh_TriadP62849	Drer_ENSDARP00000087119	74.0	S	0.0
Tadh_TriadP62849	Canfam_ENSCAFP00000005603	74.0	S	0.0
Tadh_TriadP62849	Galgal_ENSGALP00000010522	74.0	S	0.0
Tadh_TriadP62849	Ratnor_ENSRNOP00000039981	74.0	S	0.0
Tadh_TriadP62849	Cint_ENSCINP00000036440	74.0	S	0.0
Tadh_TriadP62849	Hsap_ENSP00000252826	74.0	S	0.0
Tadh_TriadP62849	Drer_ENSDARP00000125689	74.0	S	0.0
Tadh_TriadP62849	Ratnor_ENSRNOP00000001631	74.0	S	0.0
Tadh_TriadP62849	Tetnig_ENSTNIP00000018250	74.0	S	0.0
Tadh_TriadP62849	Pantro_ENSPTRP00000075068	74.0	S	0.0
Tadh_TriadP62849	Tetnig_ENSTNIP00000012470	74.0	S	0.0
Tadh_TriadP62849	Pantro_ENSPTRP00000067793	74.0	S	0.0
Tadh_TriadP62849	Ratnor_ENSRNOP00000041387	74.0	S	0.0
Tadh_TriadP62849	Hsap_ENSP00000381026	74.0	S	0.0
Tadh_TriadP62849	Mondom_ENSMODP00000045408	74.0	S	0.0
Tadh_TriadP62849	Drer_ENSDARP00000077908	74.0	S	0.0
Tadh_TriadP62849	Mmus_ENSMUSP00000101040	74.0	S	0.0
Tadh_TriadP62849	Canfam_ENSCAFP00000039546	74.0	S	0.0
Tadh_TriadP62849	Hsap_ENSP00000434121	74.0	S	0.0
Tadh_TriadP62849	Drer_ENSDARP00000136274	74.0	S	0.0
Tadh_TriadP62849	Galgal_ENSGALP00000006535	74.0	S	0.0
Tadh_TriadP62849	Drer_ENSDARP00000086924	74.0	S	0.0
Tadh_TriadP62849	Bralan_BL03008_evm18	74.0	S	0.0
Tadh_TriadP62849	Galgal_ENSGALP00000009021	74.0	S	0.0
Tadh_TriadP62849	Drer_ENSDARP00000140015	74.0	S	0.0
Nvec_EDO30135	Canfam_ENSCAFP00000017598	74.0	S	0.0
Nvec_EDO30135	Mmus_ENSMUSP00000040367	74.0	S	0.0
Nvec_EDO30135	Pantro_ENSPTRP00000070498	74.0	S	0.0
Nvec_EDO30135	Ratnor_ENSRNOP00000025879	74.0	S	0.0
Nvec_EDO30135	Cint_ENSCINP00000030531	74.0	S	0.0
Nvec_EDO30135	Mondom_ENSMODP00000010005	74.0	S	0.0
Nvec_EDO30135	Pantro_ENSPTRP00000019370	74.0	S	0.0
Nvec_EDO30135	Mmus_ENSMUSP00000009390	74.0	S	0.0
Nvec_EDO30135	Pantro_ENSPTRP00000062116	74.0	S	0.0
Nvec_EDO30135	Mmus_ENSMUSP00000108739	74.0	S	0.0
Nvec_EDO30135	Tetnig_ENSTNIP00000019559	74.0	S	0.0
Nvec_EDO30135	Canfam_ENSCAFP00000037777	74.0	S	0.0
Nvec_EDO30135	Hsap_ENSP00000323926	74.0	S	0.0
Nvec_EDO30135	Canfam_ENSCAFP00000016194	74.0	S	0.0
Nvec_EDO30135	Pantro_ENSPTRP00000042955	74.0	S	0.0
Nvec_EDO30135	Mondom_ENSMODP00000003817	74.0	S	0.0
Nvec_EDO30135	Drer_ENSDARP00000087119	74.0	S	0.0
Nvec_EDO30135	Canfam_ENSCAFP00000005603	74.0	S	0.0
Nvec_EDO30135	Galgal_ENSGALP00000010522	74.0	S	0.0
Nvec_EDO30135	Ratnor_ENSRNOP00000039981	74.0	S	0.0
Nvec_EDO30135	Cint_ENSCINP00000036440	74.0	S	0.0
Nvec_EDO30135	Hsap_ENSP00000252826	74.0	S	0.0
Nvec_EDO30135	Drer_ENSDARP00000125689	74.0	S	0.0
Nvec_EDO30135	Ratnor_ENSRNOP00000001631	74.0	S	0.0
Nvec_EDO30135	Tetnig_ENSTNIP00000018250	74.0	S	0.0
Nvec_EDO30135	Pantro_ENSPTRP00000075068	74.0	S	0.0
Nvec_EDO30135	Tetnig_ENSTNIP00000012470	74.0	S	0.0
Nvec_EDO30135	Pantro_ENSPTRP00000067793	74.0	S	0.0
Nvec_EDO30135	Ratnor_ENSRNOP00000041387	74.0	S	0.0
Nvec_EDO30135	Hsap_ENSP00000381026	74.0	S	0.0
Nvec_EDO30135	Mondom_ENSMODP00000045408	74.0	S	0.0
Nvec_EDO30135	Drer_ENSDARP00000077908	74.0	S	0.0
Nvec_EDO30135	Mmus_ENSMUSP00000101040	74.0	S	0.0
Nvec_EDO30135	Canfam_ENSCAFP00000039546	74.0	S	0.0
Nvec_EDO30135	Hsap_ENSP00000434121	74.0	S	0.0
Nvec_EDO30135	Drer_ENSDARP00000136274	74.0	S	0.0
Nvec_EDO30135	Galgal_ENSGALP00000006535	74.0	S	0.0
Nvec_EDO30135	Drer_ENSDARP00000086924	74.0	S	0.0
Nvec_EDO30135	Bralan_BL03008_evm18	74.0	S	0.0
Nvec_EDO30135	Galgal_ENSGALP00000009021	74.0	S	0.0
Nvec_EDO30135	Drer_ENSDARP00000140015	74.0	S	0.0
Drer_ENSDARP00000128510	Drer_ENSDARP00000050171	100.0	D	1.0
Canfam_ENSCAFP00000048844	Ratnor_ENSRNOP00000047354	100.0	S	0.0
Canfam_ENSCAFP00000048844	Mmus_ENSMUSP00000116934	100.0	S	0.0
Canfam_ENSCAFP00000048844	Mmus_ENSMUSP00000081903	100.0	S	0.0
Dmel_FBpp0307143	Dmel_FBpp0084879	100.0	D	1.0
Dmel_FBpp0307143	Dmel_FBpp0087557	100.0	D	1.0
Tetnig_ENSTNIP00000015738	Drer_ENSDARP00000116329	100.0	S	0.0
Galgal_ENSGALP00000004146	Mmus_ENSMUSP00000139672	100.0	S	0.0
Galgal_ENSGALP00000004146	Canfam_ENSCAFP00000011752	100.0	S	0.0
Galgal_ENSGALP00000004146	Pantro_ENSPTRP00000083420	100.0	S	0.0
Galgal_ENSGALP00000004146	Ratnor_ENSRNOP00000074229	100.0	S	0.0
Galgal_ENSGALP00000004146	Mondom_ENSMODP00000049096	100.0	S	0.0
Galgal_ENSGALP00000004146	Hsap_ENSP00000419313	100.0	S	0.0
Mlei_ML10909a-PA	Mlei_ML26623a-PA	100.0	D	1.0
Mlei_ML10909a-PA	Mlei_ML26624a-PA	100.0	D	1.0
Mlei_ML10909a-PA	Mlei_ML040413a-PA	100.0	D	1.0
Mlei_ML10909a-PA	Mlei_ML26622a-PA	100.0	D	1.0
Mlei_ML10909a-PA	Mlei_ML040414a-PA	100.0	D	1.0
Mlei_ML10909a-PA	Mlei_ML26625a-PA	100.0	D	1.0
Tadh_TriadP58798	Tadh_TriadP58797	100.0	D	1.0
Tadh_TriadP58798	Tadh_TriadP58796	100.0	D	1.0
Bralan_BL24072_evm0	Bralan_BL14122_cuf1	100.0	D	1.0
Bralan_BL11904_evm0	Bralan_BL16728_cuf2	100.0	D	1.0
Nvec_EDO30135	Tadh_TriadP60588	50.0	S	0.0
Nvec_EDO30135	Tadh_TriadP62849	50.0	S	0.0
Bralan_BL03008_evm18	Canfam_ENSCAFP00000017598	78.0	S	0.0
Bralan_BL03008_evm18	Mmus_ENSMUSP00000040367	78.0	S	0.0
Bralan_BL03008_evm18	Pantro_ENSPTRP00000070498	78.0	S	0.0
Bralan_BL03008_evm18	Ratnor_ENSRNOP00000025879	78.0	S	0.0
Bralan_BL03008_evm18	Cint_ENSCINP00000030531	78.0	S	0.0
Bralan_BL03008_evm18	Mondom_ENSMODP00000010005	78.0	S	0.0
Bralan_BL03008_evm18	Pantro_ENSPTRP00000019370	78.0	S	0.0
Bralan_BL03008_evm18	Mmus_ENSMUSP00000009390	78.0	S	0.0
Bralan_BL03008_evm18	Pantro_ENSPTRP00000062116	78.0	S	0.0
Bralan_BL03008_evm18	Mmus_ENSMUSP00000108739	78.0	S	0.0
Bralan_BL03008_evm18	Tetnig_ENSTNIP00000019559	78.0	S	0.0
Bralan_BL03008_evm18	Canfam_ENSCAFP00000037777	78.0	S	0.0
Bralan_BL03008_evm18	Hsap_ENSP00000323926	78.0	S	0.0
Bralan_BL03008_evm18	Canfam_ENSCAFP00000016194	78.0	S	0.0
Bralan_BL03008_evm18	Pantro_ENSPTRP00000042955	78.0	S	0.0
Bralan_BL03008_evm18	Mondom_ENSMODP00000003817	78.0	S	0.0
Bralan_BL03008_evm18	Drer_ENSDARP00000087119	78.0	S	0.0
Bralan_BL03008_evm18	Canfam_ENSCAFP00000005603	78.0	S	0.0
Bralan_BL03008_evm18	Galgal_ENSGALP00000010522	78.0	S	0.0
Bralan_BL03008_evm18	Ratnor_ENSRNOP00000039981	78.0	S	0.0
Bralan_BL03008_evm18	Cint_ENSCINP00000036440	78.0	S	0.0
Bralan_BL03008_evm18	Hsap_ENSP00000252826	78.0	S	0.0
Bralan_BL03008_evm18	Drer_ENSDARP00000125689	78.0	S	0.0
Bralan_BL03008_evm18	Ratnor_ENSRNOP00000001631	78.0	S	0.0
Bralan_BL03008_evm18	Tetnig_ENSTNIP00000018250	78.0	S	0.0
Bralan_BL03008_evm18	Pantro_ENSPTRP00000075068	78.0	S	0.0
Bralan_BL03008_evm18	Tetnig_ENSTNIP00000012470	78.0	S	0.0
Bralan_BL03008_evm18	Pantro_ENSPTRP00000067793	78.0	S	0.0
Bralan_BL03008_evm18	Ratnor_ENSRNOP00000041387	78.0	S	0.0
Bralan_BL03008_evm18	Hsap_ENSP00000381026	78.0	S	0.0
Bralan_BL03008_evm18	Mondom_ENSMODP00000045408	78.0	S	0.0
Bralan_BL03008_evm18	Drer_ENSDARP00000077908	78.0	S	0.0
Bralan_BL03008_evm18	Mmus_ENSMUSP00000101040	78.0	S	0.0
Bralan_BL03008_evm18	Canfam_ENSCAFP00000039546	78.0	S	0.0
Bralan_BL03008_evm18	Hsap_ENSP00000434121	78.0	S	0.0
Bralan_BL03008_evm18	Drer_ENSDARP00000136274	78.0	S	0.0
Bralan_BL03008_evm18	Galgal_ENSGALP00000006535	78.0	S	0.0
Bralan_BL03008_evm18	Drer_ENSDARP00000086924	78.0	S	0.0
Bralan_BL03008_evm18	Galgal_ENSGALP00000009021	78.0	S	0.0
Bralan_BL03008_evm18	Drer_ENSDARP00000140015	78.0	S	0.0
Nvec_EDO47658	Tetnig_ENSTNIP00000002557	100.0	S	0.0
Nvec_EDO47658	Bralan_BL24111_evm0	100.0	S	0.0
Nvec_EDO47658	Galgal_ENSGALP00000024411	100.0	S	0.0
Nvec_EDO47658	Drer_ENSDARP00000133282	100.0	S	0.0
Nvec_EDO47658	Mondom_ENSMODP00000002675	100.0	S	0.0
Nvec_EDO47658	Drer_ENSDARP00000145809	100.0	S	0.0
Nvec_EDO47658	Sman_Smp_147140	100.0	S	0.0
Nvec_EDO47658	Mondom_ENSMODP00000056536	100.0	S	0.0
Nvec_EDO47658	Mmus_ENSMUSP00000037443	100.0	S	0.0
Nvec_EDO47658	Drer_ENSDARP00000151529	100.0	S	0.0
Nvec_EDO47658	Cele_WBGene00001796.1	100.0	S	0.0
Nvec_EDO47658	Pantro_ENSPTRP00000088270	100.0	S	0.0
Nvec_EDO47658	Mmus_ENSMUSP00000146226	100.0	S	0.0
Nvec_EDO47658	Canfam_ENSCAFP00000022528	100.0	S	0.0
Nvec_EDO47658	Tetnig_ENSTNIP00000000145	100.0	S	0.0
Nvec_EDO47658	Ratnor_ENSRNOP00000070727	100.0	S	0.0
Nvec_EDO47658	Cele_WBGene00001651.1	100.0	S	0.0
Nvec_EDO47658	Drer_ENSDARP00000157514	100.0	S	0.0
Nvec_EDO47658	Galgal_ENSGALP00000006104	100.0	S	0.0
Nvec_EDO47658	Tetnig_ENSTNIP00000006495	100.0	S	0.0
Nvec_EDO47658	Ratnor_ENSRNOP00000017892	100.0	S	0.0
Nvec_EDO47658	Cint_ENSCINP00000035323	100.0	S	0.0
Nvec_EDO47658	Galgal_ENSGALP00000049900	100.0	S	0.0
Nvec_EDO47658	Hsap_ENSP00000495860	100.0	S	0.0
Nvec_EDO47658	Pantro_ENSPTRP00000090282	100.0	S	0.0
Nvec_EDO47658	Hsap_ENSP00000437849	100.0	S	0.0
Nvec_EDO47658	Hsap_ENSP00000350140	100.0	S	0.0
Nvec_EDO47658	Pantro_ENSPTRP00000012085	100.0	S	0.0
Nvec_EDO47658	Ratnor_ENSRNOP00000021262	100.0	S	0.0
Nvec_EDO47658	Mondom_ENSMODP00000046838	100.0	S	0.0
Nvec_EDO47658	Galgal_ENSGALP00000037979	100.0	S	0.0
Nvec_EDO47658	Canfam_ENSCAFP00000035825	100.0	S	0.0
Nvec_EDO47658	Drer_ENSDARP00000052583	100.0	S	0.0
Nvec_EDO47658	Hsap_ENSP00000354006	100.0	S	0.0
Nvec_EDO47658	Cele_WBGene00001795.1	100.0	S	0.0
Nvec_EDO47658	Ratnor_ENSRNOP00000018521	100.0	S	0.0
Nvec_EDO47658	Drer_ENSDARP00000123466	100.0	S	0.0
Nvec_EDO47658	Mondom_ENSMODP00000060432	100.0	S	0.0
Nvec_EDO47658	Canfam_ENSCAFP00000002558	100.0	S	0.0
Nvec_EDO47658	Mmus_ENSMUSP00000099513	100.0	S	0.0
Nvec_EDO47658	Dmel_FBpp0308223	100.0	S	0.0
Nvec_EDO47658	Drer_ENSDARP00000132448	100.0	S	0.0
Nvec_EDO47658	Hsap_ENSP00000480586	100.0	S	0.0
Nvec_EDO47658	Mmus_ENSMUSP00000158045	100.0	S	0.0
Nvec_EDO47658	Tetnig_ENSTNIP00000013119	100.0	S	0.0
Nvec_EDO47658	Tetnig_ENSTNIP00000011233	100.0	S	0.0
Nvec_EDO47658	Canfam_ENSCAFP00000057849	100.0	S	0.0
Nvec_EDO47658	Pantro_ENSPTRP00000065010	100.0	S	0.0
Ratnor_ENSRNOP00000047354	Mmus_ENSMUSP00000116934	100.0	S	0.0
Ratnor_ENSRNOP00000047354	Mmus_ENSMUSP00000081903	100.0	S	0.0
Tetnig_ENSTNIP00000003464	Canfam_ENSCAFP00000022403	93.0	S	0.0
Tetnig_ENSTNIP00000003464	Pantro_ENSPTRP00000007239	93.0	S	0.0
Tetnig_ENSTNIP00000003464	Mondom_ENSMODP00000000645	93.0	S	0.0
Tetnig_ENSTNIP00000003464	Ratnor_ENSRNOP00000008905	93.0	S	0.0
Tetnig_ENSTNIP00000003464	Galgal_ENSGALP00000066203	93.0	S	0.0
Tetnig_ENSTNIP00000003464	Mmus_ENSMUSP00000057965	93.0	S	0.0
Tetnig_ENSTNIP00000003464	Hsap_ENSP00000340913	93.0	S	0.0
Drer_ENSDARP00000088318	Canfam_ENSCAFP00000022403	93.0	S	0.0
Drer_ENSDARP00000088318	Pantro_ENSPTRP00000007239	93.0	S	0.0
Drer_ENSDARP00000088318	Mondom_ENSMODP00000000645	93.0	S	0.0
Drer_ENSDARP00000088318	Ratnor_ENSRNOP00000008905	93.0	S	0.0
Drer_ENSDARP00000088318	Galgal_ENSGALP00000066203	93.0	S	0.0
Drer_ENSDARP00000088318	Mmus_ENSMUSP00000057965	93.0	S	0.0
Drer_ENSDARP00000088318	Hsap_ENSP00000340913	93.0	S	0.0
Tetnig_ENSTNIP00000012880	Canfam_ENSCAFP00000022403	93.0	S	0.0
Tetnig_ENSTNIP00000012880	Pantro_ENSPTRP00000007239	93.0	S	0.0
Tetnig_ENSTNIP00000012880	Mondom_ENSMODP00000000645	93.0	S	0.0
Tetnig_ENSTNIP00000012880	Ratnor_ENSRNOP00000008905	93.0	S	0.0
Tetnig_ENSTNIP00000012880	Galgal_ENSGALP00000066203	93.0	S	0.0
Tetnig_ENSTNIP00000012880	Mmus_ENSMUSP00000057965	93.0	S	0.0
Tetnig_ENSTNIP00000012880	Hsap_ENSP00000340913	93.0	S	0.0
Drer_ENSDARP00000137055	Canfam_ENSCAFP00000022403	93.0	S	0.0
Drer_ENSDARP00000137055	Pantro_ENSPTRP00000007239	93.0	S	0.0
Drer_ENSDARP00000137055	Mondom_ENSMODP00000000645	93.0	S	0.0
Drer_ENSDARP00000137055	Ratnor_ENSRNOP00000008905	93.0	S	0.0
Drer_ENSDARP00000137055	Galgal_ENSGALP00000066203	93.0	S	0.0
Drer_ENSDARP00000137055	Mmus_ENSMUSP00000057965	93.0	S	0.0
Drer_ENSDARP00000137055	Hsap_ENSP00000340913	93.0	S	0.0
Drer_ENSDARP00000100760	Canfam_ENSCAFP00000022403	93.0	S	0.0
Drer_ENSDARP00000100760	Pantro_ENSPTRP00000007239	93.0	S	0.0
Drer_ENSDARP00000100760	Mondom_ENSMODP00000000645	93.0	S	0.0
Drer_ENSDARP00000100760	Ratnor_ENSRNOP00000008905	93.0	S	0.0
Drer_ENSDARP00000100760	Galgal_ENSGALP00000066203	93.0	S	0.0
Drer_ENSDARP00000100760	Mmus_ENSMUSP00000057965	93.0	S	0.0
Drer_ENSDARP00000100760	Hsap_ENSP00000340913	93.0	S	0.0
Dmel_FBpp0087557	Dmel_FBpp0084879	100.0	D	1.0
Mondom_ENSMODP00000049096	Mmus_ENSMUSP00000139672	99.0	S	0.0
Mondom_ENSMODP00000049096	Canfam_ENSCAFP00000011752	99.0	S	0.0
Mondom_ENSMODP00000049096	Pantro_ENSPTRP00000083420	99.0	S	0.0
Mondom_ENSMODP00000049096	Ratnor_ENSRNOP00000074229	99.0	S	0.0
Mondom_ENSMODP00000049096	Hsap_ENSP00000419313	99.0	S	0.0
Drer_ENSDARP00000075235	Mondom_ENSMODP00000012730	100.0	S	0.0
Drer_ENSDARP00000075235	Galgal_ENSGALP00000029480	100.0	S	0.0
Drer_ENSDARP00000075235	Mmus_ENSMUSP00000029311	100.0	S	0.0
Drer_ENSDARP00000075235	Pantro_ENSPTRP00000045620	100.0	S	0.0
Drer_ENSDARP00000075235	Hsap_ENSP00000486109	100.0	S	0.0
Drer_ENSDARP00000075235	Ratnor_ENSRNOP00000042886	100.0	S	0.0
Drer_ENSDARP00000075235	Canfam_ENSCAFP00000009093	100.0	S	0.0
Tetnig_ENSTNIP00000019364	Mondom_ENSMODP00000012730	100.0	S	0.0
Tetnig_ENSTNIP00000019364	Galgal_ENSGALP00000029480	100.0	S	0.0
Tetnig_ENSTNIP00000019364	Mmus_ENSMUSP00000029311	100.0	S	0.0
Tetnig_ENSTNIP00000019364	Pantro_ENSPTRP00000045620	100.0	S	0.0
Tetnig_ENSTNIP00000019364	Hsap_ENSP00000486109	100.0	S	0.0
Tetnig_ENSTNIP00000019364	Ratnor_ENSRNOP00000042886	100.0	S	0.0
Tetnig_ENSTNIP00000019364	Canfam_ENSCAFP00000009093	100.0	S	0.0
Drer_ENSDARP00000136413	Mondom_ENSMODP00000012730	100.0	S	0.0
Drer_ENSDARP00000136413	Galgal_ENSGALP00000029480	100.0	S	0.0
Drer_ENSDARP00000136413	Mmus_ENSMUSP00000029311	100.0	S	0.0
Drer_ENSDARP00000136413	Pantro_ENSPTRP00000045620	100.0	S	0.0
Drer_ENSDARP00000136413	Hsap_ENSP00000486109	100.0	S	0.0
Drer_ENSDARP00000136413	Ratnor_ENSRNOP00000042886	100.0	S	0.0
Drer_ENSDARP00000136413	Canfam_ENSCAFP00000009093	100.0	S	0.0
Tetnig_ENSTNIP00000012823	Mondom_ENSMODP00000012730	100.0	S	0.0
Tetnig_ENSTNIP00000012823	Galgal_ENSGALP00000029480	100.0	S	0.0
Tetnig_ENSTNIP00000012823	Mmus_ENSMUSP00000029311	100.0	S	0.0
Tetnig_ENSTNIP00000012823	Pantro_ENSPTRP00000045620	100.0	S	0.0
Tetnig_ENSTNIP00000012823	Hsap_ENSP00000486109	100.0	S	0.0
Tetnig_ENSTNIP00000012823	Ratnor_ENSRNOP00000042886	100.0	S	0.0
Tetnig_ENSTNIP00000012823	Canfam_ENSCAFP00000009093	100.0	S	0.0
Drer_ENSDARP00000155633	Mmus_ENSMUSP00000049063	100.0	S	0.0
Drer_ENSDARP00000155633	Mondom_ENSMODP00000006218	100.0	S	0.0
Drer_ENSDARP00000155633	Hsap_ENSP00000262839	100.0	S	0.0
Drer_ENSDARP00000155633	Canfam_ENSCAFP00000026903	100.0	S	0.0
Drer_ENSDARP00000155633	Ratnor_ENSRNOP00000071700	100.0	S	0.0
Drer_ENSDARP00000155633	Galgal_ENSGALP00000012929	100.0	S	0.0
Drer_ENSDARP00000155633	Pantro_ENSPTRP00000038200	100.0	S	0.0
Drer_ENSDARP00000141684	Mmus_ENSMUSP00000049063	100.0	S	0.0
Drer_ENSDARP00000141684	Mondom_ENSMODP00000006218	100.0	S	0.0
Drer_ENSDARP00000141684	Hsap_ENSP00000262839	100.0	S	0.0
Drer_ENSDARP00000141684	Canfam_ENSCAFP00000026903	100.0	S	0.0
Drer_ENSDARP00000141684	Ratnor_ENSRNOP00000071700	100.0	S	0.0
Drer_ENSDARP00000141684	Galgal_ENSGALP00000012929	100.0	S	0.0
Drer_ENSDARP00000141684	Pantro_ENSPTRP00000038200	100.0	S	0.0
Drer_ENSDARP00000080550	Mmus_ENSMUSP00000049063	100.0	S	0.0
Drer_ENSDARP00000080550	Mondom_ENSMODP00000006218	100.0	S	0.0
Drer_ENSDARP00000080550	Hsap_ENSP00000262839	100.0	S	0.0
Drer_ENSDARP00000080550	Canfam_ENSCAFP00000026903	100.0	S	0.0
Drer_ENSDARP00000080550	Ratnor_ENSRNOP00000071700	100.0	S	0.0
Drer_ENSDARP00000080550	Galgal_ENSGALP00000012929	100.0	S	0.0
Drer_ENSDARP00000080550	Pantro_ENSPTRP00000038200	100.0	S	0.0
Tetnig_ENSTNIP00000014183	Mmus_ENSMUSP00000049063	100.0	S	0.0
Tetnig_ENSTNIP00000014183	Mondom_ENSMODP00000006218	100.0	S	0.0
Tetnig_ENSTNIP00000014183	Hsap_ENSP00000262839	100.0	S	0.0
Tetnig_ENSTNIP00000014183	Canfam_ENSCAFP00000026903	100.0	S	0.0
Tetnig_ENSTNIP00000014183	Ratnor_ENSRNOP00000071700	100.0	S	0.0
Tetnig_ENSTNIP00000014183	Galgal_ENSGALP00000012929	100.0	S	0.0
Tetnig_ENSTNIP00000014183	Pantro_ENSPTRP00000038200	100.0	S	0.0
Mlei_ML26623a-PA	Mlei_ML26625a-PA	100.0	D	1.0
Mlei_ML26623a-PA	Mlei_ML26624a-PA	100.0	D	1.0
Mlei_ML26623a-PA	Mlei_ML040414a-PA	100.0	D	1.0
Mlei_ML26623a-PA	Mlei_ML26622a-PA	100.0	D	1.0
Mlei_ML040413a-PA	Mlei_ML26625a-PA	100.0	D	1.0
Mlei_ML040413a-PA	Mlei_ML26624a-PA	100.0	D	1.0
Mlei_ML040413a-PA	Mlei_ML040414a-PA	100.0	D	1.0
Mlei_ML040413a-PA	Mlei_ML26622a-PA	100.0	D	1.0
Tadh_TriadP58797	Tadh_TriadP58796	100.0	D	1.0
Tadh_TriadP60588	Tadh_TriadP62849	85.0	D	1.0
Tadh_TriadP57356	Sman_Smp_165170	96.0	S	0.0
Tadh_TriadP57356	Sman_Smp_173720	96.0	S	0.0
Tadh_TriadP57356	Sman_Smp_199590	96.0	S	0.0
Cele_WBGene00001651.1	Tetnig_ENSTNIP00000002557	98.0	S	0.0
Cele_WBGene00001651.1	Bralan_BL24111_evm0	98.0	S	0.0
Cele_WBGene00001651.1	Galgal_ENSGALP00000024411	98.0	S	0.0
Cele_WBGene00001651.1	Drer_ENSDARP00000133282	98.0	S	0.0
Cele_WBGene00001651.1	Mondom_ENSMODP00000002675	98.0	S	0.0
Cele_WBGene00001651.1	Drer_ENSDARP00000145809	98.0	S	0.0
Cele_WBGene00001651.1	Mondom_ENSMODP00000056536	98.0	S	0.0
Cele_WBGene00001651.1	Mmus_ENSMUSP00000037443	98.0	S	0.0
Cele_WBGene00001651.1	Drer_ENSDARP00000151529	98.0	S	0.0
Cele_WBGene00001651.1	Pantro_ENSPTRP00000088270	98.0	S	0.0
Cele_WBGene00001651.1	Mmus_ENSMUSP00000146226	98.0	S	0.0
Cele_WBGene00001651.1	Canfam_ENSCAFP00000022528	98.0	S	0.0
Cele_WBGene00001651.1	Tetnig_ENSTNIP00000000145	98.0	S	0.0
Cele_WBGene00001651.1	Ratnor_ENSRNOP00000070727	98.0	S	0.0
Cele_WBGene00001651.1	Drer_ENSDARP00000157514	98.0	S	0.0
Cele_WBGene00001651.1	Galgal_ENSGALP00000006104	98.0	S	0.0
Cele_WBGene00001651.1	Tetnig_ENSTNIP00000006495	98.0	S	0.0
Cele_WBGene00001651.1	Ratnor_ENSRNOP00000017892	98.0	S	0.0
Cele_WBGene00001651.1	Cint_ENSCINP00000035323	98.0	S	0.0
Cele_WBGene00001651.1	Galgal_ENSGALP00000049900	98.0	S	0.0
Cele_WBGene00001651.1	Hsap_ENSP00000495860	98.0	S	0.0
Cele_WBGene00001651.1	Pantro_ENSPTRP00000090282	98.0	S	0.0
Cele_WBGene00001651.1	Hsap_ENSP00000437849	98.0	S	0.0
Cele_WBGene00001651.1	Hsap_ENSP00000350140	98.0	S	0.0
Cele_WBGene00001651.1	Pantro_ENSPTRP00000012085	98.0	S	0.0
Cele_WBGene00001651.1	Ratnor_ENSRNOP00000021262	98.0	S	0.0
Cele_WBGene00001651.1	Mondom_ENSMODP00000046838	98.0	S	0.0
Cele_WBGene00001651.1	Galgal_ENSGALP00000037979	98.0	S	0.0
Cele_WBGene00001651.1	Canfam_ENSCAFP00000035825	98.0	S	0.0
Cele_WBGene00001651.1	Drer_ENSDARP00000052583	98.0	S	0.0
Cele_WBGene00001651.1	Hsap_ENSP00000354006	98.0	S	0.0
Cele_WBGene00001651.1	Ratnor_ENSRNOP00000018521	98.0	S	0.0
Cele_WBGene00001651.1	Drer_ENSDARP00000123466	98.0	S	0.0
Cele_WBGene00001651.1	Mondom_ENSMODP00000060432	98.0	S	0.0
Cele_WBGene00001651.1	Canfam_ENSCAFP00000002558	98.0	S	0.0
Cele_WBGene00001651.1	Mmus_ENSMUSP00000099513	98.0	S	0.0
Cele_WBGene00001651.1	Dmel_FBpp0308223	98.0	S	0.0
Cele_WBGene00001651.1	Drer_ENSDARP00000132448	98.0	S	0.0
Cele_WBGene00001651.1	Hsap_ENSP00000480586	98.0	S	0.0
Cele_WBGene00001651.1	Mmus_ENSMUSP00000158045	98.0	S	0.0
Cele_WBGene00001651.1	Tetnig_ENSTNIP00000013119	98.0	S	0.0
Cele_WBGene00001651.1	Tetnig_ENSTNIP00000011233	98.0	S	0.0
Cele_WBGene00001651.1	Canfam_ENSCAFP00000057849	98.0	S	0.0
Cele_WBGene00001651.1	Pantro_ENSPTRP00000065010	98.0	S	0.0
Cele_WBGene00001795.1	Tetnig_ENSTNIP00000002557	98.0	S	0.0
Cele_WBGene00001795.1	Bralan_BL24111_evm0	98.0	S	0.0
Cele_WBGene00001795.1	Galgal_ENSGALP00000024411	98.0	S	0.0
Cele_WBGene00001795.1	Drer_ENSDARP00000133282	98.0	S	0.0
Cele_WBGene00001795.1	Mondom_ENSMODP00000002675	98.0	S	0.0
Cele_WBGene00001795.1	Drer_ENSDARP00000145809	98.0	S	0.0
Cele_WBGene00001795.1	Mondom_ENSMODP00000056536	98.0	S	0.0
Cele_WBGene00001795.1	Mmus_ENSMUSP00000037443	98.0	S	0.0
Cele_WBGene00001795.1	Drer_ENSDARP00000151529	98.0	S	0.0
Cele_WBGene00001795.1	Pantro_ENSPTRP00000088270	98.0	S	0.0
Cele_WBGene00001795.1	Mmus_ENSMUSP00000146226	98.0	S	0.0
Cele_WBGene00001795.1	Canfam_ENSCAFP00000022528	98.0	S	0.0
Cele_WBGene00001795.1	Tetnig_ENSTNIP00000000145	98.0	S	0.0
Cele_WBGene00001795.1	Ratnor_ENSRNOP00000070727	98.0	S	0.0
Cele_WBGene00001795.1	Drer_ENSDARP00000157514	98.0	S	0.0
Cele_WBGene00001795.1	Galgal_ENSGALP00000006104	98.0	S	0.0
Cele_WBGene00001795.1	Tetnig_ENSTNIP00000006495	98.0	S	0.0
Cele_WBGene00001795.1	Ratnor_ENSRNOP00000017892	98.0	S	0.0
Cele_WBGene00001795.1	Cint_ENSCINP00000035323	98.0	S	0.0
Cele_WBGene00001795.1	Galgal_ENSGALP00000049900	98.0	S	0.0
Cele_WBGene00001795.1	Hsap_ENSP00000495860	98.0	S	0.0
Cele_WBGene00001795.1	Pantro_ENSPTRP00000090282	98.0	S	0.0
Cele_WBGene00001795.1	Hsap_ENSP00000437849	98.0	S	0.0
Cele_WBGene00001795.1	Hsap_ENSP00000350140	98.0	S	0.0
Cele_WBGene00001795.1	Pantro_ENSPTRP00000012085	98.0	S	0.0
Cele_WBGene00001795.1	Ratnor_ENSRNOP00000021262	98.0	S	0.0
Cele_WBGene00001795.1	Mondom_ENSMODP00000046838	98.0	S	0.0
Cele_WBGene00001795.1	Galgal_ENSGALP00000037979	98.0	S	0.0
Cele_WBGene00001795.1	Canfam_ENSCAFP00000035825	98.0	S	0.0
Cele_WBGene00001795.1	Drer_ENSDARP00000052583	98.0	S	0.0
Cele_WBGene00001795.1	Hsap_ENSP00000354006	98.0	S	0.0
Cele_WBGene00001795.1	Ratnor_ENSRNOP00000018521	98.0	S	0.0
Cele_WBGene00001795.1	Drer_ENSDARP00000123466	98.0	S	0.0
Cele_WBGene00001795.1	Mondom_ENSMODP00000060432	98.0	S	0.0
Cele_WBGene00001795.1	Canfam_ENSCAFP00000002558	98.0	S	0.0
Cele_WBGene00001795.1	Mmus_ENSMUSP00000099513	98.0	S	0.0
Cele_WBGene00001795.1	Dmel_FBpp0308223	98.0	S	0.0
Cele_WBGene00001795.1	Drer_ENSDARP00000132448	98.0	S	0.0
Cele_WBGene00001795.1	Hsap_ENSP00000480586	98.0	S	0.0
Cele_WBGene00001795.1	Mmus_ENSMUSP00000158045	98.0	S	0.0
Cele_WBGene00001795.1	Tetnig_ENSTNIP00000013119	98.0	S	0.0
Cele_WBGene00001795.1	Tetnig_ENSTNIP00000011233	98.0	S	0.0
Cele_WBGene00001795.1	Canfam_ENSCAFP00000057849	98.0	S	0.0
Cele_WBGene00001795.1	Pantro_ENSPTRP00000065010	98.0	S	0.0
Sman_Smp_147140	Tetnig_ENSTNIP00000002557	98.0	S	0.0
Sman_Smp_147140	Bralan_BL24111_evm0	98.0	S	0.0
Sman_Smp_147140	Galgal_ENSGALP00000024411	98.0	S	0.0
Sman_Smp_147140	Drer_ENSDARP00000133282	98.0	S	0.0
Sman_Smp_147140	Mondom_ENSMODP00000002675	98.0	S	0.0
Sman_Smp_147140	Drer_ENSDARP00000145809	98.0	S	0.0
Sman_Smp_147140	Mondom_ENSMODP00000056536	98.0	S	0.0
Sman_Smp_147140	Mmus_ENSMUSP00000037443	98.0	S	0.0
Sman_Smp_147140	Drer_ENSDARP00000151529	98.0	S	0.0
Sman_Smp_147140	Pantro_ENSPTRP00000088270	98.0	S	0.0
Sman_Smp_147140	Mmus_ENSMUSP00000146226	98.0	S	0.0
Sman_Smp_147140	Canfam_ENSCAFP00000022528	98.0	S	0.0
Sman_Smp_147140	Tetnig_ENSTNIP00000000145	98.0	S	0.0
Sman_Smp_147140	Ratnor_ENSRNOP00000070727	98.0	S	0.0
Sman_Smp_147140	Drer_ENSDARP00000157514	98.0	S	0.0
Sman_Smp_147140	Galgal_ENSGALP00000006104	98.0	S	0.0
Sman_Smp_147140	Tetnig_ENSTNIP00000006495	98.0	S	0.0
Sman_Smp_147140	Ratnor_ENSRNOP00000017892	98.0	S	0.0
Sman_Smp_147140	Cint_ENSCINP00000035323	98.0	S	0.0
Sman_Smp_147140	Galgal_ENSGALP00000049900	98.0	S	0.0
Sman_Smp_147140	Hsap_ENSP00000495860	98.0	S	0.0
Sman_Smp_147140	Pantro_ENSPTRP00000090282	98.0	S	0.0
Sman_Smp_147140	Hsap_ENSP00000437849	98.0	S	0.0
Sman_Smp_147140	Hsap_ENSP00000350140	98.0	S	0.0
Sman_Smp_147140	Pantro_ENSPTRP00000012085	98.0	S	0.0
Sman_Smp_147140	Ratnor_ENSRNOP00000021262	98.0	S	0.0
Sman_Smp_147140	Mondom_ENSMODP00000046838	98.0	S	0.0
Sman_Smp_147140	Galgal_ENSGALP00000037979	98.0	S	0.0
Sman_Smp_147140	Canfam_ENSCAFP00000035825	98.0	S	0.0
Sman_Smp_147140	Drer_ENSDARP00000052583	98.0	S	0.0
Sman_Smp_147140	Hsap_ENSP00000354006	98.0	S	0.0
Sman_Smp_147140	Ratnor_ENSRNOP00000018521	98.0	S	0.0
Sman_Smp_147140	Drer_ENSDARP00000123466	98.0	S	0.0
Sman_Smp_147140	Mondom_ENSMODP00000060432	98.0	S	0.0
Sman_Smp_147140	Canfam_ENSCAFP00000002558	98.0	S	0.0
Sman_Smp_147140	Mmus_ENSMUSP00000099513	98.0	S	0.0
Sman_Smp_147140	Dmel_FBpp0308223	98.0	S	0.0
Sman_Smp_147140	Drer_ENSDARP00000132448	98.0	S	0.0
Sman_Smp_147140	Hsap_ENSP00000480586	98.0	S	0.0
Sman_Smp_147140	Mmus_ENSMUSP00000158045	98.0	S	0.0
Sman_Smp_147140	Tetnig_ENSTNIP00000013119	98.0	S	0.0
Sman_Smp_147140	Tetnig_ENSTNIP00000011233	98.0	S	0.0
Sman_Smp_147140	Canfam_ENSCAFP00000057849	98.0	S	0.0
Sman_Smp_147140	Pantro_ENSPTRP00000065010	98.0	S	0.0
Cele_WBGene00001796.1	Tetnig_ENSTNIP00000002557	98.0	S	0.0
Cele_WBGene00001796.1	Bralan_BL24111_evm0	98.0	S	0.0
Cele_WBGene00001796.1	Galgal_ENSGALP00000024411	98.0	S	0.0
Cele_WBGene00001796.1	Drer_ENSDARP00000133282	98.0	S	0.0
Cele_WBGene00001796.1	Mondom_ENSMODP00000002675	98.0	S	0.0
Cele_WBGene00001796.1	Drer_ENSDARP00000145809	98.0	S	0.0
Cele_WBGene00001796.1	Mondom_ENSMODP00000056536	98.0	S	0.0
Cele_WBGene00001796.1	Mmus_ENSMUSP00000037443	98.0	S	0.0
Cele_WBGene00001796.1	Drer_ENSDARP00000151529	98.0	S	0.0
Cele_WBGene00001796.1	Pantro_ENSPTRP00000088270	98.0	S	0.0
Cele_WBGene00001796.1	Mmus_ENSMUSP00000146226	98.0	S	0.0
Cele_WBGene00001796.1	Canfam_ENSCAFP00000022528	98.0	S	0.0
Cele_WBGene00001796.1	Tetnig_ENSTNIP00000000145	98.0	S	0.0
Cele_WBGene00001796.1	Ratnor_ENSRNOP00000070727	98.0	S	0.0
Cele_WBGene00001796.1	Drer_ENSDARP00000157514	98.0	S	0.0
Cele_WBGene00001796.1	Galgal_ENSGALP00000006104	98.0	S	0.0
Cele_WBGene00001796.1	Tetnig_ENSTNIP00000006495	98.0	S	0.0
Cele_WBGene00001796.1	Ratnor_ENSRNOP00000017892	98.0	S	0.0
Cele_WBGene00001796.1	Cint_ENSCINP00000035323	98.0	S	0.0
Cele_WBGene00001796.1	Galgal_ENSGALP00000049900	98.0	S	0.0
Cele_WBGene00001796.1	Hsap_ENSP00000495860	98.0	S	0.0
Cele_WBGene00001796.1	Pantro_ENSPTRP00000090282	98.0	S	0.0
Cele_WBGene00001796.1	Hsap_ENSP00000437849	98.0	S	0.0
Cele_WBGene00001796.1	Hsap_ENSP00000350140	98.0	S	0.0
Cele_WBGene00001796.1	Pantro_ENSPTRP00000012085	98.0	S	0.0
Cele_WBGene00001796.1	Ratnor_ENSRNOP00000021262	98.0	S	0.0
Cele_WBGene00001796.1	Mondom_ENSMODP00000046838	98.0	S	0.0
Cele_WBGene00001796.1	Galgal_ENSGALP00000037979	98.0	S	0.0
Cele_WBGene00001796.1	Canfam_ENSCAFP00000035825	98.0	S	0.0
Cele_WBGene00001796.1	Drer_ENSDARP00000052583	98.0	S	0.0
Cele_WBGene00001796.1	Hsap_ENSP00000354006	98.0	S	0.0
Cele_WBGene00001796.1	Ratnor_ENSRNOP00000018521	98.0	S	0.0
Cele_WBGene00001796.1	Drer_ENSDARP00000123466	98.0	S	0.0
Cele_WBGene00001796.1	Mondom_ENSMODP00000060432	98.0	S	0.0
Cele_WBGene00001796.1	Canfam_ENSCAFP00000002558	98.0	S	0.0
Cele_WBGene00001796.1	Mmus_ENSMUSP00000099513	98.0	S	0.0
Cele_WBGene00001796.1	Dmel_FBpp0308223	98.0	S	0.0
Cele_WBGene00001796.1	Drer_ENSDARP00000132448	98.0	S	0.0
Cele_WBGene00001796.1	Hsap_ENSP00000480586	98.0	S	0.0
Cele_WBGene00001796.1	Mmus_ENSMUSP00000158045	98.0	S	0.0
Cele_WBGene00001796.1	Tetnig_ENSTNIP00000013119	98.0	S	0.0
Cele_WBGene00001796.1	Tetnig_ENSTNIP00000011233	98.0	S	0.0
Cele_WBGene00001796.1	Canfam_ENSCAFP00000057849	98.0	S	0.0
Cele_WBGene00001796.1	Pantro_ENSPTRP00000065010	98.0	S	0.0
Mmus_ENSMUSP00000116934	Mmus_ENSMUSP00000081903	100.0	D	1.0
Galgal_ENSGALP00000066203	Canfam_ENSCAFP00000022403	100.0	S	0.0
Galgal_ENSGALP00000066203	Pantro_ENSPTRP00000007239	100.0	S	0.0
Galgal_ENSGALP00000066203	Mondom_ENSMODP00000000645	100.0	S	0.0
Galgal_ENSGALP00000066203	Ratnor_ENSRNOP00000008905	100.0	S	0.0
Galgal_ENSGALP00000066203	Mmus_ENSMUSP00000057965	100.0	S	0.0
Galgal_ENSGALP00000066203	Hsap_ENSP00000340913	100.0	S	0.0
Drer_ENSDARP00000138129	Mmus_ENSMUSP00000029271	100.0	S	0.0
Drer_ENSDARP00000138129	Canfam_ENSCAFP00000042480	100.0	S	0.0
Drer_ENSDARP00000138129	Hsap_ENSP00000368966	100.0	S	0.0
Drer_ENSDARP00000138129	Ratnor_ENSRNOP00000075444	100.0	S	0.0
Drer_ENSDARP00000138129	Mondom_ENSMODP00000023614	100.0	S	0.0
Drer_ENSDARP00000138129	Pantro_ENSPTRP00000053317	100.0	S	0.0
Drer_ENSDARP00000138129	Galgal_ENSGALP00000019344	100.0	S	0.0
Drer_ENSDARP00000101034	Galgal_ENSGALP00000027731	100.0	S	0.0
Drer_ENSDARP00000101034	Mmus_ENSMUSP00000022023	100.0	S	0.0
Drer_ENSDARP00000101034	Pantro_ENSPTRP00000029531	100.0	S	0.0
Drer_ENSDARP00000101034	Mondom_ENSMODP00000018922	100.0	S	0.0
Drer_ENSDARP00000101034	Hsap_ENSP00000426070	100.0	S	0.0
Drer_ENSDARP00000101034	Ratnor_ENSRNOP00000016982	100.0	S	0.0
Drer_ENSDARP00000101034	Canfam_ENSCAFP00000001552	100.0	S	0.0
Drer_ENSDARP00000113233	Galgal_ENSGALP00000027731	100.0	S	0.0
Drer_ENSDARP00000113233	Mmus_ENSMUSP00000022023	100.0	S	0.0
Drer_ENSDARP00000113233	Pantro_ENSPTRP00000029531	100.0	S	0.0
Drer_ENSDARP00000113233	Mondom_ENSMODP00000018922	100.0	S	0.0
Drer_ENSDARP00000113233	Hsap_ENSP00000426070	100.0	S	0.0
Drer_ENSDARP00000113233	Ratnor_ENSRNOP00000016982	100.0	S	0.0
Drer_ENSDARP00000113233	Canfam_ENSCAFP00000001552	100.0	S	0.0
Tetnig_ENSTNIP00000008592	Galgal_ENSGALP00000027731	100.0	S	0.0
Tetnig_ENSTNIP00000008592	Mmus_ENSMUSP00000022023	100.0	S	0.0
Tetnig_ENSTNIP00000008592	Pantro_ENSPTRP00000029531	100.0	S	0.0
Tetnig_ENSTNIP00000008592	Mondom_ENSMODP00000018922	100.0	S	0.0
Tetnig_ENSTNIP00000008592	Hsap_ENSP00000426070	100.0	S	0.0
Tetnig_ENSTNIP00000008592	Ratnor_ENSRNOP00000016982	100.0	S	0.0
Tetnig_ENSTNIP00000008592	Canfam_ENSCAFP00000001552	100.0	S	0.0
Mmus_ENSMUSP00000139672	Hsap_ENSP00000419313	100.0	S	0.0
Mmus_ENSMUSP00000139672	Canfam_ENSCAFP00000011752	100.0	S	0.0
Mmus_ENSMUSP00000139672	Pantro_ENSPTRP00000083420	100.0	S	0.0
Ratnor_ENSRNOP00000074229	Hsap_ENSP00000419313	100.0	S	0.0
Ratnor_ENSRNOP00000074229	Canfam_ENSCAFP00000011752	100.0	S	0.0
Ratnor_ENSRNOP00000074229	Pantro_ENSPTRP00000083420	100.0	S	0.0
Galgal_ENSGALP00000029480	Mondom_ENSMODP00000012730	100.0	S	0.0
Galgal_ENSGALP00000029480	Mmus_ENSMUSP00000029311	100.0	S	0.0
Galgal_ENSGALP00000029480	Pantro_ENSPTRP00000045620	100.0	S	0.0
Galgal_ENSGALP00000029480	Hsap_ENSP00000486109	100.0	S	0.0
Galgal_ENSGALP00000029480	Ratnor_ENSRNOP00000042886	100.0	S	0.0
Galgal_ENSGALP00000029480	Canfam_ENSCAFP00000009093	100.0	S	0.0
Galgal_ENSGALP00000012929	Mmus_ENSMUSP00000049063	100.0	S	0.0
Galgal_ENSGALP00000012929	Mondom_ENSMODP00000006218	100.0	S	0.0
Galgal_ENSGALP00000012929	Hsap_ENSP00000262839	100.0	S	0.0
Galgal_ENSGALP00000012929	Canfam_ENSCAFP00000026903	100.0	S	0.0
Galgal_ENSGALP00000012929	Ratnor_ENSRNOP00000071700	100.0	S	0.0
Galgal_ENSGALP00000012929	Pantro_ENSPTRP00000038200	100.0	S	0.0
Mlei_ML040413a-PA	Mlei_ML26623a-PA	85.0	D	1.0
Mlei_ML040414a-PA	Mlei_ML26625a-PA	85.0	D	1.0
Mlei_ML040414a-PA	Mlei_ML26624a-PA	85.0	D	1.0
Mlei_ML040414a-PA	Mlei_ML26622a-PA	85.0	D	1.0
Sman_Smp_173720	Sman_Smp_165170	100.0	D	1.0
Sman_Smp_173720	Sman_Smp_199590	100.0	D	1.0
Sman_Smp_147140	Cele_WBGene00001651.1	100.0	S	0.0
Sman_Smp_147140	Cele_WBGene00001795.1	100.0	S	0.0
Sman_Smp_147140	Cele_WBGene00001796.1	100.0	S	0.0
Dmel_FBpp0308223	Tetnig_ENSTNIP00000002557	100.0	S	0.0
Dmel_FBpp0308223	Bralan_BL24111_evm0	100.0	S	0.0
Dmel_FBpp0308223	Galgal_ENSGALP00000024411	100.0	S	0.0
Dmel_FBpp0308223	Drer_ENSDARP00000133282	100.0	S	0.0
Dmel_FBpp0308223	Mondom_ENSMODP00000002675	100.0	S	0.0
Dmel_FBpp0308223	Drer_ENSDARP00000145809	100.0	S	0.0
Dmel_FBpp0308223	Mondom_ENSMODP00000056536	100.0	S	0.0
Dmel_FBpp0308223	Mmus_ENSMUSP00000037443	100.0	S	0.0
Dmel_FBpp0308223	Drer_ENSDARP00000151529	100.0	S	0.0
Dmel_FBpp0308223	Pantro_ENSPTRP00000088270	100.0	S	0.0
Dmel_FBpp0308223	Mmus_ENSMUSP00000146226	100.0	S	0.0
Dmel_FBpp0308223	Canfam_ENSCAFP00000022528	100.0	S	0.0
Dmel_FBpp0308223	Tetnig_ENSTNIP00000000145	100.0	S	0.0
Dmel_FBpp0308223	Ratnor_ENSRNOP00000070727	100.0	S	0.0
Dmel_FBpp0308223	Drer_ENSDARP00000157514	100.0	S	0.0
Dmel_FBpp0308223	Galgal_ENSGALP00000006104	100.0	S	0.0
Dmel_FBpp0308223	Tetnig_ENSTNIP00000006495	100.0	S	0.0
Dmel_FBpp0308223	Ratnor_ENSRNOP00000017892	100.0	S	0.0
Dmel_FBpp0308223	Cint_ENSCINP00000035323	100.0	S	0.0
Dmel_FBpp0308223	Galgal_ENSGALP00000049900	100.0	S	0.0
Dmel_FBpp0308223	Hsap_ENSP00000495860	100.0	S	0.0
Dmel_FBpp0308223	Pantro_ENSPTRP00000090282	100.0	S	0.0
Dmel_FBpp0308223	Hsap_ENSP00000437849	100.0	S	0.0
Dmel_FBpp0308223	Hsap_ENSP00000350140	100.0	S	0.0
Dmel_FBpp0308223	Pantro_ENSPTRP00000012085	100.0	S	0.0
Dmel_FBpp0308223	Ratnor_ENSRNOP00000021262	100.0	S	0.0
Dmel_FBpp0308223	Mondom_ENSMODP00000046838	100.0	S	0.0
Dmel_FBpp0308223	Galgal_ENSGALP00000037979	100.0	S	0.0
Dmel_FBpp0308223	Canfam_ENSCAFP00000035825	100.0	S	0.0
Dmel_FBpp0308223	Drer_ENSDARP00000052583	100.0	S	0.0
Dmel_FBpp0308223	Hsap_ENSP00000354006	100.0	S	0.0
Dmel_FBpp0308223	Ratnor_ENSRNOP00000018521	100.0	S	0.0
Dmel_FBpp0308223	Drer_ENSDARP00000123466	100.0	S	0.0
Dmel_FBpp0308223	Mondom_ENSMODP00000060432	100.0	S	0.0
Dmel_FBpp0308223	Canfam_ENSCAFP00000002558	100.0	S	0.0
Dmel_FBpp0308223	Mmus_ENSMUSP00000099513	100.0	S	0.0
Dmel_FBpp0308223	Drer_ENSDARP00000132448	100.0	S	0.0
Dmel_FBpp0308223	Hsap_ENSP00000480586	100.0	S	0.0
Dmel_FBpp0308223	Mmus_ENSMUSP00000158045	100.0	S	0.0
Dmel_FBpp0308223	Tetnig_ENSTNIP00000013119	100.0	S	0.0
Dmel_FBpp0308223	Tetnig_ENSTNIP00000011233	100.0	S	0.0
Dmel_FBpp0308223	Canfam_ENSCAFP00000057849	100.0	S	0.0
Dmel_FBpp0308223	Pantro_ENSPTRP00000065010	100.0	S	0.0
Mondom_ENSMODP00000000645	Canfam_ENSCAFP00000022403	100.0	S	0.0
Mondom_ENSMODP00000000645	Pantro_ENSPTRP00000007239	100.0	S	0.0
Mondom_ENSMODP00000000645	Ratnor_ENSRNOP00000008905	100.0	S	0.0
Mondom_ENSMODP00000000645	Mmus_ENSMUSP00000057965	100.0	S	0.0
Mondom_ENSMODP00000000645	Hsap_ENSP00000340913	100.0	S	0.0
Galgal_ENSGALP00000019344	Mmus_ENSMUSP00000029271	100.0	S	0.0
Galgal_ENSGALP00000019344	Canfam_ENSCAFP00000042480	100.0	S	0.0
Galgal_ENSGALP00000019344	Hsap_ENSP00000368966	100.0	S	0.0
Galgal_ENSGALP00000019344	Ratnor_ENSRNOP00000075444	100.0	S	0.0
Galgal_ENSGALP00000019344	Mondom_ENSMODP00000023614	100.0	S	0.0
Galgal_ENSGALP00000019344	Pantro_ENSPTRP00000053317	100.0	S	0.0
Tetnig_ENSTNIP00000008592	Drer_ENSDARP00000101034	93.0	S	0.0
Tetnig_ENSTNIP00000008592	Drer_ENSDARP00000113233	93.0	S	0.0
Galgal_ENSGALP00000027731	Mmus_ENSMUSP00000022023	99.0	S	0.0
Galgal_ENSGALP00000027731	Pantro_ENSPTRP00000029531	99.0	S	0.0
Galgal_ENSGALP00000027731	Mondom_ENSMODP00000018922	99.0	S	0.0
Galgal_ENSGALP00000027731	Hsap_ENSP00000426070	99.0	S	0.0
Galgal_ENSGALP00000027731	Ratnor_ENSRNOP00000016982	99.0	S	0.0
Galgal_ENSGALP00000027731	Canfam_ENSCAFP00000001552	99.0	S	0.0
Mmus_ENSMUSP00000139672	Ratnor_ENSRNOP00000074229	95.0	S	0.0
Canfam_ENSCAFP00000011752	Hsap_ENSP00000419313	90.0	S	0.0
Canfam_ENSCAFP00000011752	Pantro_ENSPTRP00000083420	90.0	S	0.0
Mondom_ENSMODP00000012730	Mmus_ENSMUSP00000029311	99.0	S	0.0
Mondom_ENSMODP00000012730	Pantro_ENSPTRP00000045620	99.0	S	0.0
Mondom_ENSMODP00000012730	Hsap_ENSP00000486109	99.0	S	0.0
Mondom_ENSMODP00000012730	Ratnor_ENSRNOP00000042886	99.0	S	0.0
Mondom_ENSMODP00000012730	Canfam_ENSCAFP00000009093	99.0	S	0.0
Tetnig_ENSTNIP00000014183	Drer_ENSDARP00000155633	100.0	S	0.0
Tetnig_ENSTNIP00000014183	Drer_ENSDARP00000080550	100.0	S	0.0
Mondom_ENSMODP00000006218	Mmus_ENSMUSP00000049063	100.0	S	0.0
Mondom_ENSMODP00000006218	Hsap_ENSP00000262839	100.0	S	0.0
Mondom_ENSMODP00000006218	Canfam_ENSCAFP00000026903	100.0	S	0.0
Mondom_ENSMODP00000006218	Ratnor_ENSRNOP00000071700	100.0	S	0.0
Mondom_ENSMODP00000006218	Pantro_ENSPTRP00000038200	100.0	S	0.0
Mlei_ML26624a-PA	Mlei_ML26625a-PA	56.0	D	1.0
Mlei_ML26624a-PA	Mlei_ML26622a-PA	56.0	D	1.0
Cint_ENSCINP00000036440	Ratnor_ENSRNOP00000001631	76.0	S	0.0
Cint_ENSCINP00000036440	Canfam_ENSCAFP00000017598	76.0	S	0.0
Cint_ENSCINP00000036440	Canfam_ENSCAFP00000016194	76.0	S	0.0
Cint_ENSCINP00000036440	Pantro_ENSPTRP00000070498	76.0	S	0.0
Cint_ENSCINP00000036440	Pantro_ENSPTRP00000075068	76.0	S	0.0
Cint_ENSCINP00000036440	Pantro_ENSPTRP00000067793	76.0	S	0.0
Cint_ENSCINP00000036440	Mondom_ENSMODP00000003817	76.0	S	0.0
Cint_ENSCINP00000036440	Ratnor_ENSRNOP00000025879	76.0	S	0.0
Cint_ENSCINP00000036440	Mondom_ENSMODP00000010005	76.0	S	0.0
Cint_ENSCINP00000036440	Mondom_ENSMODP00000045408	76.0	S	0.0
Cint_ENSCINP00000036440	Galgal_ENSGALP00000006535	76.0	S	0.0
Cint_ENSCINP00000036440	Hsap_ENSP00000381026	76.0	S	0.0
Cint_ENSCINP00000036440	Canfam_ENSCAFP00000039546	76.0	S	0.0
Cint_ENSCINP00000036440	Mmus_ENSMUSP00000101040	76.0	S	0.0
Cint_ENSCINP00000036440	Mmus_ENSMUSP00000108739	76.0	S	0.0
Cint_ENSCINP00000036440	Tetnig_ENSTNIP00000019559	76.0	S	0.0
Cint_ENSCINP00000036440	Drer_ENSDARP00000136274	76.0	S	0.0
Cint_ENSCINP00000036440	Galgal_ENSGALP00000009021	76.0	S	0.0
Cint_ENSCINP00000036440	Hsap_ENSP00000323926	76.0	S	0.0
Sman_Smp_165170	Sman_Smp_199590	100.0	D	1.0
Cele_WBGene00001796.1	Cele_WBGene00001651.1	100.0	D	1.0
Cele_WBGene00001796.1	Cele_WBGene00001795.1	100.0	D	1.0
Cint_ENSCINP00000035323	Tetnig_ENSTNIP00000002557	100.0	S	0.0
Cint_ENSCINP00000035323	Bralan_BL24111_evm0	100.0	S	0.0
Cint_ENSCINP00000035323	Galgal_ENSGALP00000024411	100.0	S	0.0
Cint_ENSCINP00000035323	Drer_ENSDARP00000133282	100.0	S	0.0
Cint_ENSCINP00000035323	Mondom_ENSMODP00000002675	100.0	S	0.0
Cint_ENSCINP00000035323	Drer_ENSDARP00000145809	100.0	S	0.0
Cint_ENSCINP00000035323	Mondom_ENSMODP00000056536	100.0	S	0.0
Cint_ENSCINP00000035323	Mmus_ENSMUSP00000037443	100.0	S	0.0
Cint_ENSCINP00000035323	Drer_ENSDARP00000151529	100.0	S	0.0
Cint_ENSCINP00000035323	Pantro_ENSPTRP00000088270	100.0	S	0.0
Cint_ENSCINP00000035323	Mmus_ENSMUSP00000146226	100.0	S	0.0
Cint_ENSCINP00000035323	Canfam_ENSCAFP00000022528	100.0	S	0.0
Cint_ENSCINP00000035323	Tetnig_ENSTNIP00000000145	100.0	S	0.0
Cint_ENSCINP00000035323	Ratnor_ENSRNOP00000070727	100.0	S	0.0
Cint_ENSCINP00000035323	Drer_ENSDARP00000157514	100.0	S	0.0
Cint_ENSCINP00000035323	Galgal_ENSGALP00000006104	100.0	S	0.0
Cint_ENSCINP00000035323	Tetnig_ENSTNIP00000006495	100.0	S	0.0
Cint_ENSCINP00000035323	Ratnor_ENSRNOP00000017892	100.0	S	0.0
Cint_ENSCINP00000035323	Galgal_ENSGALP00000049900	100.0	S	0.0
Cint_ENSCINP00000035323	Hsap_ENSP00000495860	100.0	S	0.0
Cint_ENSCINP00000035323	Pantro_ENSPTRP00000090282	100.0	S	0.0
Cint_ENSCINP00000035323	Hsap_ENSP00000437849	100.0	S	0.0
Cint_ENSCINP00000035323	Hsap_ENSP00000350140	100.0	S	0.0
Cint_ENSCINP00000035323	Pantro_ENSPTRP00000012085	100.0	S	0.0
Cint_ENSCINP00000035323	Ratnor_ENSRNOP00000021262	100.0	S	0.0
Cint_ENSCINP00000035323	Mondom_ENSMODP00000046838	100.0	S	0.0
Cint_ENSCINP00000035323	Galgal_ENSGALP00000037979	100.0	S	0.0
Cint_ENSCINP00000035323	Canfam_ENSCAFP00000035825	100.0	S	0.0
Cint_ENSCINP00000035323	Drer_ENSDARP00000052583	100.0	S	0.0
Cint_ENSCINP00000035323	Hsap_ENSP00000354006	100.0	S	0.0
Cint_ENSCINP00000035323	Ratnor_ENSRNOP00000018521	100.0	S	0.0
Cint_ENSCINP00000035323	Drer_ENSDARP00000123466	100.0	S	0.0
Cint_ENSCINP00000035323	Mondom_ENSMODP00000060432	100.0	S	0.0
Cint_ENSCINP00000035323	Canfam_ENSCAFP00000002558	100.0	S	0.0
Cint_ENSCINP00000035323	Mmus_ENSMUSP00000099513	100.0	S	0.0
Cint_ENSCINP00000035323	Drer_ENSDARP00000132448	100.0	S	0.0
Cint_ENSCINP00000035323	Hsap_ENSP00000480586	100.0	S	0.0
Cint_ENSCINP00000035323	Mmus_ENSMUSP00000158045	100.0	S	0.0
Cint_ENSCINP00000035323	Tetnig_ENSTNIP00000013119	100.0	S	0.0
Cint_ENSCINP00000035323	Tetnig_ENSTNIP00000011233	100.0	S	0.0
Cint_ENSCINP00000035323	Canfam_ENSCAFP00000057849	100.0	S	0.0
Cint_ENSCINP00000035323	Pantro_ENSPTRP00000065010	100.0	S	0.0
Tetnig_ENSTNIP00000012880	Drer_ENSDARP00000100760	97.0	S	0.0
Tetnig_ENSTNIP00000012880	Drer_ENSDARP00000137055	97.0	S	0.0
Mmus_ENSMUSP00000057965	Canfam_ENSCAFP00000022403	100.0	S	0.0
Mmus_ENSMUSP00000057965	Pantro_ENSPTRP00000007239	100.0	S	0.0
Mmus_ENSMUSP00000057965	Hsap_ENSP00000340913	100.0	S	0.0
Ratnor_ENSRNOP00000008905	Canfam_ENSCAFP00000022403	100.0	S	0.0
Ratnor_ENSRNOP00000008905	Pantro_ENSPTRP00000007239	100.0	S	0.0
Ratnor_ENSRNOP00000008905	Hsap_ENSP00000340913	100.0	S	0.0
Mondom_ENSMODP00000023614	Pantro_ENSPTRP00000053317	93.0	S	0.0
Mondom_ENSMODP00000023614	Canfam_ENSCAFP00000042480	93.0	S	0.0
Mondom_ENSMODP00000023614	Hsap_ENSP00000368966	93.0	S	0.0
Mmus_ENSMUSP00000029271	Pantro_ENSPTRP00000053317	93.0	S	0.0
Mmus_ENSMUSP00000029271	Canfam_ENSCAFP00000042480	93.0	S	0.0
Mmus_ENSMUSP00000029271	Hsap_ENSP00000368966	93.0	S	0.0
Ratnor_ENSRNOP00000075444	Pantro_ENSPTRP00000053317	93.0	S	0.0
Ratnor_ENSRNOP00000075444	Canfam_ENSCAFP00000042480	93.0	S	0.0
Ratnor_ENSRNOP00000075444	Hsap_ENSP00000368966	93.0	S	0.0
Drer_ENSDARP00000101034	Drer_ENSDARP00000113233	100.0	D	1.0
Mondom_ENSMODP00000018922	Mmus_ENSMUSP00000022023	52.0	S	0.0
Mondom_ENSMODP00000018922	Pantro_ENSPTRP00000029531	52.0	S	0.0
Mondom_ENSMODP00000018922	Hsap_ENSP00000426070	52.0	S	0.0
Mondom_ENSMODP00000018922	Ratnor_ENSRNOP00000016982	52.0	S	0.0
Mondom_ENSMODP00000018922	Canfam_ENSCAFP00000001552	52.0	S	0.0
Hsap_ENSP00000419313	Pantro_ENSPTRP00000083420	64.0	S	0.0
Tetnig_ENSTNIP00000012823	Drer_ENSDARP00000075235	99.0	S	0.0
Hsap_ENSP00000486109	Mmus_ENSMUSP00000029311	98.0	S	0.0
Hsap_ENSP00000486109	Ratnor_ENSRNOP00000042886	98.0	S	0.0
Hsap_ENSP00000486109	Canfam_ENSCAFP00000009093	98.0	S	0.0
Pantro_ENSPTRP00000045620	Mmus_ENSMUSP00000029311	98.0	S	0.0
Pantro_ENSPTRP00000045620	Ratnor_ENSRNOP00000042886	98.0	S	0.0
Pantro_ENSPTRP00000045620	Canfam_ENSCAFP00000009093	98.0	S	0.0
Drer_ENSDARP00000155633	Drer_ENSDARP00000080550	100.0	D	1.0
Mmus_ENSMUSP00000049063	Canfam_ENSCAFP00000026903	100.0	S	0.0
Mmus_ENSMUSP00000049063	Hsap_ENSP00000262839	100.0	S	0.0
Mmus_ENSMUSP00000049063	Pantro_ENSPTRP00000038200	100.0	S	0.0
Ratnor_ENSRNOP00000071700	Canfam_ENSCAFP00000026903	100.0	S	0.0
Ratnor_ENSRNOP00000071700	Hsap_ENSP00000262839	100.0	S	0.0
Ratnor_ENSRNOP00000071700	Pantro_ENSPTRP00000038200	100.0	S	0.0
Mlei_ML26622a-PA	Mlei_ML26625a-PA	100.0	D	1.0
Drer_ENSDARP00000077908	Pantro_ENSPTRP00000042955	100.0	S	0.0
Drer_ENSDARP00000077908	Mmus_ENSMUSP00000009390	100.0	S	0.0
Drer_ENSDARP00000077908	Galgal_ENSGALP00000010522	100.0	S	0.0
Drer_ENSDARP00000077908	Ratnor_ENSRNOP00000039981	100.0	S	0.0
Drer_ENSDARP00000077908	Hsap_ENSP00000434121	100.0	S	0.0
Drer_ENSDARP00000077908	Canfam_ENSCAFP00000037777	100.0	S	0.0
Tetnig_ENSTNIP00000012470	Pantro_ENSPTRP00000042955	100.0	S	0.0
Tetnig_ENSTNIP00000012470	Mmus_ENSMUSP00000009390	100.0	S	0.0
Tetnig_ENSTNIP00000012470	Galgal_ENSGALP00000010522	100.0	S	0.0
Tetnig_ENSTNIP00000012470	Ratnor_ENSRNOP00000039981	100.0	S	0.0
Tetnig_ENSTNIP00000012470	Hsap_ENSP00000434121	100.0	S	0.0
Tetnig_ENSTNIP00000012470	Canfam_ENSCAFP00000037777	100.0	S	0.0
Tetnig_ENSTNIP00000018250	Mmus_ENSMUSP00000040367	100.0	S	0.0
Tetnig_ENSTNIP00000018250	Canfam_ENSCAFP00000005603	100.0	S	0.0
Tetnig_ENSTNIP00000018250	Ratnor_ENSRNOP00000041387	100.0	S	0.0
Tetnig_ENSTNIP00000018250	Pantro_ENSPTRP00000019370	100.0	S	0.0
Tetnig_ENSTNIP00000018250	Pantro_ENSPTRP00000062116	100.0	S	0.0
Tetnig_ENSTNIP00000018250	Hsap_ENSP00000252826	100.0	S	0.0
Drer_ENSDARP00000087119	Mmus_ENSMUSP00000040367	100.0	S	0.0
Drer_ENSDARP00000087119	Canfam_ENSCAFP00000005603	100.0	S	0.0
Drer_ENSDARP00000087119	Ratnor_ENSRNOP00000041387	100.0	S	0.0
Drer_ENSDARP00000087119	Pantro_ENSPTRP00000019370	100.0	S	0.0
Drer_ENSDARP00000087119	Pantro_ENSPTRP00000062116	100.0	S	0.0
Drer_ENSDARP00000087119	Hsap_ENSP00000252826	100.0	S	0.0
Drer_ENSDARP00000086924	Mmus_ENSMUSP00000040367	100.0	S	0.0
Drer_ENSDARP00000086924	Canfam_ENSCAFP00000005603	100.0	S	0.0
Drer_ENSDARP00000086924	Ratnor_ENSRNOP00000041387	100.0	S	0.0
Drer_ENSDARP00000086924	Pantro_ENSPTRP00000019370	100.0	S	0.0
Drer_ENSDARP00000086924	Pantro_ENSPTRP00000062116	100.0	S	0.0
Drer_ENSDARP00000086924	Hsap_ENSP00000252826	100.0	S	0.0
Drer_ENSDARP00000140015	Mmus_ENSMUSP00000040367	100.0	S	0.0
Drer_ENSDARP00000140015	Canfam_ENSCAFP00000005603	100.0	S	0.0
Drer_ENSDARP00000140015	Ratnor_ENSRNOP00000041387	100.0	S	0.0
Drer_ENSDARP00000140015	Pantro_ENSPTRP00000019370	100.0	S	0.0
Drer_ENSDARP00000140015	Pantro_ENSPTRP00000062116	100.0	S	0.0
Drer_ENSDARP00000140015	Hsap_ENSP00000252826	100.0	S	0.0
Drer_ENSDARP00000125689	Mmus_ENSMUSP00000040367	100.0	S	0.0
Drer_ENSDARP00000125689	Canfam_ENSCAFP00000005603	100.0	S	0.0
Drer_ENSDARP00000125689	Ratnor_ENSRNOP00000041387	100.0	S	0.0
Drer_ENSDARP00000125689	Pantro_ENSPTRP00000019370	100.0	S	0.0
Drer_ENSDARP00000125689	Pantro_ENSPTRP00000062116	100.0	S	0.0
Drer_ENSDARP00000125689	Hsap_ENSP00000252826	100.0	S	0.0
Cele_WBGene00001651.1	Cele_WBGene00001795.1	100.0	D	1.0
Bralan_BL24111_evm0	Tetnig_ENSTNIP00000002557	1.0	S	0.0
Bralan_BL24111_evm0	Galgal_ENSGALP00000024411	1.0	S	0.0
Bralan_BL24111_evm0	Drer_ENSDARP00000133282	1.0	S	0.0
Bralan_BL24111_evm0	Mondom_ENSMODP00000002675	1.0	S	0.0
Bralan_BL24111_evm0	Drer_ENSDARP00000145809	1.0	S	0.0
Bralan_BL24111_evm0	Mondom_ENSMODP00000056536	1.0	S	0.0
Bralan_BL24111_evm0	Mmus_ENSMUSP00000037443	1.0	S	0.0
Bralan_BL24111_evm0	Drer_ENSDARP00000151529	1.0	S	0.0
Bralan_BL24111_evm0	Pantro_ENSPTRP00000088270	1.0	S	0.0
Bralan_BL24111_evm0	Mmus_ENSMUSP00000146226	1.0	S	0.0
Bralan_BL24111_evm0	Canfam_ENSCAFP00000022528	1.0	S	0.0
Bralan_BL24111_evm0	Tetnig_ENSTNIP00000000145	1.0	S	0.0
Bralan_BL24111_evm0	Ratnor_ENSRNOP00000070727	1.0	S	0.0
Bralan_BL24111_evm0	Drer_ENSDARP00000157514	1.0	S	0.0
Bralan_BL24111_evm0	Galgal_ENSGALP00000006104	1.0	S	0.0
Bralan_BL24111_evm0	Tetnig_ENSTNIP00000006495	1.0	S	0.0
Bralan_BL24111_evm0	Ratnor_ENSRNOP00000017892	1.0	S	0.0
Bralan_BL24111_evm0	Galgal_ENSGALP00000049900	1.0	S	0.0
Bralan_BL24111_evm0	Hsap_ENSP00000495860	1.0	S	0.0
Bralan_BL24111_evm0	Pantro_ENSPTRP00000090282	1.0	S	0.0
Bralan_BL24111_evm0	Hsap_ENSP00000437849	1.0	S	0.0
Bralan_BL24111_evm0	Hsap_ENSP00000350140	1.0	S	0.0
Bralan_BL24111_evm0	Pantro_ENSPTRP00000012085	1.0	S	0.0
Bralan_BL24111_evm0	Ratnor_ENSRNOP00000021262	1.0	S	0.0
Bralan_BL24111_evm0	Mondom_ENSMODP00000046838	1.0	S	0.0
Bralan_BL24111_evm0	Galgal_ENSGALP00000037979	1.0	S	0.0
Bralan_BL24111_evm0	Canfam_ENSCAFP00000035825	1.0	S	0.0
Bralan_BL24111_evm0	Drer_ENSDARP00000052583	1.0	S	0.0
Bralan_BL24111_evm0	Hsap_ENSP00000354006	1.0	S	0.0
Bralan_BL24111_evm0	Ratnor_ENSRNOP00000018521	1.0	S	0.0
Bralan_BL24111_evm0	Drer_ENSDARP00000123466	1.0	S	0.0
Bralan_BL24111_evm0	Mondom_ENSMODP00000060432	1.0	S	0.0
Bralan_BL24111_evm0	Canfam_ENSCAFP00000002558	1.0	S	0.0
Bralan_BL24111_evm0	Mmus_ENSMUSP00000099513	1.0	S	0.0
Bralan_BL24111_evm0	Drer_ENSDARP00000132448	1.0	S	0.0
Bralan_BL24111_evm0	Hsap_ENSP00000480586	1.0	S	0.0
Bralan_BL24111_evm0	Mmus_ENSMUSP00000158045	1.0	S	0.0
Bralan_BL24111_evm0	Tetnig_ENSTNIP00000013119	1.0	S	0.0
Bralan_BL24111_evm0	Tetnig_ENSTNIP00000011233	1.0	S	0.0
Bralan_BL24111_evm0	Canfam_ENSCAFP00000057849	1.0	S	0.0
Bralan_BL24111_evm0	Pantro_ENSPTRP00000065010	1.0	S	0.0
Drer_ENSDARP00000100760	Drer_ENSDARP00000137055	100.0	D	1.0
Ratnor_ENSRNOP00000008905	Mmus_ENSMUSP00000057965	100.0	S	0.0
Canfam_ENSCAFP00000022403	Pantro_ENSPTRP00000007239	98.0	S	0.0
Canfam_ENSCAFP00000022403	Hsap_ENSP00000340913	98.0	S	0.0
Mondom_ENSMODP00000023614	Mmus_ENSMUSP00000029271	92.0	S	0.0
Mondom_ENSMODP00000023614	Ratnor_ENSRNOP00000075444	92.0	S	0.0
Canfam_ENSCAFP00000042480	Pantro_ENSPTRP00000053317	100.0	S	0.0
Canfam_ENSCAFP00000042480	Hsap_ENSP00000368966	100.0	S	0.0
Hsap_ENSP00000426070	Ratnor_ENSRNOP00000016982	98.0	S	0.0
Hsap_ENSP00000426070	Canfam_ENSCAFP00000001552	98.0	S	0.0
Hsap_ENSP00000426070	Mmus_ENSMUSP00000022023	98.0	S	0.0
Pantro_ENSPTRP00000029531	Ratnor_ENSRNOP00000016982	98.0	S	0.0
Pantro_ENSPTRP00000029531	Canfam_ENSCAFP00000001552	98.0	S	0.0
Pantro_ENSPTRP00000029531	Mmus_ENSMUSP00000022023	98.0	S	0.0
Pantro_ENSPTRP00000045620	Hsap_ENSP00000486109	100.0	S	0.0
Canfam_ENSCAFP00000009093	Mmus_ENSMUSP00000029311	91.0	S	0.0
Canfam_ENSCAFP00000009093	Ratnor_ENSRNOP00000042886	91.0	S	0.0
Mmus_ENSMUSP00000049063	Ratnor_ENSRNOP00000071700	100.0	S	0.0
Canfam_ENSCAFP00000026903	Hsap_ENSP00000262839	100.0	S	0.0
Canfam_ENSCAFP00000026903	Pantro_ENSPTRP00000038200	100.0	S	0.0
Drer_ENSDARP00000077908	Tetnig_ENSTNIP00000012470	100.0	S	0.0
Galgal_ENSGALP00000010522	Pantro_ENSPTRP00000042955	100.0	S	0.0
Galgal_ENSGALP00000010522	Mmus_ENSMUSP00000009390	100.0	S	0.0
Galgal_ENSGALP00000010522	Ratnor_ENSRNOP00000039981	100.0	S	0.0
Galgal_ENSGALP00000010522	Hsap_ENSP00000434121	100.0	S	0.0
Galgal_ENSGALP00000010522	Canfam_ENSCAFP00000037777	100.0	S	0.0
Ratnor_ENSRNOP00000041387	Canfam_ENSCAFP00000005603	100.0	S	0.0
Ratnor_ENSRNOP00000041387	Hsap_ENSP00000252826	100.0	S	0.0
Ratnor_ENSRNOP00000041387	Pantro_ENSPTRP00000019370	100.0	S	0.0
Ratnor_ENSRNOP00000041387	Pantro_ENSPTRP00000062116	100.0	S	0.0
Mmus_ENSMUSP00000040367	Canfam_ENSCAFP00000005603	100.0	S	0.0
Mmus_ENSMUSP00000040367	Hsap_ENSP00000252826	100.0	S	0.0
Mmus_ENSMUSP00000040367	Pantro_ENSPTRP00000019370	100.0	S	0.0
Mmus_ENSMUSP00000040367	Pantro_ENSPTRP00000062116	100.0	S	0.0
Galgal_ENSGALP00000006535	Canfam_ENSCAFP00000017598	100.0	S	0.0
Galgal_ENSGALP00000006535	Pantro_ENSPTRP00000075068	100.0	S	0.0
Galgal_ENSGALP00000006535	Pantro_ENSPTRP00000070498	100.0	S	0.0
Galgal_ENSGALP00000006535	Ratnor_ENSRNOP00000025879	100.0	S	0.0
Galgal_ENSGALP00000006535	Mondom_ENSMODP00000010005	100.0	S	0.0
Galgal_ENSGALP00000006535	Mondom_ENSMODP00000045408	100.0	S	0.0
Galgal_ENSGALP00000006535	Mmus_ENSMUSP00000108739	100.0	S	0.0
Galgal_ENSGALP00000006535	Hsap_ENSP00000323926	100.0	S	0.0
Drer_ENSDARP00000136274	Ratnor_ENSRNOP00000001631	100.0	S	0.0
Drer_ENSDARP00000136274	Canfam_ENSCAFP00000016194	100.0	S	0.0
Drer_ENSDARP00000136274	Mondom_ENSMODP00000003817	100.0	S	0.0
Drer_ENSDARP00000136274	Pantro_ENSPTRP00000067793	100.0	S	0.0
Drer_ENSDARP00000136274	Hsap_ENSP00000381026	100.0	S	0.0
Drer_ENSDARP00000136274	Canfam_ENSCAFP00000039546	100.0	S	0.0
Drer_ENSDARP00000136274	Mmus_ENSMUSP00000101040	100.0	S	0.0
Drer_ENSDARP00000136274	Galgal_ENSGALP00000009021	100.0	S	0.0
Tetnig_ENSTNIP00000019559	Ratnor_ENSRNOP00000001631	100.0	S	0.0
Tetnig_ENSTNIP00000019559	Canfam_ENSCAFP00000016194	100.0	S	0.0
Tetnig_ENSTNIP00000019559	Mondom_ENSMODP00000003817	100.0	S	0.0
Tetnig_ENSTNIP00000019559	Pantro_ENSPTRP00000067793	100.0	S	0.0
Tetnig_ENSTNIP00000019559	Hsap_ENSP00000381026	100.0	S	0.0
Tetnig_ENSTNIP00000019559	Canfam_ENSCAFP00000039546	100.0	S	0.0
Tetnig_ENSTNIP00000019559	Mmus_ENSMUSP00000101040	100.0	S	0.0
Tetnig_ENSTNIP00000019559	Galgal_ENSGALP00000009021	100.0	S	0.0
Hsap_ENSP00000340913	Pantro_ENSPTRP00000007239	100.0	S	0.0
Ratnor_ENSRNOP00000075444	Mmus_ENSMUSP00000029271	100.0	S	0.0
Hsap_ENSP00000368966	Pantro_ENSPTRP00000053317	100.0	S	0.0
Hsap_ENSP00000426070	Pantro_ENSPTRP00000029531	100.0	S	0.0
Canfam_ENSCAFP00000001552	Ratnor_ENSRNOP00000016982	98.0	S	0.0
Canfam_ENSCAFP00000001552	Mmus_ENSMUSP00000022023	98.0	S	0.0
Mmus_ENSMUSP00000029311	Ratnor_ENSRNOP00000042886	100.0	S	0.0
Hsap_ENSP00000262839	Pantro_ENSPTRP00000038200	100.0	S	0.0
Canfam_ENSCAFP00000037777	Pantro_ENSPTRP00000042955	100.0	S	0.0
Canfam_ENSCAFP00000037777	Ratnor_ENSRNOP00000039981	100.0	S	0.0
Canfam_ENSCAFP00000037777	Hsap_ENSP00000434121	100.0	S	0.0
Canfam_ENSCAFP00000037777	Mmus_ENSMUSP00000009390	100.0	S	0.0
Tetnig_ENSTNIP00000018250	Drer_ENSDARP00000087119	100.0	S	0.0
Tetnig_ENSTNIP00000018250	Drer_ENSDARP00000140015	100.0	S	0.0
Tetnig_ENSTNIP00000018250	Drer_ENSDARP00000086924	100.0	S	0.0
Mmus_ENSMUSP00000040367	Ratnor_ENSRNOP00000041387	100.0	S	0.0
Canfam_ENSCAFP00000005603	Hsap_ENSP00000252826	98.0	S	0.0
Canfam_ENSCAFP00000005603	Pantro_ENSPTRP00000019370	98.0	S	0.0
Canfam_ENSCAFP00000005603	Pantro_ENSPTRP00000062116	98.0	S	0.0
Drer_ENSDARP00000136274	Tetnig_ENSTNIP00000019559	100.0	S	0.0
Galgal_ENSGALP00000009021	Ratnor_ENSRNOP00000001631	100.0	S	0.0
Galgal_ENSGALP00000009021	Canfam_ENSCAFP00000016194	100.0	S	0.0
Galgal_ENSGALP00000009021	Mondom_ENSMODP00000003817	100.0	S	0.0
Galgal_ENSGALP00000009021	Pantro_ENSPTRP00000067793	100.0	S	0.0
Galgal_ENSGALP00000009021	Hsap_ENSP00000381026	100.0	S	0.0
Galgal_ENSGALP00000009021	Mmus_ENSMUSP00000101040	100.0	S	0.0
Galgal_ENSGALP00000009021	Canfam_ENSCAFP00000039546	100.0	S	0.0
Ratnor_ENSRNOP00000016982	Mmus_ENSMUSP00000022023	99.0	S	0.0
Ratnor_ENSRNOP00000039981	Hsap_ENSP00000434121	100.0	S	0.0
Ratnor_ENSRNOP00000039981	Pantro_ENSPTRP00000042955	100.0	S	0.0
Mmus_ENSMUSP00000009390	Hsap_ENSP00000434121	100.0	S	0.0
Mmus_ENSMUSP00000009390	Pantro_ENSPTRP00000042955	100.0	S	0.0
Drer_ENSDARP00000086924	Drer_ENSDARP00000087119	100.0	D	1.0
Drer_ENSDARP00000086924	Drer_ENSDARP00000140015	100.0	D	1.0
Hsap_ENSP00000252826	Pantro_ENSPTRP00000019370	100.0	S	0.0
Hsap_ENSP00000252826	Pantro_ENSPTRP00000062116	100.0	S	0.0
Mondom_ENSMODP00000045408	Pantro_ENSPTRP00000070498	84.0	S	0.0
Mondom_ENSMODP00000045408	Canfam_ENSCAFP00000017598	84.0	S	0.0
Mondom_ENSMODP00000045408	Pantro_ENSPTRP00000075068	84.0	S	0.0
Mondom_ENSMODP00000045408	Ratnor_ENSRNOP00000025879	84.0	S	0.0
Mondom_ENSMODP00000045408	Mmus_ENSMUSP00000108739	84.0	S	0.0
Mondom_ENSMODP00000045408	Hsap_ENSP00000323926	84.0	S	0.0
Mondom_ENSMODP00000003817	Ratnor_ENSRNOP00000001631	100.0	S	0.0
Mondom_ENSMODP00000003817	Canfam_ENSCAFP00000016194	100.0	S	0.0
Mondom_ENSMODP00000003817	Pantro_ENSPTRP00000067793	100.0	S	0.0
Mondom_ENSMODP00000003817	Hsap_ENSP00000381026	100.0	S	0.0
Mondom_ENSMODP00000003817	Mmus_ENSMUSP00000101040	100.0	S	0.0
Mondom_ENSMODP00000003817	Canfam_ENSCAFP00000039546	100.0	S	0.0
Tetnig_ENSTNIP00000002557	Galgal_ENSGALP00000024411	100.0	S	0.0
Tetnig_ENSTNIP00000002557	Mondom_ENSMODP00000056536	100.0	S	0.0
Tetnig_ENSTNIP00000002557	Ratnor_ENSRNOP00000017892	100.0	S	0.0
Tetnig_ENSTNIP00000002557	Hsap_ENSP00000354006	100.0	S	0.0
Tetnig_ENSTNIP00000002557	Mmus_ENSMUSP00000037443	100.0	S	0.0
Tetnig_ENSTNIP00000002557	Canfam_ENSCAFP00000002558	100.0	S	0.0
Tetnig_ENSTNIP00000002557	Pantro_ENSPTRP00000088270	100.0	S	0.0
Drer_ENSDARP00000132448	Galgal_ENSGALP00000024411	100.0	S	0.0
Drer_ENSDARP00000132448	Mondom_ENSMODP00000056536	100.0	S	0.0
Drer_ENSDARP00000132448	Ratnor_ENSRNOP00000017892	100.0	S	0.0
Drer_ENSDARP00000132448	Hsap_ENSP00000354006	100.0	S	0.0
Drer_ENSDARP00000132448	Mmus_ENSMUSP00000037443	100.0	S	0.0
Drer_ENSDARP00000132448	Canfam_ENSCAFP00000002558	100.0	S	0.0
Drer_ENSDARP00000132448	Pantro_ENSPTRP00000088270	100.0	S	0.0
Drer_ENSDARP00000145809	Ratnor_ENSRNOP00000070727	100.0	S	0.0
Drer_ENSDARP00000145809	Pantro_ENSPTRP00000012085	100.0	S	0.0
Drer_ENSDARP00000145809	Mondom_ENSMODP00000002675	100.0	S	0.0
Drer_ENSDARP00000145809	Galgal_ENSGALP00000037979	100.0	S	0.0
Drer_ENSDARP00000145809	Hsap_ENSP00000495860	100.0	S	0.0
Drer_ENSDARP00000145809	Mmus_ENSMUSP00000099513	100.0	S	0.0
Drer_ENSDARP00000145809	Canfam_ENSCAFP00000022528	100.0	S	0.0
Tetnig_ENSTNIP00000000145	Ratnor_ENSRNOP00000070727	100.0	S	0.0
Tetnig_ENSTNIP00000000145	Pantro_ENSPTRP00000012085	100.0	S	0.0
Tetnig_ENSTNIP00000000145	Mondom_ENSMODP00000002675	100.0	S	0.0
Tetnig_ENSTNIP00000000145	Galgal_ENSGALP00000037979	100.0	S	0.0
Tetnig_ENSTNIP00000000145	Hsap_ENSP00000495860	100.0	S	0.0
Tetnig_ENSTNIP00000000145	Mmus_ENSMUSP00000099513	100.0	S	0.0
Tetnig_ENSTNIP00000000145	Canfam_ENSCAFP00000022528	100.0	S	0.0
Tetnig_ENSTNIP00000006495	Mondom_ENSMODP00000046838	100.0	S	0.0
Tetnig_ENSTNIP00000006495	Mmus_ENSMUSP00000158045	100.0	S	0.0
Tetnig_ENSTNIP00000006495	Galgal_ENSGALP00000049900	100.0	S	0.0
Tetnig_ENSTNIP00000006495	Canfam_ENSCAFP00000057849	100.0	S	0.0
Tetnig_ENSTNIP00000006495	Ratnor_ENSRNOP00000018521	100.0	S	0.0
Tetnig_ENSTNIP00000006495	Pantro_ENSPTRP00000090282	100.0	S	0.0
Tetnig_ENSTNIP00000006495	Hsap_ENSP00000350140	100.0	S	0.0
Drer_ENSDARP00000123466	Mondom_ENSMODP00000046838	100.0	S	0.0
Drer_ENSDARP00000123466	Mmus_ENSMUSP00000158045	100.0	S	0.0
Drer_ENSDARP00000123466	Galgal_ENSGALP00000049900	100.0	S	0.0
Drer_ENSDARP00000123466	Canfam_ENSCAFP00000057849	100.0	S	0.0
Drer_ENSDARP00000123466	Ratnor_ENSRNOP00000018521	100.0	S	0.0
Drer_ENSDARP00000123466	Pantro_ENSPTRP00000090282	100.0	S	0.0
Drer_ENSDARP00000123466	Hsap_ENSP00000350140	100.0	S	0.0
Drer_ENSDARP00000133282	Ratnor_ENSRNOP00000021262	100.0	S	0.0
Drer_ENSDARP00000133282	Hsap_ENSP00000480586	100.0	S	0.0
Drer_ENSDARP00000133282	Galgal_ENSGALP00000006104	100.0	S	0.0
Drer_ENSDARP00000133282	Canfam_ENSCAFP00000035825	100.0	S	0.0
Drer_ENSDARP00000133282	Mondom_ENSMODP00000060432	100.0	S	0.0
Drer_ENSDARP00000133282	Hsap_ENSP00000437849	100.0	S	0.0
Drer_ENSDARP00000133282	Mmus_ENSMUSP00000146226	100.0	S	0.0
Drer_ENSDARP00000133282	Pantro_ENSPTRP00000065010	100.0	S	0.0
Drer_ENSDARP00000157514	Ratnor_ENSRNOP00000021262	100.0	S	0.0
Drer_ENSDARP00000157514	Hsap_ENSP00000480586	100.0	S	0.0
Drer_ENSDARP00000157514	Galgal_ENSGALP00000006104	100.0	S	0.0
Drer_ENSDARP00000157514	Canfam_ENSCAFP00000035825	100.0	S	0.0
Drer_ENSDARP00000157514	Mondom_ENSMODP00000060432	100.0	S	0.0
Drer_ENSDARP00000157514	Hsap_ENSP00000437849	100.0	S	0.0
Drer_ENSDARP00000157514	Mmus_ENSMUSP00000146226	100.0	S	0.0
Drer_ENSDARP00000157514	Pantro_ENSPTRP00000065010	100.0	S	0.0
Tetnig_ENSTNIP00000013119	Ratnor_ENSRNOP00000021262	100.0	S	0.0
Tetnig_ENSTNIP00000013119	Hsap_ENSP00000480586	100.0	S	0.0
Tetnig_ENSTNIP00000013119	Galgal_ENSGALP00000006104	100.0	S	0.0
Tetnig_ENSTNIP00000013119	Canfam_ENSCAFP00000035825	100.0	S	0.0
Tetnig_ENSTNIP00000013119	Mondom_ENSMODP00000060432	100.0	S	0.0
Tetnig_ENSTNIP00000013119	Hsap_ENSP00000437849	100.0	S	0.0
Tetnig_ENSTNIP00000013119	Mmus_ENSMUSP00000146226	100.0	S	0.0
Tetnig_ENSTNIP00000013119	Pantro_ENSPTRP00000065010	100.0	S	0.0
Drer_ENSDARP00000052583	Ratnor_ENSRNOP00000021262	100.0	S	0.0
Drer_ENSDARP00000052583	Hsap_ENSP00000480586	100.0	S	0.0
Drer_ENSDARP00000052583	Galgal_ENSGALP00000006104	100.0	S	0.0
Drer_ENSDARP00000052583	Canfam_ENSCAFP00000035825	100.0	S	0.0
Drer_ENSDARP00000052583	Mondom_ENSMODP00000060432	100.0	S	0.0
Drer_ENSDARP00000052583	Hsap_ENSP00000437849	100.0	S	0.0
Drer_ENSDARP00000052583	Mmus_ENSMUSP00000146226	100.0	S	0.0
Drer_ENSDARP00000052583	Pantro_ENSPTRP00000065010	100.0	S	0.0
Tetnig_ENSTNIP00000011233	Ratnor_ENSRNOP00000021262	100.0	S	0.0
Tetnig_ENSTNIP00000011233	Hsap_ENSP00000480586	100.0	S	0.0
Tetnig_ENSTNIP00000011233	Galgal_ENSGALP00000006104	100.0	S	0.0
Tetnig_ENSTNIP00000011233	Canfam_ENSCAFP00000035825	100.0	S	0.0
Tetnig_ENSTNIP00000011233	Mondom_ENSMODP00000060432	100.0	S	0.0
Tetnig_ENSTNIP00000011233	Hsap_ENSP00000437849	100.0	S	0.0
Tetnig_ENSTNIP00000011233	Mmus_ENSMUSP00000146226	100.0	S	0.0
Tetnig_ENSTNIP00000011233	Pantro_ENSPTRP00000065010	100.0	S	0.0
Drer_ENSDARP00000151529	Ratnor_ENSRNOP00000021262	100.0	S	0.0
Drer_ENSDARP00000151529	Hsap_ENSP00000480586	100.0	S	0.0
Drer_ENSDARP00000151529	Galgal_ENSGALP00000006104	100.0	S	0.0
Drer_ENSDARP00000151529	Canfam_ENSCAFP00000035825	100.0	S	0.0
Drer_ENSDARP00000151529	Mondom_ENSMODP00000060432	100.0	S	0.0
Drer_ENSDARP00000151529	Hsap_ENSP00000437849	100.0	S	0.0
Drer_ENSDARP00000151529	Mmus_ENSMUSP00000146226	100.0	S	0.0
Drer_ENSDARP00000151529	Pantro_ENSPTRP00000065010	100.0	S	0.0
Ratnor_ENSRNOP00000039981	Mmus_ENSMUSP00000009390	100.0	S	0.0
Pantro_ENSPTRP00000042955	Hsap_ENSP00000434121	100.0	S	0.0
Drer_ENSDARP00000087119	Drer_ENSDARP00000140015	79.0	D	1.0
Pantro_ENSPTRP00000019370	Pantro_ENSPTRP00000062116	100.0	D	1.0
Canfam_ENSCAFP00000017598	Pantro_ENSPTRP00000070498	73.0	S	0.0
Canfam_ENSCAFP00000017598	Pantro_ENSPTRP00000075068	73.0	S	0.0
Canfam_ENSCAFP00000017598	Ratnor_ENSRNOP00000025879	73.0	S	0.0
Canfam_ENSCAFP00000017598	Mmus_ENSMUSP00000108739	73.0	S	0.0
Canfam_ENSCAFP00000017598	Hsap_ENSP00000323926	73.0	S	0.0
Canfam_ENSCAFP00000016194	Ratnor_ENSRNOP00000001631	100.0	S	0.0
Canfam_ENSCAFP00000016194	Hsap_ENSP00000381026	100.0	S	0.0
Canfam_ENSCAFP00000016194	Mmus_ENSMUSP00000101040	100.0	S	0.0
Canfam_ENSCAFP00000016194	Pantro_ENSPTRP00000067793	100.0	S	0.0
Canfam_ENSCAFP00000039546	Ratnor_ENSRNOP00000001631	100.0	S	0.0
Canfam_ENSCAFP00000039546	Hsap_ENSP00000381026	100.0	S	0.0
Canfam_ENSCAFP00000039546	Mmus_ENSMUSP00000101040	100.0	S	0.0
Canfam_ENSCAFP00000039546	Pantro_ENSPTRP00000067793	100.0	S	0.0
Drer_ENSDARP00000132448	Tetnig_ENSTNIP00000002557	100.0	S	0.0
Galgal_ENSGALP00000024411	Mondom_ENSMODP00000056536	100.0	S	0.0
Galgal_ENSGALP00000024411	Ratnor_ENSRNOP00000017892	100.0	S	0.0
Galgal_ENSGALP00000024411	Hsap_ENSP00000354006	100.0	S	0.0
Galgal_ENSGALP00000024411	Mmus_ENSMUSP00000037443	100.0	S	0.0
Galgal_ENSGALP00000024411	Canfam_ENSCAFP00000002558	100.0	S	0.0
Galgal_ENSGALP00000024411	Pantro_ENSPTRP00000088270	100.0	S	0.0
Drer_ENSDARP00000145809	Tetnig_ENSTNIP00000000145	100.0	S	0.0
Galgal_ENSGALP00000037979	Ratnor_ENSRNOP00000070727	100.0	S	0.0
Galgal_ENSGALP00000037979	Pantro_ENSPTRP00000012085	100.0	S	0.0
Galgal_ENSGALP00000037979	Mondom_ENSMODP00000002675	100.0	S	0.0
Galgal_ENSGALP00000037979	Hsap_ENSP00000495860	100.0	S	0.0
Galgal_ENSGALP00000037979	Mmus_ENSMUSP00000099513	100.0	S	0.0
Galgal_ENSGALP00000037979	Canfam_ENSCAFP00000022528	100.0	S	0.0
Drer_ENSDARP00000123466	Tetnig_ENSTNIP00000006495	100.0	S	0.0
Galgal_ENSGALP00000049900	Mondom_ENSMODP00000046838	100.0	S	0.0
Galgal_ENSGALP00000049900	Mmus_ENSMUSP00000158045	100.0	S	0.0
Galgal_ENSGALP00000049900	Canfam_ENSCAFP00000057849	100.0	S	0.0
Galgal_ENSGALP00000049900	Ratnor_ENSRNOP00000018521	100.0	S	0.0
Galgal_ENSGALP00000049900	Pantro_ENSPTRP00000090282	100.0	S	0.0
Galgal_ENSGALP00000049900	Hsap_ENSP00000350140	100.0	S	0.0
Galgal_ENSGALP00000006104	Ratnor_ENSRNOP00000021262	100.0	S	0.0
Galgal_ENSGALP00000006104	Hsap_ENSP00000480586	100.0	S	0.0
Galgal_ENSGALP00000006104	Canfam_ENSCAFP00000035825	100.0	S	0.0
Galgal_ENSGALP00000006104	Mondom_ENSMODP00000060432	100.0	S	0.0
Galgal_ENSGALP00000006104	Hsap_ENSP00000437849	100.0	S	0.0
Galgal_ENSGALP00000006104	Mmus_ENSMUSP00000146226	100.0	S	0.0
Galgal_ENSGALP00000006104	Pantro_ENSPTRP00000065010	100.0	S	0.0
Mmus_ENSMUSP00000108739	Pantro_ENSPTRP00000070498	72.0	S	0.0
Mmus_ENSMUSP00000108739	Pantro_ENSPTRP00000075068	72.0	S	0.0
Mmus_ENSMUSP00000108739	Hsap_ENSP00000323926	72.0	S	0.0
Ratnor_ENSRNOP00000025879	Pantro_ENSPTRP00000070498	72.0	S	0.0
Ratnor_ENSRNOP00000025879	Pantro_ENSPTRP00000075068	72.0	S	0.0
Ratnor_ENSRNOP00000025879	Hsap_ENSP00000323926	72.0	S	0.0
Canfam_ENSCAFP00000039546	Canfam_ENSCAFP00000016194	100.0	D	1.0
Ratnor_ENSRNOP00000001631	Hsap_ENSP00000381026	100.0	S	0.0
Ratnor_ENSRNOP00000001631	Pantro_ENSPTRP00000067793	100.0	S	0.0
Mmus_ENSMUSP00000101040	Hsap_ENSP00000381026	100.0	S	0.0
Mmus_ENSMUSP00000101040	Pantro_ENSPTRP00000067793	100.0	S	0.0
Mondom_ENSMODP00000056536	Ratnor_ENSRNOP00000017892	100.0	S	0.0
Mondom_ENSMODP00000056536	Hsap_ENSP00000354006	100.0	S	0.0
Mondom_ENSMODP00000056536	Mmus_ENSMUSP00000037443	100.0	S	0.0
Mondom_ENSMODP00000056536	Canfam_ENSCAFP00000002558	100.0	S	0.0
Mondom_ENSMODP00000056536	Pantro_ENSPTRP00000088270	100.0	S	0.0
Mondom_ENSMODP00000002675	Ratnor_ENSRNOP00000070727	100.0	S	0.0
Mondom_ENSMODP00000002675	Pantro_ENSPTRP00000012085	100.0	S	0.0
Mondom_ENSMODP00000002675	Hsap_ENSP00000495860	100.0	S	0.0
Mondom_ENSMODP00000002675	Mmus_ENSMUSP00000099513	100.0	S	0.0
Mondom_ENSMODP00000002675	Canfam_ENSCAFP00000022528	100.0	S	0.0
Mmus_ENSMUSP00000158045	Pantro_ENSPTRP00000090282	100.0	S	0.0
Mmus_ENSMUSP00000158045	Hsap_ENSP00000350140	100.0	S	0.0
Mmus_ENSMUSP00000158045	Canfam_ENSCAFP00000057849	100.0	S	0.0
Mmus_ENSMUSP00000158045	Mondom_ENSMODP00000046838	100.0	S	0.0
Ratnor_ENSRNOP00000018521	Pantro_ENSPTRP00000090282	100.0	S	0.0
Ratnor_ENSRNOP00000018521	Hsap_ENSP00000350140	100.0	S	0.0
Ratnor_ENSRNOP00000018521	Canfam_ENSCAFP00000057849	100.0	S	0.0
Ratnor_ENSRNOP00000018521	Mondom_ENSMODP00000046838	100.0	S	0.0
Drer_ENSDARP00000133282	Tetnig_ENSTNIP00000011233	100.0	S	0.0
Tetnig_ENSTNIP00000013119	Drer_ENSDARP00000052583	100.0	S	0.0
Tetnig_ENSTNIP00000013119	Drer_ENSDARP00000157514	100.0	S	0.0
Tetnig_ENSTNIP00000013119	Drer_ENSDARP00000151529	100.0	S	0.0
Mondom_ENSMODP00000060432	Ratnor_ENSRNOP00000021262	100.0	S	0.0
Mondom_ENSMODP00000060432	Hsap_ENSP00000480586	100.0	S	0.0
Mondom_ENSMODP00000060432	Canfam_ENSCAFP00000035825	100.0	S	0.0
Mondom_ENSMODP00000060432	Hsap_ENSP00000437849	100.0	S	0.0
Mondom_ENSMODP00000060432	Mmus_ENSMUSP00000146226	100.0	S	0.0
Mondom_ENSMODP00000060432	Pantro_ENSPTRP00000065010	100.0	S	0.0
Ratnor_ENSRNOP00000025879	Mmus_ENSMUSP00000108739	100.0	S	0.0
Mmus_ENSMUSP00000101040	Ratnor_ENSRNOP00000001631	100.0	S	0.0
Hsap_ENSP00000381026	Pantro_ENSPTRP00000067793	100.0	S	0.0
Canfam_ENSCAFP00000002558	Ratnor_ENSRNOP00000017892	100.0	S	0.0
Canfam_ENSCAFP00000002558	Hsap_ENSP00000354006	100.0	S	0.0
Canfam_ENSCAFP00000002558	Pantro_ENSPTRP00000088270	100.0	S	0.0
Canfam_ENSCAFP00000002558	Mmus_ENSMUSP00000037443	100.0	S	0.0
Mmus_ENSMUSP00000099513	Pantro_ENSPTRP00000012085	100.0	S	0.0
Mmus_ENSMUSP00000099513	Hsap_ENSP00000495860	100.0	S	0.0
Mmus_ENSMUSP00000099513	Canfam_ENSCAFP00000022528	100.0	S	0.0
Ratnor_ENSRNOP00000070727	Pantro_ENSPTRP00000012085	100.0	S	0.0
Ratnor_ENSRNOP00000070727	Hsap_ENSP00000495860	100.0	S	0.0
Ratnor_ENSRNOP00000070727	Canfam_ENSCAFP00000022528	100.0	S	0.0
Mmus_ENSMUSP00000158045	Ratnor_ENSRNOP00000018521	100.0	S	0.0
Canfam_ENSCAFP00000057849	Hsap_ENSP00000350140	83.0	S	0.0
Canfam_ENSCAFP00000057849	Pantro_ENSPTRP00000090282	83.0	S	0.0
Mondom_ENSMODP00000046838	Hsap_ENSP00000350140	83.0	S	0.0
Mondom_ENSMODP00000046838	Pantro_ENSPTRP00000090282	83.0	S	0.0
Drer_ENSDARP00000151529	Drer_ENSDARP00000052583	100.0	D	1.0
Drer_ENSDARP00000151529	Drer_ENSDARP00000157514	100.0	D	1.0
Canfam_ENSCAFP00000035825	Ratnor_ENSRNOP00000021262	100.0	S	0.0
Canfam_ENSCAFP00000035825	Hsap_ENSP00000480586	100.0	S	0.0
Canfam_ENSCAFP00000035825	Hsap_ENSP00000437849	100.0	S	0.0
Canfam_ENSCAFP00000035825	Mmus_ENSMUSP00000146226	100.0	S	0.0
Canfam_ENSCAFP00000035825	Pantro_ENSPTRP00000065010	100.0	S	0.0
Hsap_ENSP00000323926	Pantro_ENSPTRP00000075068	100.0	S	0.0
Ratnor_ENSRNOP00000017892	Hsap_ENSP00000354006	100.0	S	0.0
Ratnor_ENSRNOP00000017892	Pantro_ENSPTRP00000088270	100.0	S	0.0
Mmus_ENSMUSP00000037443	Hsap_ENSP00000354006	100.0	S	0.0
Mmus_ENSMUSP00000037443	Pantro_ENSPTRP00000088270	100.0	S	0.0
Mmus_ENSMUSP00000099513	Ratnor_ENSRNOP00000070727	100.0	S	0.0
Canfam_ENSCAFP00000022528	Pantro_ENSPTRP00000012085	100.0	S	0.0
Canfam_ENSCAFP00000022528	Hsap_ENSP00000495860	100.0	S	0.0
Canfam_ENSCAFP00000057849	Mondom_ENSMODP00000046838	83.0	S	0.0
Hsap_ENSP00000350140	Pantro_ENSPTRP00000090282	100.0	S	0.0
Drer_ENSDARP00000052583	Drer_ENSDARP00000157514	1.0	D	1.0
Mmus_ENSMUSP00000146226	Hsap_ENSP00000437849	100.0	S	0.0
Mmus_ENSMUSP00000146226	Hsap_ENSP00000480586	100.0	S	0.0
Mmus_ENSMUSP00000146226	Pantro_ENSPTRP00000065010	100.0	S	0.0
Ratnor_ENSRNOP00000021262	Hsap_ENSP00000437849	100.0	S	0.0
Ratnor_ENSRNOP00000021262	Hsap_ENSP00000480586	100.0	S	0.0
Ratnor_ENSRNOP00000021262	Pantro_ENSPTRP00000065010	100.0	S	0.0
Mmus_ENSMUSP00000037443	Ratnor_ENSRNOP00000017892	100.0	S	0.0
Hsap_ENSP00000354006	Pantro_ENSPTRP00000088270	100.0	S	0.0
Hsap_ENSP00000495860	Pantro_ENSPTRP00000012085	100.0	S	0.0
Mmus_ENSMUSP00000146226	Ratnor_ENSRNOP00000021262	100.0	S	0.0
Pantro_ENSPTRP00000065010	Hsap_ENSP00000437849	100.0	S	0.0
Pantro_ENSPTRP00000065010	Hsap_ENSP00000480586	100.0	S	0.0
Hsap_ENSP00000437849	Hsap_ENSP00000480586	100.0	D	1.0
