gene	orthogroup	orthogroup_support	reference_ortholog	reference_support
Bralan_BL05428_evm0	RefOG060_it20_f0.0	17.0		
Bralan_BL11038_evm7	RefOG060_it20_f0.0	17.0		
Bralan_BL95139_evm1	RefOG060_it20_f0.0	17.0		
Mondom_ENSMODP00000048405	RefOG060_it20_f0.1	100.0		
Pantro_ENSPTRP00000084208	RefOG060_it20_f0.1	100.0		
Mmus_ENSMUSP00000068946	RefOG060_it20_f0.1	100.0		
Hsap_ENSP00000221978	RefOG060_it20_f0.1	100.0		
Ratnor_ENSRNOP00000023942	RefOG060_it20_f0.1	100.0		
Cint_ENSCINP00000020062	RefOG060_it20_f0.2	13.0		
Hsap_ENSP00000221973	RefOG060_it20_f0.2	13.0		
Drer_ENSDARP00000149267	RefOG060_it20_f0.2	13.0		
Drer_ENSDARP00000124893	RefOG060_it20_f0.2	13.0		
Tetnig_ENSTNIP00000012974	RefOG060_it20_f0.2	13.0		
Bralan_BL17582_evm0	RefOG060_it20_f0.2	13.0		
Canfam_ENSCAFP00000004207	RefOG060_it20_f0.2	13.0		
Drer_ENSDARP00000119337	RefOG060_it20_f0.2	13.0		
Tetnig_ENSTNIP00000004298	RefOG060_it20_f0.2	13.0		
Ratnor_ENSRNOP00000023858	RefOG060_it20_f0.2	13.0		
Drer_ENSDARP00000076448	RefOG060_it20_f0.2	13.0		
Drer_ENSDARP00000095312	RefOG060_it20_f0.2	13.0		
Tetnig_ENSTNIP00000007757	RefOG060_it20_f0.2	13.0		
Pantro_ENSPTRP00000019552	RefOG060_it20_f0.2	13.0		
Mmus_ENSMUSP00000004732	RefOG060_it20_f0.2	13.0		
Bralan_BL08236_evm1	RefOG060_it20_f0.2	13.0		
Tetnig_ENSTNIP00000019269	RefOG060_it20_f0.2	13.0		
Tetnig_ENSTNIP00000015060	RefOG060_it20_f0.2	13.0		
Mondom_ENSMODP00000026044	RefOG060_it20_f0.2	13.0		
Drer_ENSDARP00000152533	RefOG060_it20_f0.2	13.0		
Cint_ENSCINP00000016980	RefOG060_it20_f0.3	64.0		
Pantro_ENSPTRP00000019269	RefOG060_it20_f0.3	64.0		
Canfam_ENSCAFP00000005987	RefOG060_it20_f0.3	64.0		
Tetnig_ENSTNIP00000007603	RefOG060_it20_f0.3	64.0		
Ratnor_ENSRNOP00000003615	RefOG060_it20_f0.3	64.0		
Hsap_ENSP00000352540	RefOG060_it20_f0.3	64.0		
Hsap_ENSP00000256951	RefOG060_it20_f0.3	64.0		
Drer_ENSDARP00000118196	RefOG060_it20_f0.3	64.0		
Drer_ENSDARP00000131974	RefOG060_it20_f0.3	64.0		
Ratnor_ENSRNOP00000011580	RefOG060_it20_f0.3	64.0		
Mmus_ENSMUSP00000037289	RefOG060_it20_f0.3	64.0		
Galgal_ENSGALP00000067000	RefOG060_it20_f0.3	64.0		
Hsap_ENSP00000270221	RefOG060_it20_f0.3	64.0		
Mondom_ENSMODP00000022708	RefOG060_it20_f0.3	64.0		
Drer_ENSDARP00000149890	RefOG060_it20_f0.3	64.0		
Canfam_ENSCAFP00000064666	RefOG060_it20_f0.3	64.0		
Pantro_ENSPTRP00000090573	RefOG060_it20_f0.3	64.0		
Canfam_ENSCAFP00000059735	RefOG060_it20_f0.3	64.0		
Tetnig_ENSTNIP00000009958	RefOG060_it20_f0.3	64.0		
Mmus_ENSMUSP00000145069	RefOG060_it20_f0.3	64.0		
Galgal_ENSGALP00000029983	RefOG060_it20_f0.3	64.0		
Galgal_ENSGALP00000050837	RefOG060_it20_f0.3	64.0		
Drer_ENSDARP00000139843	RefOG060_it20_f0.3	64.0		
Mmus_ENSMUSP00000077466	RefOG060_it20_f0.3	64.0		
Mondom_ENSMODP00000042964	RefOG060_it20_f0.3	64.0		
Ratnor_ENSRNOP00000028656	RefOG060_it20_f0.3	64.0		
Pantro_ENSPTRP00000008059	RefOG060_it20_f0.3	64.0		
Drer_ENSDARP00000065494	RefOG060_it20_f0.3	64.0		
Cint_ENSCINP00000035828	RefOG060_it20_f0.3	64.0		
Cint_ENSCINP00000023862	RefOG060_it20_f0.3	64.0		
Drer_ENSDARP00000128288	RefOG060_it20_f0.4	100.0		
Tetnig_ENSTNIP00000020406	RefOG060_it20_f0.4	100.0		
Drer_ENSDARP00000140824	RefOG060_it20_f0.5	100.0		
Mmus_ENSMUSP00000035048	RefOG060_it20_f0.5	100.0		
Canfam_ENSCAFP00000039672	RefOG060_it20_f0.5	100.0		
Galgal_ENSGALP00000010630	RefOG060_it20_f0.5	100.0		
Hsap_ENSP00000340939	RefOG060_it20_f0.5	100.0		
Ratnor_ENSRNOP00000046247	RefOG060_it20_f0.5	100.0		
Mondom_ENSMODP00000023134	RefOG060_it20_f0.5	100.0		
Pantro_ENSPTRP00000085412	RefOG060_it20_f0.5	100.0		
Bralan_BL08102_cuf0	RefOG060_it20_f0.6	100.0		
Tetnig_ENSTNIP00000008374	RefOG060_it20_f0.6	100.0		
Mmus_ENSMUSP00000085022	RefOG060_it20_f0.6	100.0		
Pantro_ENSPTRP00000056662	RefOG060_it20_f0.6	100.0		
Tetnig_ENSTNIP00000015037	RefOG060_it20_f0.6	100.0		
Galgal_ENSGALP00000021478	RefOG060_it20_f0.6	100.0		
Drer_ENSDARP00000055464	RefOG060_it20_f0.6	100.0		
Galgal_ENSGALP00000052741	RefOG060_it20_f0.6	100.0		
Tetnig_ENSTNIP00000013779	RefOG060_it20_f0.6	100.0		
Hsap_ENSP00000465978	RefOG060_it20_f0.6	100.0		
Canfam_ENSCAFP00000058406	RefOG060_it20_f0.6	100.0		
Pantro_ENSPTRP00000053658	RefOG060_it20_f0.6	100.0		
Hsap_ENSP00000394954	RefOG060_it20_f0.6	100.0		
Pantro_ENSPTRP00000008055	RefOG060_it20_f0.6	100.0		
Ratnor_ENSRNOP00000011295	RefOG060_it20_f0.6	100.0		
Tetnig_ENSTNIP00000014194	RefOG060_it20_f0.6	100.0		
Drer_ENSDARP00000066573	RefOG060_it20_f0.6	100.0		
Drer_ENSDARP00000117457	RefOG060_it20_f0.6	100.0		
Mondom_ENSMODP00000035664	RefOG060_it20_f0.6	100.0		
Mmus_ENSMUSP00000137895	RefOG060_it20_f0.6	100.0		
Tetnig_ENSTNIP00000000630	RefOG060_it20_f0.6	100.0		
Drer_ENSDARP00000054407	RefOG060_it20_f0.6	100.0		
Mmus_ENSMUSP00000073591	RefOG060_it20_f0.6	100.0		
Galgal_ENSGALP00000019237	RefOG060_it20_f0.6	100.0		
Hsap_ENSP00000498528	RefOG060_it20_f0.6	100.0		
Drer_ENSDARP00000117424	RefOG060_it20_f0.6	100.0		
Tetnig_ENSTNIP00000009655	RefOG060_it20_f0.6	100.0		
Tetnig_ENSTNIP00000010935	RefOG060_it20_f0.6	100.0		
Mondom_ENSMODP00000055341	RefOG060_it20_f0.6	100.0		
Bralan_BL02025_evm0	RefOG060_it20_f0.6	100.0		
Cint_ENSCINP00000022584	RefOG060_it20_f0.7	69.0		
Galgal_ENSGALP00000058205	RefOG060_it20_f0.7	69.0		
Drer_ENSDARP00000119475	RefOG060_it20_f0.7	69.0		
Galgal_ENSGALP00000043241	RefOG060_it20_f0.7	69.0		
Ratnor_ENSRNOP00000075354	RefOG060_it20_f0.7	69.0		
Hsap_ENSP00000436836	RefOG060_it20_f0.7	69.0		
Cele_WBGene00007670.1	RefOG060_it20_f0.7	69.0		
Bralan_BL23420_cuf0	RefOG060_it20_f0.7	69.0		
Tetnig_ENSTNIP00000004552	RefOG060_it20_f0.7	69.0		
Hsap_ENSP00000005284	RefOG060_it20_f0.7	69.0		
Mmus_ENSMUSP00000137710	RefOG060_it20_f0.7	69.0		
Drer_ENSDARP00000155289	RefOG060_it20_f0.7	69.0		
Drer_ENSDARP00000099217	RefOG060_it20_f0.7	69.0		
Mondom_ENSMODP00000044818	RefOG060_it20_f0.7	69.0		
Mmus_ENSMUSP00000047888	RefOG060_it20_f0.7	69.0		
Hsap_ENSP00000262138	RefOG060_it20_f0.7	69.0		
Tetnig_ENSTNIP00000008143	RefOG060_it20_f0.7	69.0		
Drer_ENSDARP00000041387	RefOG060_it20_f0.7	69.0		
Tetnig_ENSTNIP00000014563	RefOG060_it20_f0.7	69.0		
Mmus_ENSMUSP00000081664	RefOG060_it20_f0.7	69.0		
Drer_ENSDARP00000098491	RefOG060_it20_f0.7	69.0		
Galgal_ENSGALP00000006216	RefOG060_it20_f0.7	69.0		
Tetnig_ENSTNIP00000010929	RefOG060_it20_f0.7	69.0		
Pantro_ENSPTRP00000016239	RefOG060_it20_f0.7	69.0		
Pantro_ENSPTRP00000048500	RefOG060_it20_f0.7	69.0		
Tetnig_ENSTNIP00000014204	RefOG060_it20_f0.7	69.0		
Drer_ENSDARP00000136308	RefOG060_it20_f0.7	69.0		
Galgal_ENSGALP00000070440	RefOG060_it20_f0.7	69.0		
Tetnig_ENSTNIP00000017140	RefOG060_it20_f0.7	69.0		
Mondom_ENSMODP00000020393	RefOG060_it20_f0.7	69.0		
Canfam_ENSCAFP00000041557	RefOG060_it20_f0.7	69.0		
Canfam_ENSCAFP00000039820	RefOG060_it20_f0.7	69.0		
Ratnor_ENSRNOP00000016632	RefOG060_it20_f0.7	69.0		
Canfam_ENSCAFP00000036147	RefOG060_it20_f0.7	69.0		
Hsap_ENSP00000375647	RefOG060_it20_f0.7	69.0		
Bralan_BL23422_cuf3	RefOG060_it20_f0.7	69.0		
Tetnig_ENSTNIP00000010928	RefOG060_it20_f0.7	69.0		
Ratnor_ENSRNOP00000004383	RefOG060_it20_f0.7	69.0		
Mondom_ENSMODP00000036263	RefOG060_it20_f0.7	69.0		
Galgal_ENSGALP00000072719	RefOG060_it20_f0.7	69.0		
Drer_ENSDARP00000152488	RefOG060_it20_f0.7	69.0		
Pantro_ENSPTRP00000019652	RefOG060_it20_f0.7	69.0		
Tetnig_ENSTNIP00000014905	RefOG060_it20_f0.7	69.0		
Drer_ENSDARP00000122486	RefOG060_it20_f0.7	69.0		
Mmus_ENSMUSP00000021066	RefOG060_it20_f0.7	69.0		
Pantro_ENSPTRP00000013481	RefOG060_it20_f0.7	69.0		
Ratnor_ENSRNOP00000008414	RefOG060_it20_f0.7	69.0		
Pantro_ENSPTRP00000024653	RefOG060_it20_f0.7	69.0		
Dmel_FBpp0076940	RefOG060_it20_f0.7	69.0		
Canfam_ENSCAFP00000066699	RefOG060_it20_f0.7	69.0		
Drer_ENSDARP00000115063	RefOG060_it20_f0.7	69.0		
Hsap_ENSP00000270458	RefOG060_it20_f0.7	69.0		
Tetnig_ENSTNIP00000021357	RefOG060_it20_f0.7	69.0		
Mmus_ENSMUSP00000138618	RefOG060_it20_f0.7	69.0		
Galgal_ENSGALP00000056198	RefOG060_it20_f0.7	69.0		
Mmus_ENSMUSP00000019290	RefOG060_it20_f0.7	69.0		
Ratnor_ENSRNOP00000069074	RefOG060_it20_f0.7	69.0		
Mmus_ENSMUSP00000144569	RefOG060_it20_f0.7	69.0		
Tetnig_ENSTNIP00000021358	RefOG060_it20_f0.7	69.0		
Drer_ENSDARP00000024358	RefOG060_it20_f0.7	69.0		
Cele_WBGene00017400.1	RefOG060_it20_f0.7	69.0		
Mmus_ENSMUSP00000090567	RefOG060_it20_f0.7	69.0		
Drer_ENSDARP00000128562	RefOG060_it20_f0.7	69.0		
Pantro_ENSPTRP00000077368	RefOG060_it20_f0.7	69.0		
Hsap_ENSP00000300105	RefOG060_it20_f0.7	69.0		
Canfam_ENSCAFP00000043873	RefOG060_it20_f0.7	69.0		
Tetnig_ENSTNIP00000000351	RefOG060_it20_f0.7	69.0		
Drer_ENSDARP00000118548	RefOG060_it20_f0.7	69.0		
Tetnig_ENSTNIP00000022009	RefOG060_it20_f0.7	69.0		
Ratnor_ENSRNOP00000004578	RefOG060_it20_f0.7	69.0		
Canfam_ENSCAFP00000061579	RefOG060_it20_f0.7	69.0		
Nvec_EDO37104	RefOG060_it20_f0.8	100.0		
Cint_ENSCINP00000033951	RefOG060_it20_f0.8	100.0		
Galgal_ENSGALP00000042103	RefOG060_it20_f0.8	100.0		
Canfam_ENSCAFP00000019352	RefOG060_it20_f0.8	100.0		
Cele_WBGene00000526.1	RefOG060_it20_f0.9	51.0		
Sman_Smp_051410	RefOG060_it20_f0.9	51.0		
Drer_ENSDARP00000126075	RefOG060_it20_f0.9	51.0		
Ratnor_ENSRNOP00000014795	RefOG060_it20_f0.9	51.0		
Dmel_FBpp0085373	RefOG060_it20_f0.9	51.0		
Nvec_EDO34639	RefOG060_it20_f0.9	51.0		
Nvec_EDO32906	RefOG060_it20_f0.9	51.0		
Dmel_FBpp0076842	RefOG060_it20_f0.9	51.0		
Hsap_ENSP00000425906	RefOG060_it20_f0.9	51.0		
Dmel_FBpp0072300	RefOG060_it20_f0.9	51.0		
Pantro_ENSPTRP00000063825	RefOG060_it20_f0.9	51.0		
Mmus_ENSMUSP00000062239	RefOG060_it20_f0.9	51.0		
Galgal_ENSGALP00000007049	RefOG060_it20_f0.9	51.0		
Mondom_ENSMODP00000024626	RefOG060_it20_f0.9	51.0		
Cint_ENSCINP00000035112	RefOG060_it20_f0.9	51.0		
Dmel_FBpp0290400	RefOG060_it20_f0.10	97.0		
Drer_ENSDARP00000068688	RefOG060_it20_f0.10	97.0		
Tetnig_ENSTNIP00000022978	RefOG060_it20_f0.10	97.0		
Galgal_ENSGALP00000041174	RefOG060_it20_f0.10	97.0		
Mmus_ENSMUSP00000138775	RefOG060_it20_f0.10	97.0		
Hsap_ENSP00000252729	RefOG060_it20_f0.10	97.0		
Mondom_ENSMODP00000004973	RefOG060_it20_f0.10	97.0		
Hsap_ENSP00000226021	RefOG060_it20_f0.10	97.0		
Drer_ENSDARP00000067740	RefOG060_it20_f0.10	97.0		
Pantro_ENSPTRP00000019654	RefOG060_it20_f0.10	97.0		
Ratnor_ENSRNOP00000004349	RefOG060_it20_f0.10	97.0		
Drer_ENSDARP00000028126	RefOG060_it20_f0.10	97.0		
Pantro_ENSPTRP00000078278	RefOG060_it20_f0.10	97.0		
Mmus_ENSMUSP00000021065	RefOG060_it20_f0.10	97.0		
Mmus_ENSMUSP00000138622	RefOG060_it20_f0.10	97.0		
Ratnor_ENSRNOP00000074853	RefOG060_it20_f0.10	97.0		
Pantro_ENSPTRP00000016240	RefOG060_it20_f0.10	97.0		
Tetnig_ENSTNIP00000021356	RefOG060_it20_f0.10	97.0		
Canfam_ENSCAFP00000016742	RefOG060_it20_f0.10	97.0		
Tetnig_ENSTNIP00000014904	RefOG060_it20_f0.10	97.0		
Canfam_ENSCAFP00000052353	RefOG060_it20_f0.10	97.0		
Drer_ENSDARP00000127532	RefOG060_it20_f0.10	97.0		
Tetnig_ENSTNIP00000010930	RefOG060_it20_f0.10	97.0		
Cele_WBGene00018743.1	RefOG060_it20_f0.11	6.0		
Drer_ENSDARP00000068720	RefOG060_it20_f0.11	6.0		
Pantro_ENSPTRP00000073398	RefOG060_it20_f0.11	6.0		
Ratnor_ENSRNOP00000064212	RefOG060_it20_f0.11	6.0		
Mondom_ENSMODP00000059602	RefOG060_it20_f0.11	6.0		
Mondom_ENSMODP00000007172	RefOG060_it20_f0.11	6.0		
Galgal_ENSGALP00000053078	RefOG060_it20_f0.11	6.0		
Drer_ENSDARP00000055527	RefOG060_it20_f0.11	6.0		
Tetnig_ENSTNIP00000015847	RefOG060_it20_f0.11	6.0		
Drer_ENSDARP00000106702	RefOG060_it20_f0.11	6.0		
Ratnor_ENSRNOP00000002260	RefOG060_it20_f0.11	6.0		
Canfam_ENSCAFP00000021765	RefOG060_it20_f0.11	6.0		
Hsap_ENSP00000377735	RefOG060_it20_f0.11	6.0		
Tetnig_ENSTNIP00000008796	RefOG060_it20_f0.11	6.0		
Ratnor_ENSRNOP00000003749	RefOG060_it20_f0.11	6.0		
Tetnig_ENSTNIP00000012665	RefOG060_it20_f0.11	6.0		
Galgal_ENSGALP00000067024	RefOG060_it20_f0.11	6.0		
Hsap_ENSP00000466430	RefOG060_it20_f0.11	6.0		
Mmus_ENSMUSP00000023426	RefOG060_it20_f0.11	6.0		
Drer_ENSDARP00000149250	RefOG060_it20_f0.11	6.0		
Tetnig_ENSTNIP00000004810	RefOG060_it20_f0.11	6.0		
Drer_ENSDARP00000139274	RefOG060_it20_f0.11	6.0		
Galgal_ENSGALP00000056314	RefOG060_it20_f0.11	6.0		
Mmus_ENSMUSP00000023400	RefOG060_it20_f0.11	6.0		
Pantro_ENSPTRP00000060158	RefOG060_it20_f0.11	6.0		
Mmus_ENSMUSP00000091432	RefOG060_it20_f0.11	6.0		
Hsap_ENSP00000484263	RefOG060_it20_f0.11	6.0		
Cint_ENSCINP00000035844	RefOG060_it20_f0.11	6.0		
Canfam_ENSCAFP00000035156	RefOG060_it20_f0.11	6.0		
Pantro_ENSPTRP00000064240	RefOG060_it20_f0.11	6.0		
Dmel_FBpp0309626	RefOG060_it20_f0.11	6.0		
Drer_ENSDARP00000027131	RefOG060_it20_f0.12	97.0		
Ratnor_ENSRNOP00000074628	RefOG060_it20_f0.12	97.0		
Galgal_ENSGALP00000034250	RefOG060_it20_f0.12	97.0		
Mondom_ENSMODP00000018862	RefOG060_it20_f0.12	97.0		
Hsap_ENSP00000264734	RefOG060_it20_f0.12	97.0		
Galgal_ENSGALP00000043026	RefOG060_it20_f0.12	97.0		
Mondom_ENSMODP00000039695	RefOG060_it20_f0.12	97.0		
Mmus_ENSMUSP00000124528	RefOG060_it20_f0.12	97.0		
Pantro_ENSPTRP00000027074	RefOG060_it20_f0.12	97.0		
Canfam_ENSCAFP00000020647	RefOG060_it20_f0.12	97.0		
Drer_ENSDARP00000096562	RefOG060_it20_f0.12	97.0		
Tetnig_ENSTNIP00000009438	RefOG060_it20_f0.12	97.0		
Cint_ENSCINP00000016825	RefOG060_it20_f0.13	91.0		
Canfam_ENSCAFP00000032998	RefOG060_it20_f0.13	91.0		
Pantro_ENSPTRP00000074471	RefOG060_it20_f0.13	91.0		
Tetnig_ENSTNIP00000001550	RefOG060_it20_f0.13	91.0		
Hsap_ENSP00000441283	RefOG060_it20_f0.13	91.0		
Mondom_ENSMODP00000021427	RefOG060_it20_f0.13	91.0		
Mmus_ENSMUSP00000093236	RefOG060_it20_f0.13	91.0		
Mmus_ENSMUSP00000091799	RefOG060_it20_f0.13	91.0		
Tetnig_ENSTNIP00000009092	RefOG060_it20_f0.13	91.0		
Pantro_ENSPTRP00000066658	RefOG060_it20_f0.13	91.0		
Ratnor_ENSRNOP00000002640	RefOG060_it20_f0.13	91.0		
Tetnig_ENSTNIP00000022193	RefOG060_it20_f0.13	91.0		
Drer_ENSDARP00000092862	RefOG060_it20_f0.13	91.0		
Hsap_ENSP00000500298	RefOG060_it20_f0.13	91.0		
Tetnig_ENSTNIP00000017963	RefOG060_it20_f0.13	91.0		
Canfam_ENSCAFP00000023751	RefOG060_it20_f0.13	91.0		
Hsap_ENSP00000378577	RefOG060_it20_f0.13	91.0		
Canfam_ENSCAFP00000045788	RefOG060_it20_f0.13	91.0		
Pantro_ENSPTRP00000027073	RefOG060_it20_f0.13	91.0		
Tetnig_ENSTNIP00000019200	RefOG060_it20_f0.13	91.0		
Mondom_ENSMODP00000037956	RefOG060_it20_f0.13	91.0		
Canfam_ENSCAFP00000044590	RefOG060_it20_f0.13	91.0		
Hsap_ENSP00000296387	RefOG060_it20_f0.13	91.0		
Pantro_ENSPTRP00000001060	RefOG060_it20_f0.13	91.0		
Mondom_ENSMODP00000034570	RefOG060_it20_f0.13	91.0		
Ratnor_ENSRNOP00000069209	RefOG060_it20_f0.13	91.0		
Drer_ENSDARP00000071321	RefOG060_it20_f0.13	91.0		
Pantro_ENSPTRP00000014788	RefOG060_it20_f0.13	91.0		
Ratnor_ENSRNOP00000004845	RefOG060_it20_f0.13	91.0		
Ratnor_ENSRNOP00000064048	RefOG060_it20_f0.13	91.0		
Pantro_ENSPTRP00000075027	RefOG060_it20_f0.13	91.0		
Tetnig_ENSTNIP00000022196	RefOG060_it20_f0.13	91.0		
Hsap_ENSP00000353475	RefOG060_it20_f0.13	91.0		
Hsap_ENSP00000380131	RefOG060_it20_f0.13	91.0		
Tetnig_ENSTNIP00000019203	RefOG060_it20_f0.13	91.0		
Pantro_ENSPTRP00000078699	RefOG060_it20_f0.13	91.0		
Ratnor_ENSRNOP00000063353	RefOG060_it20_f0.13	91.0		
Mmus_ENSMUSP00000024699	RefOG060_it20_f0.13	91.0		
Mondom_ENSMODP00000020578	RefOG060_it20_f0.13	91.0		
Drer_ENSDARP00000155714	RefOG060_it20_f0.13	91.0		
Drer_ENSDARP00000065460	RefOG060_it20_f0.13	91.0		
Tetnig_ENSTNIP00000019205	RefOG060_it20_f0.13	91.0		
Mondom_ENSMODP00000045435	RefOG060_it20_f0.13	91.0		
Pantro_ENSPTRP00000088119	RefOG060_it20_f0.13	91.0		
Drer_ENSDARP00000002797	RefOG060_it20_f0.13	91.0		
Mmus_ENSMUSP00000104238	RefOG060_it20_f0.13	91.0		
Mmus_ENSMUSP00000109688	RefOG060_it20_f0.13	91.0		
Tetnig_ENSTNIP00000022195	RefOG060_it20_f0.13	91.0		
Tetnig_ENSTNIP00000022197	RefOG060_it20_f0.13	91.0		
Mmus_ENSMUSP00000041925	RefOG060_it20_f0.13	91.0		
Drer_ENSDARP00000149154	RefOG060_it20_f0.13	91.0		
Galgal_ENSGALP00000071670	RefOG060_it20_f0.13	91.0		
Drer_ENSDARP00000116125	RefOG060_it20_f0.13	91.0		
Mmus_ENSMUSP00000053420	RefOG060_it20_f0.13	91.0		
Galgal_ENSGALP00000011818	RefOG060_it20_f0.13	91.0		
Pantro_ENSPTRP00000047930	RefOG060_it20_f0.13	91.0		
Ratnor_ENSRNOP00000004848	RefOG060_it20_f0.13	91.0		
Drer_ENSDARP00000024291	RefOG060_it20_f0.13	91.0		
Canfam_ENSCAFP00000018445	RefOG060_it20_f0.13	91.0		
Canfam_ENSCAFP00000028558	RefOG060_it20_f0.13	91.0		
Galgal_ENSGALP00000043047	RefOG060_it20_f0.13	91.0		
Mondom_ENSMODP00000002737	RefOG060_it20_f0.13	91.0		
Ratnor_ENSRNOP00000050261	RefOG060_it20_f0.13	91.0		
Hsap_ENSP00000295522	RefOG060_it20_f0.13	91.0		
Tetnig_ENSTNIP00000000605	RefOG060_it20_f0.13	91.0		
Galgal_ENSGALP00000041235	RefOG060_it20_f0.13	91.0		
Tetnig_ENSTNIP00000022192	RefOG060_it20_f0.13	91.0		
Tetnig_ENSTNIP00000010655	RefOG060_it20_f0.13	91.0		
Ratnor_ENSRNOP00000075499	RefOG060_it20_f0.13	91.0		
Pantro_ENSPTRP00000061581	RefOG060_it20_f0.13	91.0		
Ratnor_ENSRNOP00000002003	RefOG060_it20_f0.13	91.0		
Drer_ENSDARP00000155072	RefOG060_it20_f0.13	91.0		
Mondom_ENSMODP00000052745	RefOG060_it20_f0.13	91.0		
Galgal_ENSGALP00000035953	RefOG060_it20_f0.13	91.0		
Mondom_ENSMODP00000008198	RefOG060_it20_f0.13	91.0		
Drer_ENSDARP00000025766	RefOG060_it20_f0.13	91.0		
Galgal_ENSGALP00000055002	RefOG060_it20_f0.13	91.0		
Mmus_ENSMUSP00000081334	RefOG060_it20_f0.13	91.0		
Tetnig_ENSTNIP00000010190	RefOG060_it20_f0.13	91.0		
Hsap_ENSP00000409544	RefOG060_it20_f0.13	91.0		
Mmus_ENSMUSP00000054219	RefOG060_it20_f0.13	91.0		
Canfam_ENSCAFP00000039082	RefOG060_it20_f0.13	91.0		
Drer_ENSDARP00000063319	RefOG060_it20_f0.13	91.0		
Drer_ENSDARP00000025285	RefOG060_it20_f0.13	91.0		
Mmus_ENSMUSP00000023154	RefOG060_it20_f0.13	91.0		
Mondom_ENSMODP00000029250	RefOG060_it20_f0.13	91.0		
Tetnig_ENSTNIP00000001528	RefOG060_it20_f0.13	91.0		
Hsap_ENSP00000398017	RefOG060_it20_f0.13	91.0		
Canfam_ENSCAFP00000003703	RefOG060_it20_f0.13	91.0		
Drer_ENSDARP00000090522	RefOG060_it20_f0.13	91.0		
Ratnor_ENSRNOP00000064411	RefOG060_it20_f0.13	91.0		
Hsap_ENSP00000385477	RefOG060_it20_f0.13	91.0		
Drer_ENSDARP00000076279	RefOG060_it20_f0.13	91.0		
Drer_ENSDARP00000118625	RefOG060_it20_f0.13	91.0		
Cint_ENSCINP00000029937	RefOG060_it20_f0.13	91.0		
Cint_ENSCINP00000000852	RefOG060_it20_f0.13	91.0		
Cint_ENSCINP00000013053	RefOG060_it20_f0.13	91.0		
Cint_ENSCINP00000035894	RefOG060_it20_f0.13	91.0		
Cint_ENSCINP00000019620	RefOG060_it20_f0.13	91.0		
Cint_ENSCINP00000025375	RefOG060_it20_f0.13	91.0		
Tetnig_ENSTNIP00000016883	RefOG060_it20_f0.14	100.0		
Drer_ENSDARP00000059091	RefOG060_it20_f0.14	100.0		
Cint_ENSCINP00000026348	RefOG060_it20_f0.15	95.0		
Ratnor_ENSRNOP00000010927	RefOG060_it20_f0.15	95.0		
Pantro_ENSPTRP00000020359	RefOG060_it20_f0.15	95.0		
Canfam_ENSCAFP00000009681	RefOG060_it20_f0.15	95.0		
Tetnig_ENSTNIP00000005488	RefOG060_it20_f0.15	95.0		
Mmus_ENSMUSP00000025092	RefOG060_it20_f0.15	95.0		
Drer_ENSDARP00000027372	RefOG060_it20_f0.15	95.0		
Mondom_ENSMODP00000011371	RefOG060_it20_f0.15	95.0		
Hsap_ENSP00000281961	RefOG060_it20_f0.15	95.0		
Tetnig_ENSTNIP00000008755	RefOG060_it20_f0.16	93.0		
Galgal_ENSGALP00000067675	RefOG060_it20_f0.16	93.0		
Mondom_ENSMODP00000051467	RefOG060_it20_f0.16	93.0		
Galgal_ENSGALP00000045272	RefOG060_it20_f0.17	100.0		
Pantro_ENSPTRP00000021083	RefOG060_it20_f0.17	100.0		
Ratnor_ENSRNOP00000049496	RefOG060_it20_f0.17	100.0		
Mmus_ENSMUSP00000110413	RefOG060_it20_f0.17	100.0		
Canfam_ENSCAFP00000040873	RefOG060_it20_f0.17	100.0		
Hsap_ENSP00000394178	RefOG060_it20_f0.17	100.0		
Mondom_ENSMODP00000002972	RefOG060_it20_f0.17	100.0		
Drer_ENSDARP00000088421	RefOG060_it20_f0.18	100.0		
Tetnig_ENSTNIP00000016686	RefOG060_it20_f0.18	100.0		
Drer_ENSDARP00000108478	RefOG060_it20_f0.19	48.0		
Galgal_ENSGALP00000051095	RefOG060_it20_f0.19	48.0		
Tetnig_ENSTNIP00000010034	RefOG060_it20_f0.20	82.0		
Pantro_ENSPTRP00000064250	RefOG060_it20_f0.20	82.0		
Canfam_ENSCAFP00000037911	RefOG060_it20_f0.20	82.0		
Pantro_ENSPTRP00000075704	RefOG060_it20_f0.20	82.0		
Hsap_ENSP00000456594	RefOG060_it20_f0.20	82.0		
Ratnor_ENSRNOP00000064594	RefOG060_it20_f0.20	82.0		
Galgal_ENSGALP00000041982	RefOG060_it20_f0.20	82.0		
Mondom_ENSMODP00000059717	RefOG060_it20_f0.20	82.0		
Mmus_ENSMUSP00000159180	RefOG060_it20_f0.20	82.0		
Mondom_ENSMODP00000039922	RefOG060_it20_f0.20	82.0		
Drer_ENSDARP00000154510	RefOG060_it20_f0.20	82.0		
Drer_ENSDARP00000025611	RefOG060_it20_f0.21	100.0		
Tetnig_ENSTNIP00000005357	RefOG060_it20_f0.21	100.0		
Drer_ENSDARP00000149686	RefOG060_it20_f0.22	100.0		
Tetnig_ENSTNIP00000004286	RefOG060_it20_f0.22	100.0		
Tetnig_ENSTNIP00000002112	RefOG060_it20_f0.22	100.0		
Drer_ENSDARP00000150812	RefOG060_it20_f0.23	100.0		
Pantro_ENSPTRP00000083992	RefOG060_it20_f0.23	100.0		
Mondom_ENSMODP00000046907	RefOG060_it20_f0.23	100.0		
Hsap_ENSP00000308870	RefOG060_it20_f0.23	100.0		
Pantro_ENSPTRP00000056790	RefOG060_it20_f0.23	100.0		
Tetnig_ENSTNIP00000014713	RefOG060_it20_f0.23	100.0		
Drer_ENSDARP00000138844	RefOG060_it20_f0.24	100.0		
Tetnig_ENSTNIP00000016244	RefOG060_it20_f0.24	100.0		
Mmus_ENSMUSP00000097889	RefOG060_it20_f0.25	18.0		
Drer_ENSDARP00000138308	RefOG060_it20_f0.25	18.0		
Tetnig_ENSTNIP00000008863	RefOG060_it20_f0.25	18.0		
Galgal_ENSGALP00000029552	RefOG060_it20_f0.25	18.0		
Tetnig_ENSTNIP00000013244	RefOG060_it20_f0.25	18.0		
Tetnig_ENSTNIP00000022705	RefOG060_it20_f0.25	18.0		
Drer_ENSDARP00000151858	RefOG060_it20_f0.25	18.0		
Drer_ENSDARP00000076338	RefOG060_it20_f0.25	18.0		
Hsap_ENSP00000299339	RefOG060_it20_f0.25	18.0		
Ratnor_ENSRNOP00000013520	RefOG060_it20_f0.25	18.0		
Canfam_ENSCAFP00000008147	RefOG060_it20_f0.25	18.0		
Mondom_ENSMODP00000052450	RefOG060_it20_f0.25	18.0		
Pantro_ENSPTRP00000010149	RefOG060_it20_f0.25	18.0		
Cint_ENSCINP00000007662	RefOG060_it20_f0.26	1.0		
Nvec_EDO49995	RefOG060_it20_f0.27	1.0		
Cint_ENSCINP00000032749	RefOG060_it20_f0.28	1.0		
Drer_ENSDARP00000129015	RefOG060_it20_f0.29	1.0		
Drer_ENSDARP00000156214	RefOG060_it20_f0.30	1.0		
Galgal_ENSGALP00000051117	RefOG060_it20_f0.31	1.0		
Drer_ENSDARP00000110535	RefOG060_it20_f0.32	1.0		
Cele_WBGene00000524.1	RefOG060_it20_f0.33	1.0		
Drer_ENSDARP00000008656	RefOG060_it20_f0.34	1.0		
